1024 2876655 
1024 5216425 
1024 5350143 
1024 3096736 
1024 3486420 
1024 2815032 
1024 2746251 
1024 2666732 
1024 5616675 
1024 6845669 
1024 5901475 
1024 4897677 
1024 4137858 
1024 4620616 
1024 7286318 
1024 4598968 
1024 4647791 
1024 4805102 
1024 7279774 
1024 2613179 
1024 6393046 
1024 9243245 
1024 7315110 
1024 7020779 
1024 5904156 
1024 2718173 
1024 2282502 
1024 6316753 
1024 8662945 
1024 7503710 
1024 3370364 
1024 7755775 
1024 4210992 
1024 8169700 
1024 4778782 
1024 3027939 
1024 5606037 
1024 3111257 
1024 5262242 
1024 2130817 
1024 2630661 
1024 3642052 
1024 5142715 
1024 7081155 
1024 4474212 
1024 4150556 
1024 7817466 
1024 4203856 
1024 1277428 
1024 9049638 
1024 5746736 
1024 2783314 
1024 2272892 
1024 7164785 
1024 3293669 
1024 7870447 
1024 3405873 
1024 4766420 
1024 2547801 
1024 7539657 
1024 4499384 
1024 7861074 
1024 6415777 
1024 7181340 
1024 5041308 
1024 3859649 
1024 3580805 
1024 3816669 
1024 3095613 
1024 5090721 
1024 2859662 
1024 5381624 
1024 2237764 
1024 2783005 
1024 3778838 
1024 2805678 
1024 6955579 
1024 4255294 
1024 3067123 
1024 2558450 
1024 5908151 
1024 4374258 
1024 4630581 
1024 7684388 
1024 4602134 
1024 3479300 
1024 3335147 
1024 3026510 
1024 3342746 
1024 6399584 
1024 7006405 
1024 3835506 
1024 4629733 
1024 6426568 
1024 5279758 
1024 4375247 
1024 6365110 
1024 6537713 
1024 5625519 
1024 4119909 
1024 4376550 
1024 4930127 
1024 7360125 
1024 6671926 
1024 4801245 
1024 3669303 
1024 4962353 
1024 6080750 
1024 2704857 
1024 2855306 
1024 4955165 
1024 2055265 
1024 3065869 
1024 4240190 
1024 4936668 
1024 3097681 
1024 6144882 
1024 4238540 
1024 3776719 
1024 3386401 
1024 4800685 
1024 6525830 
1024 3716729 
1024 4352873 
1024 3139588 
1024 4484571 
1024 2740144 
1024 5950261 
1024 3446870 
1024 4342822 
1024 3378552 
1024 6817175 
1024 5010963 
1024 4675656 
1024 4238885 
1024 3091548 
1024 7274263 
1024 6725404 
1024 7396422 
1024 4532591 
1024 3997406 
1024 3232212 
1024 6707830 
1024 5909690 
1024 3936943 
1024 3053911 
1024 4696915 
1024 6352154 
1024 4640287 
1024 1912812 
1024 6280820 
1024 5842401 
1024 5902846 
1024 6679517 
1024 4564119 
1024 5211460 
1024 3327798 
1024 2528271 
1024 2496358 
1024 1967359 
1024 4564204 
1024 4039100 
1024 3685998 
1024 5975306 
1024 3815571 
1024 2234063 
1024 6104910 
1024 4312287 
1024 5305696 
1024 5285904 
1024 3176430 
1024 6220844 
1024 2849661 
1024 5293256 
1024 5002459 
1024 7422254 
1024 3866838 
1024 5281462 
1024 4637434 
1024 3596431 
1024 4502402 
1024 4198125 
1024 3205127 
1024 7271022 
1024 3852271 
1024 2472649 
1024 4911892 
1024 4789421 
1024 6134194 
1024 4454461 
1024 2723020 
1024 4697979 
1024 6398135 
1024 2701085 
1024 5435154 
1024 5209929 
1024 3448908 
1024 7412264 
1024 5418706 
1024 2162059 
1024 4406829 
1024 4709550 
1024 4466118 
1024 4899388 
1024 6597205 
1024 4603794 
1024 3272925 
1024 4127787 
1024 3998638 
1024 7059216 
1024 3519248 
1024 3491368 
1024 6953551 
1024 3328198 
1024 2637797 
1024 7737682 
1024 1682279 
1024 3079463 
1024 6596664 
1024 3102023 
1024 4344923 
1024 9048147 
1024 3616136 
1024 2962611 
1024 4409071 
1024 4181768 
1024 3566141 
1024 6140575 
1024 6226943 
1024 2899166 
1024 4987161 
1024 9018624 
1024 4873560 
1024 4254284 
1024 3725688 
1024 3940641 
1024 2713561 
1024 2433313 
1024 3423514 
1024 2329019 
1024 3375694 
1024 4621910 
1024 6120097 
1024 2532464 
1024 3085362 
1024 6265162 
1024 4955723 
1024 5777935 
1024 2680751 
1024 4101810 
1024 1884682 
1024 3424096 
1024 5503159 
1024 4134541 
1024 2545298 
1024 3520682 
1024 3301613 
1024 4383333 
1024 2443364 
1024 2789361 
1024 3610807 
1024 2335876 
1024 8090089 
1024 5582501 
1024 2215552 
1024 3821939 
1024 3134496 
1024 4718545 
1024 2506417 
1024 4387920 
1024 4642830 
1024 2171242 
1024 7066544 
1024 3152186 
1024 1858319 
1024 3000374 
1024 4493672 
1024 7004552 
1024 5338822 
1024 4395230 
1024 5089458 
1024 4620664 
1024 5995647 
1024 4745311 
1024 4634759 
1024 4393098 
1024 4032123 
1024 2884101 
1024 5259512 
1024 9166132 
1024 3872512 
1024 2986249 
1024 2351138 
1024 3352022 
1024 5113032 
1024 3684206 
1024 4294973 
1024 3257647 
1024 3866374 
1024 4667019 
1024 5627764 
1024 3525333 
1024 2576035 
1024 4553022 
1024 6520613 
1024 4188143 
1024 3186707 
1024 2897356 
1024 6420566 
1024 5109575 
1024 6852275 
1024 7127368 
1024 4347404 
1024 1848253 
1024 4098818 
1024 6832176 
1024 6644289 
1024 3235201 
1024 6789549 
1024 6555030 
1024 4480918 
1024 8402619 
1024 5415053 
1024 4614559 
1024 4479674 
1024 3163557 
1024 2415221 
1024 4895747 
1024 2940351 
1024 2037949 
1024 5485061 
1024 3108418 
1024 2405969 
1024 4929163 
1024 8791185 
1024 5233347 
1024 5251739 
1024 2949262 
1024 4628950 
1024 4853774 
1024 4837744 
1024 7663466 
1024 4041297 
1024 2563004 
1024 4499216 
1024 5156278 
1024 3641134 
1024 6111094 
1024 1515225 
1024 4544331 
1024 2404854 
1024 6955085 
1024 4748393 
1024 2919697 
1024 6951834 
1024 4981944 
1024 2320119 
1024 4375133 
1024 3882628 
1024 2784239 
1024 4578738 
1024 3200224 
1024 6174549 
1024 4051070 
1024 2665866 
1024 2321204 
1024 7563120 
1024 5853084 
1024 5516031 
1024 2617047 
1024 4505544 
1024 3003936 
1024 2674474 
1024 6805123 
1024 4684625 
1024 3090616 
1024 1955690 
1024 3866457 
1024 4250829 
1024 3574125 
1024 4684986 
1024 3258044 
1024 6703645 
1024 4369676 
1024 4540115 
1024 3325596 
1024 4691297 
1024 3743053 
1024 4564219 
1024 1899080 
1024 4321408 
1024 4576761 
1024 2389829 
1024 5305377 
1024 2045469 
1024 3004961 
1024 2227942 
1024 6572663 
1024 6214457 
1024 4455279 
1024 6237555 
1024 5247628 
1024 8491628 
1024 3644936 
1024 3091704 
1024 3861010 
1024 7224636 
1024 3441320 
1024 2734755 
1024 6149830 
1024 3185677 
1024 2439396 
1024 5010376 
1024 6349956 
1024 5617184 
1024 4023825 
1024 3565452 
1024 3781439 
1024 3137485 
1024 2946066 
1024 6449116 
1024 10062783 
1024 4225151 
1024 5033111 
1024 3137823 
1024 2030900 
1024 7278875 
1024 3387013 
1024 7613920 
1024 5615030 
1024 2916143 
1024 2780516 
1024 3579611 
1024 3370154 
1024 4184665 
1024 4619113 
1024 4385652 
1024 4215165 
1024 3316536 
1024 5075642 
1024 5414901 
1024 5913404 
1024 6241611 
1024 3565409 
1024 3582440 
1024 4747831 
1024 3730005 
1024 5440756 
1024 5615109 
1024 4755739 
1024 2476266 
1024 2590264 
1024 4923163 
1024 4298746 
1024 3485205 
1024 3422258 
1024 7980538 
1024 2797469 
1024 4423229 
1024 2803766 
1024 3309340 
1024 2928813 
1024 4264821 
1024 4666975 
1024 6152992 
1024 2712933 
1024 5067334 
1024 5823305 
1024 2734937 
1024 3337242 
1024 4557035 
1024 2793318 
1024 4473280 
1024 4337974 
1024 5615533 
1024 6049243 
1024 4618746 
1024 3211247 
1024 3703235 
1024 3998868 
1024 2393134 
1024 2566556 
1024 3185422 
1024 2656886 
1024 3169946 
1024 6418305 
1024 6616128 
1024 5814040 
1024 4738745 
1024 2718319 
1024 1547101 
1024 2021041 
1024 3790651 
1024 5053473 
1024 3363342 
1024 6032916 
1024 4367957 
1024 3161453 
1024 4385159 
1024 5706847 
1024 6319796 
1024 4448389 
1024 2802204 
1024 3000743 
1024 3150482 
1024 4475099 
1024 4445684 
1024 2585784 
1024 4087627 
1024 4213960 
1024 4587726 
1024 3487540 
1024 3658237 
1024 6272048 
1024 3843339 
1024 5664254 
1024 4568661 
1024 5083891 
1024 4402259 
1024 3180569 
1024 5401406 
1024 5216914 
1024 8423650 
1024 6476597 
1024 3040557 
1024 3295774 
1024 4418751 
1024 4148316 
1024 2387789 
1024 4497419 
1024 3317013 
1024 2189708 
1024 3678603 
1024 2963838 
1024 1767110 
1024 4728750 
1024 4146299 
1024 8695832 
1024 4688876 
1024 7404592 
1024 3199298 
1024 5871470 
1024 3617307 
1024 6256201 
1024 1679673 
1024 5455225 
1024 3914432 
1024 2387369 
1024 6181312 
1024 4445841 
1024 4484200 
1024 3752786 
1024 3209487 
1024 4700759 
1024 7282751 
1024 5211578 
1024 9163181 
1024 2269052 
1024 8154189 
1024 4378571 
1024 2540392 
1024 6257009 
1024 3135752 
1024 3215690 
1024 4408394 
1024 8229201 
1024 5339003 
1024 4071533 
1024 4179561 
1024 4302251 
1024 3898767 
1024 2396698 
1024 6537035 
1024 3738572 
1024 3742020 
1024 2548565 
1024 4344747 
1024 4754789 
1024 10899456 
1024 6375109 
1024 3982262 
1024 7077431 
1024 4332442 
1024 1175856 
1024 4595397 
1024 3814455 
1024 7075548 
1024 3706925 
1024 6843894 
1024 5349639 
1024 4961700 
1024 3349834 
1024 2765953 
1024 2945307 
1024 2922479 
1024 11178363 
1024 2698233 
1024 3786306 
1024 4470188 
1024 4187045 
1024 2598393 
1024 3456474 
1024 4148845 
1024 8413322 
1024 6969130 
1024 6411741 
1024 6818222 
1024 3868918 
1024 4599021 
1024 4942380 
1024 3887545 
1024 2652643 
1024 3432504 
1024 4721645 
1024 4967771 
1024 3231237 
1024 2067443 
1024 6306080 
1024 2909728 
1024 5417886 
1024 3950750 
1024 4497735 
1024 4127808 
1024 4456310 
1024 3239698 
1024 10201687 
1024 4137474 
1024 5835074 
1024 2600285 
1024 4749239 
1024 5220076 
1024 2236055 
1024 7836220 
1024 6132962 
1024 3387367 
1024 7244473 
1024 5995788 
1024 2611379 
1024 4897239 
1024 2932878 
1024 3033098 
1024 5591710 
1024 4303328 
1024 2929955 
1024 3505595 
1024 5986952 
1024 4121508 
1024 3408665 
1024 3474610 
1024 2944144 
1024 1964088 
1024 6370916 
1024 6410813 
1024 4833666 
1024 4151586 
1024 4258798 
1024 7994121 
1024 4312548 
1024 2446488 
1024 4489033 
1024 3098220 
1024 5759929 
1024 2827138 
1024 3142261 
1024 4870904 
1024 4367523 
1024 6829756 
1024 2707753 
1024 5059016 
1024 5786069 
1024 5303097 
1024 2989803 
1024 5197830 
1024 4161394 
1024 6501333 
1024 4740643 
1024 6488090 
1024 2965005 
1024 2951023 
1024 3394850 
1024 5876871 
1024 1835559 
1024 3076471 
1024 6679994 
1024 6242460 
1024 2500265 
1024 2767646 
1024 4462726 
1024 3346492 
1024 5400231 
1024 3303899 
1024 3145762 
1024 3177824 
1024 2505979 
1024 8503852 
1024 4816282 
1024 3661872 
1024 3147238 
1024 2366377 
1024 3822265 
1024 3330046 
1024 3329901 
1024 3150815 
1024 6917021 
1024 5351649 
1024 3357986 
1024 5923355 
1024 8538255 
1024 3055982 
1024 5368410 
1024 3373513 
1024 2915526 
1024 1282454 
1024 4141976 
1024 4267976 
1024 3871662 
1024 6199576 
1024 3270449 
1024 2598322 
1024 7483787 
1024 4022363 
1024 7639595 
1024 3389554 
1024 3058881 
1024 4510008 
1024 5305094 
1024 2409710 
1024 3875574 
1024 3817635 
1024 2457841 
1024 6562421 
1024 4874771 
1024 3299379 
1024 4791734 
1024 4516644 
1024 4508997 
1024 3709696 
1024 4271923 
1024 4605889 
1024 6299586 
1024 4702732 
1024 3478050 
1024 3928530 
1024 5506368 
1024 4324606 
1024 4512164 
1024 3315080 
1024 2174377 
1024 1354584 
1024 6654220 
1024 3261692 
1024 2212840 
1024 6360171 
1024 6356194 
1024 3212790 
1024 5889247 
1024 3881242 
1024 6896765 
1024 3556348 
1024 2561824 
1024 2566735 
1024 6188867 
1024 4851928 
1024 2617414 
1024 4493323 
1024 3431244 
1024 5172509 
1024 4764597 
1024 6253656 
1024 3363002 
1024 4736167 
1024 2677177 
1024 4475095 
1024 2838852 
1024 6906926 
1024 4544288 
1024 2473069 
1024 1957840 
1024 4135998 
1024 9598867 
1024 8926486 
1024 6601894 
1024 7388836 
1024 6566358 
1024 4193743 
1024 3178458 
1024 3666623 
1024 3819436 
1024 3911025 
1024 5589839 
1024 4037455 
1024 6060572 
1024 4369657 
1024 2310714 
1024 2715447 
1024 3025729 
1024 6960045 
1024 6719416 
1024 2814161 
1024 4236504 
1024 3962736 
1024 2961930 
1024 2960886 
1024 4726802 
1024 4119654 
1024 4336116 
1024 4828519 
1024 2276952 
1024 3845141 
1024 8887058 
1024 4482820 
1024 2294729 
1024 6756995 
1024 3905856 
1024 6508074 
1024 3287766 
1024 3029109 
1024 6017816 
1024 3997758 
1024 4890223 
1024 5712561 
1024 6698279 
1024 5751983 
1024 3084403 
1024 3174506 
1024 5465454 
1024 7374129 
1024 3299992 
1024 2154350 
1024 3830000 
1024 3866018 
1024 4879534 
1024 3764960 
1024 3094624 
1024 5874405 
1024 3391763 
1024 6109028 
1024 2992262 
1024 3975570 
1024 3041085 
1024 4064600 
1024 2717250 
1024 2636016 
1024 7156701 
1024 4178772 
1024 3181292 
1024 9037485 
1024 3473894 
1024 6789584 
1024 3550089 
1024 4284427 
1024 3112355 
1024 4662550 
1024 4164343 
1024 2853395 
1024 2917235 
1024 1811489 
1024 4650249 
1024 4164997 
1024 3836811 
1024 3040687 
1024 4243646 
1024 4550403 
1024 1851962 
1024 1511607 
1024 3618968 
1024 5234617 
1024 7459412 
1024 6080666 
1024 4694860 
1024 4944599 
1024 4495252 
1024 4284168 
1024 6424497 
1024 5988029 
1024 5796669 
1024 4879687 
1024 3525711 
1024 4737016 
1024 3333863 
1024 10216874 
1024 5978627 
1024 6524544 
1024 2584435 
1024 3620276 
1024 4695269 
1024 5468820 
1024 3855909 
1024 4284203 
1024 6955962 
1024 3758829 
1024 3370512 
1024 5158174 
1024 4188508 
1024 6164947 
1024 2399480 
1024 5018081 
1024 4293109 
1024 6690076 
1024 5341836 
1024 4926401 
1024 4814508 
1024 1843849 
1024 3113412 
1024 3408189 
1024 4312878 
1024 4136485 
1024 2296493 
1024 6472193 
1024 6047784 
1024 2000726 
1024 7533059 
1024 6374180 
1024 4489607 
1024 4857530 
1024 5385493 
1024 2837871 
1024 6665045 
1024 3496304 
1024 3338474 
1024 4613908 
1024 4205560 
1024 2818150 
1024 9850525 
1024 2496587 
1024 4212184 
1024 5866774 
1024 3566261 
1024 5065499 
1024 4554946 
1024 3235614 
1024 4095476 
1024 3923112 
1024 4409853 
1024 3315055 
1024 4816744 
1024 4274774 
1024 5129901 
1024 3873734 
1024 2384907 
1024 2733699 
1024 4590673 
1024 3417462 
1024 2994156 
1024 3037429 
1024 2322879 
1024 6093459 
1024 4748307 
1024 4061171 
1024 4182931 
1024 5924398 
1024 4744374 
1024 4452476 
1024 4526862 
1024 4335533 
1024 2190735 
1024 4922919 
1024 8023453 
1024 5275365 
1024 4492438 
1024 5252320 
1024 3695701 
1024 3884112 
1024 4079805 
1024 3955236 
1024 3024642 
1024 6087541 
1024 2623751 
1024 4111748 
1024 7163585 
1024 5489107 
1024 6926186 
1024 3632050 
1024 6659595 
1024 4483596 
1024 5703250 
1024 3525483 
1024 2632193 
1024 2431043 
1024 5452376 
1024 3828046 
1024 4828887 
1024 5837863 
1024 3019485 
1024 4381996 
1024 2295758 
1024 3179074 
1024 3114616 
1024 3163542 
1024 3230205 
1024 2504944 
1024 4042010 
1024 3208447 
1024 5619349 
1024 4612725 
1024 6209500 
1024 5862114 
1024 3224766 
1024 5168531 
1024 4001033 
