64 2985191 
64 5021888 
64 4661338 
64 3175680 
64 3483597 
64 2925074 
64 2750372 
64 2710714 
64 5093602 
64 6281031 
64 5507741 
64 4856104 
64 3980268 
64 4324592 
64 6270425 
64 3911229 
64 4088111 
64 4181145 
64 6573564 
64 3051487 
64 6290934 
64 8112320 
64 6642952 
64 7111662 
64 4902861 
64 3049410 
64 2412661 
64 5231820 
64 8574804 
64 6689605 
64 2963356 
64 8089200 
64 3940159 
64 7913681 
64 4338166 
64 3039447 
64 6172826 
64 3186312 
64 5350176 
64 1812630 
64 2558050 
64 3562682 
64 4552691 
64 6399040 
64 4241476 
64 3869770 
64 4940611 
64 4361723 
64 1696981 
64 9879334 
64 5837355 
64 3075160 
64 2818428 
64 3839871 
64 2822415 
64 4664150 
64 3353248 
64 4135768 
64 3092032 
64 5965006 
64 4624330 
64 7313127 
64 5445090 
64 6306123 
64 5031806 
64 4076545 
64 2889439 
64 3662277 
64 3004166 
64 4984614 
64 3025365 
64 4036673 
64 2251556 
64 2893839 
64 4359186 
64 2985529 
64 4274466 
64 4239226 
64 2504588 
64 2163113 
64 4907917 
64 4352346 
64 4752645 
64 6651731 
64 4553294 
64 3288078 
64 2244165 
64 2751990 
64 3201777 
64 6133167 
64 7227921 
64 4187346 
64 4684803 
64 6324957 
64 4405157 
64 3846957 
64 6050840 
64 6281850 
64 4358813 
64 3942231 
64 3941851 
64 4435347 
64 4976309 
64 5788054 
64 3998666 
64 3167582 
64 5669269 
64 6213084 
64 2734928 
64 2766179 
64 4692640 
64 2353675 
64 2622608 
64 4581755 
64 4909795 
64 3347567 
64 6090607 
64 4152925 
64 3760464 
64 3012452 
64 4550515 
64 5460993 
64 3459907 
64 4587538 
64 2683630 
64 4526658 
64 2782930 
64 5111401 
64 3514533 
64 3273073 
64 3478637 
64 5639628 
64 4382514 
64 4580300 
64 3422636 
64 3194111 
64 6158608 
64 5112563 
64 6545471 
64 4204758 
64 3406156 
64 2827854 
64 6615451 
64 8214052 
64 2973605 
64 2542559 
64 4299603 
64 5836460 
64 4719110 
64 1984141 
64 6173566 
64 5384328 
64 5522984 
64 6480620 
64 4880734 
64 5117122 
64 3423322 
64 2793964 
64 2938228 
64 2068856 
64 3742622 
64 4220330 
64 3516253 
64 5787959 
64 4489569 
64 2148617 
64 6166314 
64 4273999 
64 4730495 
64 5900278 
64 3224095 
64 6259320 
64 3127352 
64 5240805 
64 4991813 
64 7521766 
64 3961148 
64 3855565 
64 4195621 
64 3758042 
64 4535197 
64 4019407 
64 2872346 
64 6629305 
64 3888716 
64 2506144 
64 4835150 
64 4508496 
64 5905761 
64 4426610 
64 2282224 
64 4354550 
64 5859626 
64 2235233 
64 5712452 
64 6585136 
64 3414789 
64 8833171 
64 4904462 
64 2124323 
64 4053687 
64 4600808 
64 4477448 
64 3840090 
64 7399447 
64 4541667 
64 4168653 
64 3490537 
64 3282354 
64 7036367 
64 3200683 
64 3283822 
64 5963911 
64 3237964 
64 2853349 
64 6841217 
64 1649679 
64 3253819 
64 6568743 
64 3240195 
64 4963704 
64 8506018 
64 4216438 
64 3301663 
64 4216368 
64 4939454 
64 3682261 
64 6491661 
64 4786095 
64 2918444 
64 4552034 
64 5063860 
64 5014396 
64 4858629 
64 3615391 
64 3636334 
64 2705846 
64 2811686 
64 3307896 
64 2680922 
64 3523583 
64 4486051 
64 4817776 
64 2874599 
64 3216689 
64 7229319 
64 4617130 
64 4845925 
64 2556613 
64 4385237 
64 1889625 
64 3008450 
64 5259361 
64 4164497 
64 2803023 
64 4406796 
64 3900835 
64 4267130 
64 3048919 
64 2906736 
64 4024606 
64 2691092 
64 6826038 
64 5924692 
64 2784618 
64 4267214 
64 3099304 
64 4254555 
64 2727942 
64 4206377 
64 4141227 
64 2392966 
64 6270323 
64 3400484 
64 2106105 
64 3030481 
64 4130380 
64 6836193 
64 5051598 
64 4608413 
64 5003486 
64 4040625 
64 5692563 
64 4977314 
64 4372806 
64 4487337 
64 4196486 
64 2550578 
64 4711259 
64 9618948 
64 3874097 
64 2641515 
64 2580372 
64 3559129 
64 4736584 
64 3264645 
64 4640211 
64 3674880 
64 4535848 
64 3705100 
64 4866804 
64 3388603 
64 3016513 
64 4963027 
64 6079633 
64 5266305 
64 3311417 
64 2941195 
64 5965979 
64 4450916 
64 7860554 
64 6467365 
64 3229171 
64 2025999 
64 3673651 
64 6722216 
64 6654203 
64 3200293 
64 6261696 
64 5800008 
64 4530758 
64 8167012 
64 5128279 
64 4722401 
64 4610776 
64 2965731 
64 2690387 
64 5672616 
64 2462908 
64 2219286 
64 5510785 
64 3189276 
64 2459920 
64 4293522 
64 7632450 
64 4854235 
64 5137141 
64 3035417 
64 4512859 
64 5063625 
64 4778972 
64 8111866 
64 4123044 
64 2717987 
64 4818933 
64 4894625 
64 4201533 
64 5772006 
64 1894819 
64 4670934 
64 2698757 
64 6582810 
64 5266302 
64 3094276 
64 6743723 
64 4953031 
64 2375583 
64 4469142 
64 4588685 
64 2871558 
64 4453555 
64 2919328 
64 7247005 
64 4008646 
64 3318435 
64 3224628 
64 6468816 
64 5909095 
64 5430578 
64 2849524 
64 4411784 
64 3006873 
64 2909270 
64 6352663 
64 4361350 
64 3379834 
64 2252468 
64 3324849 
64 3730679 
64 3433330 
64 3996890 
64 3035449 
64 5929847 
64 4249295 
64 4438405 
64 2903400 
64 4486644 
64 4128643 
64 4801455 
64 1846109 
64 5243183 
64 4184574 
64 2193208 
64 5740321 
64 2034082 
64 3150606 
64 2267477 
64 6846005 
64 6319051 
64 3355217 
64 5302288 
64 5229897 
64 8083777 
64 4269949 
64 3038994 
64 3877207 
64 6973541 
64 3447272 
64 2545841 
64 6048770 
64 2521679 
64 2669193 
64 4522334 
64 4671669 
64 4966564 
64 3324586 
64 3542087 
64 3697584 
64 3724231 
64 3324024 
64 6736707 
64 8957780 
64 3626968 
64 4832521 
64 3379754 
64 1948064 
64 7084021 
64 3075542 
64 6697777 
64 6565587 
64 2359705 
64 2910328 
64 3865518 
64 3259203 
64 4273103 
64 5033531 
64 4531101 
64 3810571 
64 3088196 
64 5108894 
64 4633855 
64 5015368 
64 6301226 
64 3257836 
64 3887269 
64 4772106 
64 3843125 
64 5828092 
64 5007760 
64 3697816 
64 2681052 
64 2371381 
64 4913172 
64 3936346 
64 3227721 
64 2575922 
64 7539259 
64 3347473 
64 4340729 
64 2722791 
64 3392046 
64 2291043 
64 4571187 
64 5746961 
64 6566954 
64 2867718 
64 5360876 
64 5454866 
64 2789155 
64 3661578 
64 3696978 
64 2618708 
64 4451024 
64 3621690 
64 5426855 
64 5851756 
64 4015701 
64 2898754 
64 3971054 
64 4030434 
64 2572509 
64 2325594 
64 3179942 
64 2986081 
64 2965876 
64 5951327 
64 7036296 
64 4775442 
64 4636022 
64 3025838 
64 1746117 
64 1835786 
64 3395520 
64 5180567 
64 2915822 
64 5071704 
64 4435489 
64 3188634 
64 4508462 
64 5464566 
64 5352634 
64 4522045 
64 3279650 
64 2301339 
64 3087378 
64 4430724 
64 4264165 
64 2649090 
64 4198559 
64 4614910 
64 4871163 
64 3469551 
64 3873058 
64 5863198 
64 4446576 
64 6261095 
64 4745503 
64 5370531 
64 4834530 
64 3275796 
64 4893632 
64 5005552 
64 8837429 
64 5641355 
64 3064684 
64 3690718 
64 4409351 
64 3498798 
64 2472082 
64 4334238 
64 3398127 
64 2361918 
64 3646118 
64 2734436 
64 2082205 
64 4535177 
64 3324067 
64 8886740 
64 4525093 
64 6331194 
64 3187460 
64 4923703 
64 3014207 
64 6905570 
64 2090712 
64 5492792 
64 3867591 
64 2555593 
64 6047596 
64 4257722 
64 4262299 
64 3920822 
64 2989530 
64 4582685 
64 6024163 
64 4859164 
64 8791262 
64 2828771 
64 6495629 
64 4820385 
64 2702086 
64 5335633 
64 3206907 
64 3040288 
64 4289560 
64 7976667 
64 4092006 
64 4122483 
64 4023500 
64 3970594 
64 4173874 
64 2218473 
64 6300019 
64 3961736 
64 3855569 
64 2702525 
64 4512880 
64 3747608 
64 9865319 
64 5803846 
64 3376405 
64 7537783 
64 3638936 
64 1221076 
64 3760336 
64 3748672 
64 6513898 
64 3757588 
64 7345374 
64 5786622 
64 4619137 
64 3807868 
64 2356605 
64 3393114 
64 3102993 
64 10472059 
64 2635033 
64 3999633 
64 4143398 
64 3985441 
64 3153709 
64 3587994 
64 4367259 
64 8179110 
64 6691620 
64 5116702 
64 6808598 
64 4039030 
64 3919372 
64 4809274 
64 4232468 
64 2546108 
64 2571992 
64 4439869 
64 5391154 
64 3429927 
64 2246019 
64 6558437 
64 2935281 
64 4556958 
64 3726172 
64 4797361 
64 3611014 
64 4561297 
64 3500865 
64 10359365 
64 4511170 
64 5848527 
64 2927047 
64 3980595 
64 5109619 
64 2185874 
64 7267084 
64 6638703 
64 3343873 
64 6539151 
64 6302972 
64 2887640 
64 4568445 
64 2573461 
64 3529120 
64 5640433 
64 3911235 
64 2634655 
64 3860275 
64 4863085 
64 4447830 
64 4052766 
64 3643399 
64 3220023 
64 2250460 
64 5612909 
64 5908571 
64 5480317 
64 4358493 
64 4165876 
64 7217065 
64 4522335 
64 2739579 
64 4787961 
64 2909338 
64 5714166 
64 2666500 
64 2716844 
64 4426047 
64 3645953 
64 5578898 
64 2365198 
64 5360835 
64 5315039 
64 5487083 
64 2947249 
64 5221943 
64 3980519 
64 6133529 
64 4380662 
64 6510366 
64 3119523 
64 3588362 
64 3282413 
64 5600364 
64 2270940 
64 2942770 
64 6377960 
64 5950304 
64 2314298 
64 2417565 
64 4353975 
64 3354073 
64 5068315 
64 3517845 
64 3056185 
64 3102649 
64 2419127 
64 8078255 
64 4729738 
64 3756998 
64 2468969 
64 2473870 
64 4284225 
64 3536393 
64 2472179 
64 3283408 
64 6710720 
64 5339305 
64 3349800 
64 5979713 
64 6964917 
64 3090393 
64 4907654 
64 3218695 
64 3190335 
64 1192220 
64 4386115 
64 4344744 
64 3812603 
64 5696096 
64 3434149 
64 2752615 
64 6491704 
64 4258269 
64 7024205 
64 3041482 
64 2663375 
64 3407078 
64 4848127 
64 2196394 
64 3400799 
64 3437060 
64 2950929 
64 5433950 
64 4446069 
64 3685491 
64 4796889 
64 4274029 
64 5049111 
64 3869098 
64 4207679 
64 4575238 
64 6024923 
64 4605204 
64 3527669 
64 3640924 
64 5620876 
64 4654813 
64 4681357 
64 3265992 
64 2253319 
64 1592109 
64 6060022 
64 3347581 
64 2034966 
64 6408936 
64 6624408 
64 3050727 
64 5955731 
64 3375327 
64 6225043 
64 3800924 
64 2461314 
64 2389181 
64 5044508 
64 5159866 
64 2554802 
64 3724605 
64 3690210 
64 5168644 
64 5067351 
64 5768313 
64 3457123 
64 4428801 
64 2650224 
64 4114901 
64 3441749 
64 6780892 
64 4606591 
64 2798490 
64 2079874 
64 4237045 
64 8347548 
64 7502886 
64 6102658 
64 5782562 
64 6084751 
64 4127058 
64 2969386 
64 3886170 
64 3905969 
64 4123008 
64 4928868 
64 3471843 
64 6125344 
64 4526035 
64 2120748 
64 2080314 
64 3214328 
64 6578176 
64 5397351 
64 2987752 
64 4515677 
64 4633255 
64 2878197 
64 3251860 
64 4379908 
64 3847134 
64 3894920 
64 4579051 
64 2459646 
64 4346018 
64 9927275 
64 4387216 
64 2638621 
64 5616100 
64 3848202 
64 6143846 
64 3368735 
64 3088844 
64 6005361 
64 3838877 
64 5078118 
64 5865857 
64 6478561 
64 5825088 
64 3215361 
64 3288284 
64 5656561 
64 6494027 
64 3179624 
64 2290062 
64 3657939 
64 4144408 
64 4912596 
64 4199749 
64 2944401 
64 6586170 
64 3493091 
64 5912254 
64 3075076 
64 4261683 
64 2434059 
64 4493026 
64 2790035 
64 2811196 
64 7233703 
64 3679514 
64 3092156 
64 7985107 
64 3496390 
64 6329473 
64 3412786 
64 4275109 
64 3214244 
64 3933490 
64 4040520 
64 3097350 
64 3139450 
64 1988074 
64 4627976 
64 4110809 
64 4212925 
64 2778537 
64 3679631 
64 4978955 
64 1921552 
64 1558034 
64 3572879 
64 4998609 
64 8230947 
64 6698620 
64 4769696 
64 4788476 
64 4013526 
64 4661468 
64 5595517 
64 5918028 
64 6344018 
64 5441334 
64 3003313 
64 4499910 
64 3167692 
64 9874771 
64 5812360 
64 5300598 
64 2831718 
64 3747086 
64 4746199 
64 5236658 
64 3888685 
64 4356282 
64 6382060 
64 4059849 
64 3597694 
64 5448584 
64 4002842 
64 5308061 
64 2987956 
64 5018520 
64 4843010 
64 6373195 
64 5220949 
64 4378976 
64 4880217 
64 2187741 
64 3053712 
64 3657696 
64 4110511 
64 3863161 
64 2655750 
64 7127266 
64 4951415 
64 2177589 
64 6745996 
64 6672445 
64 4011550 
64 3976417 
64 6048617 
64 3164120 
64 6698977 
64 3589977 
64 3242337 
64 4454252 
64 4305043 
64 2944088 
64 8699271 
64 2835701 
64 4381529 
64 5183770 
64 3423107 
64 4236004 
64 4346154 
64 3586609 
64 4519659 
64 3344112 
64 4242667 
64 4269255 
64 3587113 
64 4169777 
64 4810278 
64 4834051 
64 2472791 
64 2688401 
64 4512834 
64 3713379 
64 2999616 
64 2544526 
64 2437450 
64 5173925 
64 4217891 
64 3931700 
64 4281810 
64 6135968 
64 4165258 
64 4470461 
64 4231465 
64 4657643 
64 2196806 
64 5376656 
64 8732906 
64 5601442 
64 3655430 
64 4933388 
64 4084182 
64 4240260 
64 3816984 
64 4244932 
64 3673164 
64 5847357 
64 2650479 
64 4050436 
64 6907843 
64 5608645 
64 6288794 
64 4200282 
64 5968236 
64 4308695 
64 6009712 
64 2986027 
64 3060509 
64 2328305 
64 4401131 
64 4738242 
64 5077152 
64 5813644 
64 2839766 
64 4046992 
64 2160317 
64 3446596 
64 3041809 
64 2793486 
64 3278892 
64 2681741 
64 3658945 
64 3073146 
64 4855879 
64 3679737 
64 6946523 
64 4725226 
64 3565244 
64 5026331 
64 4278817 
