2048 2807613 
2048 5665618 
2048 4789090 
2048 2846777 
2048 3345097 
2048 2804459 
2048 2811891 
2048 2567963 
2048 5291195 
2048 6180106 
2048 5843111 
2048 4924043 
2048 4067838 
2048 4117056 
2048 6815780 
2048 4074485 
2048 3700494 
2048 3894882 
2048 6115965 
2048 2711259 
2048 6153943 
2048 8040042 
2048 7958538 
2048 6857122 
2048 5366702 
2048 2389050 
2048 2204459 
2048 5712330 
2048 8106274 
2048 6404119 
2048 2899808 
2048 7583893 
2048 4682806 
2048 7485000 
2048 6115584 
2048 2829067 
2048 5708344 
2048 3289280 
2048 5176314 
2048 1894419 
2048 2942444 
2048 3255391 
2048 4077344 
2048 6157399 
2048 3748065 
2048 3944326 
2048 5219883 
2048 4756850 
2048 1209281 
2048 9252044 
2048 6858192 
2048 2569312 
2048 2017057 
2048 3689305 
2048 2935194 
2048 5049813 
2048 3479736 
2048 3861076 
2048 2644383 
2048 5729881 
2048 5038193 
2048 7787716 
2048 5504004 
2048 6331042 
2048 5036817 
2048 3741691 
2048 2726248 
2048 3796688 
2048 2345426 
2048 4919844 
2048 2913729 
2048 4917729 
2048 2280623 
2048 2629847 
2048 4164730 
2048 2646620 
2048 3707022 
2048 3743960 
2048 2592112 
2048 1931192 
2048 5358764 
2048 4264394 
2048 4446171 
2048 7309569 
2048 3618246 
2048 3184595 
2048 2386155 
2048 2499523 
2048 3074102 
2048 5987877 
2048 6850008 
2048 4244820 
2048 4212860 
2048 5872482 
2048 4377923 
2048 3414236 
2048 6909934 
2048 6767986 
2048 4203582 
2048 4263070 
2048 3678194 
2048 4066765 
2048 4618606 
2048 5666278 
2048 3990815 
2048 3435590 
2048 6040395 
2048 5949165 
2048 2767953 
2048 2836910 
2048 4871617 
2048 2168348 
2048 2576273 
2048 4041023 
2048 5132837 
2048 3389618 
2048 5433959 
2048 4309158 
2048 3521176 
2048 2729765 
2048 5350470 
2048 6510473 
2048 3080203 
2048 4381271 
2048 2687916 
2048 4518359 
2048 3032427 
2048 5461535 
2048 3312241 
2048 3079318 
2048 3173056 
2048 5744807 
2048 3954453 
2048 3606805 
2048 3122292 
2048 3299686 
2048 6593345 
2048 5250830 
2048 6397699 
2048 4308601 
2048 3469245 
2048 2423903 
2048 7417491 
2048 6157331 
2048 3486453 
2048 2539084 
2048 4177072 
2048 5600986 
2048 4724718 
2048 1720993 
2048 5679001 
2048 5147889 
2048 5700752 
2048 6504489 
2048 4399262 
2048 5251449 
2048 3246129 
2048 2657906 
2048 2557119 
2048 2004730 
2048 3721259 
2048 3891715 
2048 3546569 
2048 5626916 
2048 3944476 
2048 1975509 
2048 6477068 
2048 4896395 
2048 5061774 
2048 5404449 
2048 3074203 
2048 6746173 
2048 2810226 
2048 5634297 
2048 4534941 
2048 7287125 
2048 4005651 
2048 3701098 
2048 4474482 
2048 3396579 
2048 5053586 
2048 4140465 
2048 3249490 
2048 6760837 
2048 3779345 
2048 4118020 
2048 5226391 
2048 4152147 
2048 5062101 
2048 4476178 
2048 2605067 
2048 4507697 
2048 5764534 
2048 2251486 
2048 5918976 
2048 4558698 
2048 3389562 
2048 7663439 
2048 5110871 
2048 2022256 
2048 4213360 
2048 4663225 
2048 4395821 
2048 3922799 
2048 5668449 
2048 4564241 
2048 3338177 
2048 3805984 
2048 3611540 
2048 7058246 
2048 3117874 
2048 3832820 
2048 6292836 
2048 3161821 
2048 2533408 
2048 7050994 
2048 1470262 
2048 3267933 
2048 7401101 
2048 3047242 
2048 4408847 
2048 8126934 
2048 3780737 
2048 2502894 
2048 4079999 
2048 4475497 
2048 3526981 
2048 5661678 
2048 5374071 
2048 2771819 
2048 4273607 
2048 5045828 
2048 4875877 
2048 4469049 
2048 3422100 
2048 3525022 
2048 2745460 
2048 2480795 
2048 3247146 
2048 2418349 
2048 3381042 
2048 5205117 
2048 4753476 
2048 2502694 
2048 3571072 
2048 6396130 
2048 4668470 
2048 5056354 
2048 2873156 
2048 3826763 
2048 1919408 
2048 3367522 
2048 5279952 
2048 4648956 
2048 2363147 
2048 3470163 
2048 3114979 
2048 3955405 
2048 2330769 
2048 2901967 
2048 4090057 
2048 2373563 
2048 6783125 
2048 5789134 
2048 2140462 
2048 4214562 
2048 3131120 
2048 3793105 
2048 2413121 
2048 4779049 
2048 4082481 
2048 2278532 
2048 6094039 
2048 3232855 
2048 1789839 
2048 2970399 
2048 4662344 
2048 7265580 
2048 4644089 
2048 4343755 
2048 5046645 
2048 4131307 
2048 6289668 
2048 4875934 
2048 4923209 
2048 4522391 
2048 3966628 
2048 2118107 
2048 4934842 
2048 9233665 
2048 3919833 
2048 2892638 
2048 2561168 
2048 3488653 
2048 4668024 
2048 3276934 
2048 4289044 
2048 3511319 
2048 4383121 
2048 3782478 
2048 4956440 
2048 3169952 
2048 2520670 
2048 4506325 
2048 7012416 
2048 4149736 
2048 3182228 
2048 3286686 
2048 5754869 
2048 3957845 
2048 6829480 
2048 7017079 
2048 3854636 
2048 1910515 
2048 4312254 
2048 7164747 
2048 6536908 
2048 3408721 
2048 6459939 
2048 5848678 
2048 3822302 
2048 8563638 
2048 5342511 
2048 4796796 
2048 4252519 
2048 3283274 
2048 2430074 
2048 4746392 
2048 2149965 
2048 1968322 
2048 5751717 
2048 2982110 
2048 2385515 
2048 4018572 
2048 7820382 
2048 5199440 
2048 4351275 
2048 2824227 
2048 4485030 
2048 4894549 
2048 4655381 
2048 7447148 
2048 4387921 
2048 2701197 
2048 4581887 
2048 4976195 
2048 3595633 
2048 5545526 
2048 1493760 
2048 4515975 
2048 2336141 
2048 6063653 
2048 4442573 
2048 3120343 
2048 6158531 
2048 5544396 
2048 2364495 
2048 4714466 
2048 3655869 
2048 2797654 
2048 4618052 
2048 2833447 
2048 5985619 
2048 4281736 
2048 2583167 
2048 2293195 
2048 6655028 
2048 5438139 
2048 5018600 
2048 2645435 
2048 3814733 
2048 2809462 
2048 2788468 
2048 6297249 
2048 4309191 
2048 3086331 
2048 1923635 
2048 2928077 
2048 3650483 
2048 3523988 
2048 3907763 
2048 3173705 
2048 6076651 
2048 4080312 
2048 4536866 
2048 2751002 
2048 4528809 
2048 3617171 
2048 4545831 
2048 1793427 
2048 4220261 
2048 4357352 
2048 2759735 
2048 5435687 
2048 2386399 
2048 2854148 
2048 2220406 
2048 6616840 
2048 6575443 
2048 3717041 
2048 5328556 
2048 5045081 
2048 8016461 
2048 3778196 
2048 2855898 
2048 3752583 
2048 7761952 
2048 3378805 
2048 2511976 
2048 6131355 
2048 2353205 
2048 2478571 
2048 3860802 
2048 5283620 
2048 5234363 
2048 3093331 
2048 3713410 
2048 3742238 
2048 2886886 
2048 2998006 
2048 6460684 
2048 9811879 
2048 2993781 
2048 4952842 
2048 2999884 
2048 1913590 
2048 6692445 
2048 3304596 
2048 6380223 
2048 5404918 
2048 2910051 
2048 2547174 
2048 3595727 
2048 3171760 
2048 4211476 
2048 4426459 
2048 4376660 
2048 3655444 
2048 3202277 
2048 5606396 
2048 4951794 
2048 5302923 
2048 6488381 
2048 2963513 
2048 3605878 
2048 4765172 
2048 3984260 
2048 5402358 
2048 5212813 
2048 3885528 
2048 2583875 
2048 2560850 
2048 5280793 
2048 3483977 
2048 3584688 
2048 2990813 
2048 7614109 
2048 2769921 
2048 4347526 
2048 2828634 
2048 3163000 
2048 2282549 
2048 4111731 
2048 4681575 
2048 6679079 
2048 3142648 
2048 5306840 
2048 4953610 
2048 2897106 
2048 3724382 
2048 4025643 
2048 2179308 
2048 4619247 
2048 3479823 
2048 6084536 
2048 5123951 
2048 3794824 
2048 3217048 
2048 3500249 
2048 4013191 
2048 2443373 
2048 2582528 
2048 3034434 
2048 2457150 
2048 3053184 
2048 6351152 
2048 5885717 
2048 4666343 
2048 4879170 
2048 2744601 
2048 1559758 
2048 2009150 
2048 3407539 
2048 5071751 
2048 3251606 
2048 5761934 
2048 4262636 
2048 3155322 
2048 4087291 
2048 5649463 
2048 5541263 
2048 3960543 
2048 2894228 
2048 2507983 
2048 2993340 
2048 4402428 
2048 4446370 
2048 3105923 
2048 4263463 
2048 3827895 
2048 4615814 
2048 3468691 
2048 3528600 
2048 5347904 
2048 4097800 
2048 6188653 
2048 4618187 
2048 5134234 
2048 4177291 
2048 3089038 
2048 4773332 
2048 5004764 
2048 8631305 
2048 5525053 
2048 3006854 
2048 3230735 
2048 4770185 
2048 3680649 
2048 2221644 
2048 4470637 
2048 3571056 
2048 2080660 
2048 3391706 
2048 3096695 
2048 1798536 
2048 4305662 
2048 3422933 
2048 8623051 
2048 4543798 
2048 6445277 
2048 3307127 
2048 4973058 
2048 2936029 
2048 6947674 
2048 1735936 
2048 4962464 
2048 4477395 
2048 2248402 
2048 6018518 
2048 4348589 
2048 4373770 
2048 3782005 
2048 3167803 
2048 4570171 
2048 6032065 
2048 4598390 
2048 8040038 
2048 2311893 
2048 6683363 
2048 3923557 
2048 2582434 
2048 5071917 
2048 3212062 
2048 3108304 
2048 3952628 
2048 7912859 
2048 4355026 
2048 4365974 
2048 3954818 
2048 3346913 
2048 3540733 
2048 2347451 
2048 5983190 
2048 3338680 
2048 3982634 
2048 2619747 
2048 4331517 
2048 3858818 
2048 10294636 
2048 5832040 
2048 3313197 
2048 6808698 
2048 3593891 
2048 1107305 
2048 3623420 
2048 3782997 
2048 6338495 
2048 3962721 
2048 6974217 
2048 5654823 
2048 4364654 
2048 3296029 
2048 2953590 
2048 3069371 
2048 2690374 
2048 10858316 
2048 2496345 
2048 4190304 
2048 3736616 
2048 4390011 
2048 2769927 
2048 2788778 
2048 4187897 
2048 8033662 
2048 6908488 
2048 5500842 
2048 6951614 
2048 4256814 
2048 3797624 
2048 4820019 
2048 4335968 
2048 2724487 
2048 2368513 
2048 4613847 
2048 5372319 
2048 3340988 
2048 1890396 
2048 5171506 
2048 2966543 
2048 5084239 
2048 4101725 
2048 4264260 
2048 3649055 
2048 4500414 
2048 3195759 
2048 9603810 
2048 4287482 
2048 5793414 
2048 2562296 
2048 3623379 
2048 5243228 
2048 2114863 
2048 6776705 
2048 6306937 
2048 3313873 
2048 6716120 
2048 5855104 
2048 2563660 
2048 4138517 
2048 2905170 
2048 3147741 
2048 5798639 
2048 3534314 
2048 3055197 
2048 3378383 
2048 5076297 
2048 4184916 
2048 3549670 
2048 3071091 
2048 2799621 
2048 2090690 
2048 5665002 
2048 5933110 
2048 5039851 
2048 4271814 
2048 4601896 
2048 7726867 
2048 4229417 
2048 2331261 
2048 4505194 
2048 3065972 
2048 6122165 
2048 2551873 
2048 3080415 
2048 4903676 
2048 3603608 
2048 6133910 
2048 2583498 
2048 5320834 
2048 5344830 
2048 4983996 
2048 2837598 
2048 5466775 
2048 4098532 
2048 6429705 
2048 4508139 
2048 6259283 
2048 3051222 
2048 2765714 
2048 3379472 
2048 5365830 
2048 1747429 
2048 2959643 
2048 6730853 
2048 5581964 
2048 2533929 
2048 2614852 
2048 4329740 
2048 3227348 
2048 5576644 
2048 3278856 
2048 3029967 
2048 3554874 
2048 2457901 
2048 8425359 
2048 4340067 
2048 3476879 
2048 2758574 
2048 2791783 
2048 4023962 
2048 3245761 
2048 2424380 
2048 3141721 
2048 6704519 
2048 4722046 
2048 3474221 
2048 6320684 
2048 7879966 
2048 3449177 
2048 4910612 
2048 3461542 
2048 2827433 
2048 1205429 
2048 4176734 
2048 4003894 
2048 4074297 
2048 5104916 
2048 3243425 
2048 2621988 
2048 6607603 
2048 3988155 
2048 7335294 
2048 3200167 
2048 2320771 
2048 3420017 
2048 4238360 
2048 1963892 
2048 3666794 
2048 3587725 
2048 2444689 
2048 5365986 
2048 4844753 
2048 3516448 
2048 4692452 
2048 4573288 
2048 4293544 
2048 3880087 
2048 4008450 
2048 4933345 
2048 5522260 
2048 4318115 
2048 3519244 
2048 3821869 
2048 5164005 
2048 4522582 
2048 4580371 
2048 3344805 
2048 2259408 
2048 1341405 
2048 5542541 
2048 3072157 
2048 2323873 
2048 6631039 
2048 6224709 
2048 3122884 
2048 5614632 
2048 3096836 
2048 6226060 
2048 3424566 
2048 2466389 
2048 2530198 
2048 5323762 
2048 4947010 
2048 2431189 
2048 3906494 
2048 3512315 
2048 5243199 
2048 4667515 
2048 5179676 
2048 3583153 
2048 4317012 
2048 2528012 
2048 3841922 
2048 2766724 
2048 6067517 
2048 4686978 
2048 2524196 
2048 1836498 
2048 4024209 
2048 8746825 
2048 8133221 
2048 5532087 
2048 6175819 
2048 6432426 
2048 4208399 
2048 2985607 
2048 3343845 
2048 3597751 
2048 4086222 
2048 5005556 
2048 3166489 
2048 5869340 
2048 4480612 
2048 2460697 
2048 2359306 
2048 2957494 
2048 6160380 
2048 5973471 
2048 2885438 
2048 4217550 
2048 3928658 
2048 2755709 
2048 2772663 
2048 4515378 
2048 4027003 
2048 3564089 
2048 4399981 
2048 2187086 
2048 4284256 
2048 9885889 
2048 4467951 
2048 2156695 
2048 6248690 
2048 3779570 
2048 6663568 
2048 3218635 
2048 2801839 
2048 5963942 
2048 3905273 
2048 4611811 
2048 5569019 
2048 6150851 
2048 6287683 
2048 2957860 
2048 3151454 
2048 5524109 
2048 5950343 
2048 3255727 
2048 2532966 
2048 3780666 
2048 3696100 
2048 4555457 
2048 3754543 
2048 2879358 
2048 6056205 
2048 3532074 
2048 4844936 
2048 3152370 
2048 4283401 
2048 2261921 
2048 4151250 
2048 2785932 
2048 2584852 
2048 6968727 
2048 3831027 
2048 2927179 
2048 7992868 
2048 3334790 
2048 6594275 
2048 3286725 
2048 4420465 
2048 3035030 
2048 3473000 
2048 4345719 
2048 2604100 
2048 2911473 
2048 1863043 
2048 4698261 
2048 4021389 
2048 3995982 
2048 2808562 
2048 4395513 
2048 4456509 
2048 1810858 
2048 1355021 
2048 3775636 
2048 4924765 
2048 7556087 
2048 6388480 
2048 4507247 
2048 5014069 
2048 3602947 
2048 4146322 
2048 5754955 
2048 6290814 
2048 6040996 
2048 4666522 
2048 3616906 
2048 4459966 
2048 3357925 
2048 10272033 
2048 5970717 
2048 5450894 
2048 2598919 
2048 3613869 
2048 4845749 
2048 5421305 
2048 3371110 
2048 4211773 
2048 6169497 
2048 3685867 
2048 3293750 
2048 4834425 
2048 3943442 
2048 5540983 
2048 2421859 
2048 4785778 
2048 4022483 
2048 5973501 
2048 5135578 
2048 4702124 
2048 4685262 
2048 1810042 
2048 2871246 
2048 3852832 
2048 4563340 
2048 4047560 
2048 2314051 
2048 6526338 
2048 5599418 
2048 1896258 
2048 6351723 
2048 5871106 
2048 4407205 
2048 4799744 
2048 5510231 
2048 2719639 
2048 6863233 
2048 3575978 
2048 3296171 
2048 4403010 
2048 4223996 
2048 2785121 
2048 9357435 
2048 2300699 
2048 4050913 
2048 6026345 
2048 3724026 
2048 4997460 
2048 4270659 
2048 3386088 
2048 4393806 
2048 3394773 
2048 4484383 
2048 3282210 
2048 4011003 
2048 4343152 
2048 4517511 
2048 3776655 
2048 2546290 
2048 3069540 
2048 3457405 
2048 3569171 
2048 2943336 
2048 2547975 
2048 2220612 
2048 4792559 
2048 4519352 
2048 3923892 
2048 4372261 
2048 5685364 
2048 4194813 
2048 4224311 
2048 4318649 
2048 4336892 
2048 2530661 
2048 5233173 
2048 8557433 
2048 5091045 
2048 3976544 
2048 5406425 
2048 3792789 
2048 3621277 
2048 3959847 
2048 4081722 
2048 3100648 
2048 6544192 
2048 2504096 
2048 4055328 
2048 7675849 
2048 5364940 
2048 6956482 
2048 3893398 
2048 6518129 
2048 3674985 
2048 5366640 
2048 2972878 
2048 2314100 
2048 2395440 
2048 4194784 
2048 4309749 
2048 4683554 
2048 4903508 
2048 2857308 
2048 4228746 
2048 2081370 
2048 3147733 
2048 2986742 
2048 2460258 
2048 3129742 
2048 2551787 
2048 4276070 
2048 3658143 
2048 5120516 
2048 3809766 
2048 6290374 
2048 5028839 
2048 3393687 
2048 5433390 
2048 3802261 
