128 2318281 
128 2918431 
128 5724764 
128 5855904 
128 4696041 
128 4750062 
128 3425264 
128 3514334 
128 1971302 
128 2090914 
128 5460188 
128 3929859 
128 5811570 
128 5511094 
128 2931763 
128 2710474 
128 3715919 
128 6039657 
128 3165476 
128 2908496 
128 4850930 
128 2749459 
128 3576638 
128 5479281 
128 6124392 
128 5935084 
128 6626056 
128 5816705 
128 6796982 
128 3648335 
128 5565861 
128 2783123 
128 4812044 
128 2685544 
128 3838165 
128 3273101 
128 4972997 
128 7821361 
128 5404950 
128 4416889 
128 2632295 
128 4391927 
128 4629358 
128 4438871 
128 4296767 
128 6649665 
128 4576687 
128 2700078 
128 3815394 
128 4078147 
128 7207660 
128 4445808 
128 9285629 
128 4474784 
128 4501069 
128 7176208 
128 3363412 
128 5792373 
128 5360006 
128 4691664 
128 5930369 
128 3036368 
128 2652824 
128 2474469 
128 5360554 
128 5826371 
128 5389378 
128 12891845 
128 9349426 
128 8408964 
128 6572000 
128 3019606 
128 3293143 
128 3728370 
128 8414429 
128 5444406 
128 4476015 
128 3955814 
128 2859271 
128 8240509 
128 4871857 
128 4406209 
128 3777216 
128 3406997 
128 2684388 
128 3552935 
128 6177876 
128 3377687 
128 3642116 
128 1967218 
128 4699422 
128 6647287 
128 1327724 
128 3368804 
128 3048011 
128 3536716 
128 9719437 
128 4740698 
128 5312181 
128 7192853 
128 7258844 
128 3496976 
128 3074360 
128 5766782 
128 5598360 
128 3170836 
128 5734287 
128 5352013 
128 7768864 
128 1701681 
128 1954145 
128 5364115 
128 9950155 
128 4494125 
128 2352542 
128 6901640 
128 3776283 
128 6271048 
128 4051835 
128 4811014 
128 4576448 
128 3037369 
128 4430023 
128 5187710 
128 4138245 
128 4030328 
128 3947047 
128 4615334 
128 5334174 
128 3944122 
128 5813971 
128 7120373 
128 4752110 
128 5420567 
128 11223475 
128 8254524 
128 2199881 
128 5551616 
128 7119657 
128 5871338 
128 4457344 
128 2858575 
128 4780436 
128 5255180 
128 4660701 
128 3454035 
128 3251955 
128 3681002 
128 4092506 
128 4104063 
128 2672144 
128 6274196 
128 8063120 
128 3103198 
128 4555751 
128 4745604 
128 3536902 
128 1700395 
128 2971926 
128 4727925 
128 4877651 
128 3996671 
128 3235010 
128 4496493 
128 2512852 
128 4269903 
128 4713521 
128 6366405 
128 3436845 
128 4012553 
128 2374223 
128 3335764 
128 5165055 
128 2677440 
128 4693332 
128 4873437 
128 3928668 
128 4528187 
128 8953090 
128 10387943 
128 4538933 
128 5533601 
128 2700049 
128 2224435 
128 3245971 
128 2789189 
128 2703151 
128 6174437 
128 2717269 
128 6358326 
128 1464871 
128 2575054 
128 5896478 
128 2868528 
128 3907997 
128 6237181 
128 4902029 
128 3884146 
128 5170568 
128 6237087 
128 4414785 
128 4976352 
128 3636625 
128 5271640 
128 2687556 
128 6642130 
128 1675451 
128 2937308 
128 7136331 
128 3018776 
128 4825574 
128 2823958 
128 8337248 
128 3343465 
128 3048171 
128 2673068 
128 2985849 
128 2555982 
128 3338838 
128 2616415 
128 3259142 
128 4550795 
128 2564430 
128 3015805 
128 2651006 
128 3066964 
128 5684305 
128 5861552 
128 4713352 
128 4430895 
128 2163775 
128 3398954 
128 2216277 
128 4895354 
128 2901359 
128 3101199 
128 1450903 
128 2596050 
128 2099550 
128 2551981 
128 3678636 
128 2362944 
128 5097605 
128 1620895 
128 1551445 
128 3821448 
128 2694506 
128 4494626 
128 3299655 
128 3504462 
128 2038397 
128 1193075 
128 4152905 
128 1717666 
128 3229269 
128 1777126 
128 2697720 
128 3782652 
128 5419727 
128 2246979 
128 2174646 
128 2759137 
128 3107167 
128 2366756 
128 1856675 
128 3289530 
128 3066662 
128 2282277 
128 1600756 
128 5896493 
128 3086508 
128 2516197 
128 2244959 
128 2080794 
128 3409752 
128 2054354 
128 1593035 
128 2219596 
128 3564944 
128 3243002 
128 3076846 
128 1310807 
128 2462499 
128 3930789 
128 2042242 
128 1796146 
128 3721319 
128 2024093 
128 4684697 
128 4826558 
128 3183030 
128 3627260 
128 5379212 
128 1565043 
128 2429049 
128 2432876 
128 2377840 
128 1705719 
128 1846613 
128 1774937 
128 3386348 
128 4070435 
128 2114873 
128 3211525 
128 2414914 
128 2082303 
128 2123558 
128 1642946 
128 3023220 
128 2298436 
128 2442293 
128 1987613 
128 4145138 
128 1940347 
128 3343882 
128 2276370 
128 1258170 
128 1053366 
128 3464745 
128 3943223 
128 3305585 
128 2933446 
128 2966123 
128 4166106 
128 2697834 
128 2651385 
128 4227591 
128 3449590 
128 4463787 
128 3403183 
128 3469362 
128 1412834 
128 2481566 
128 2579501 
128 1603973 
128 1791371 
128 2515155 
128 1219494 
128 3522077 
128 3228602 
128 2144425 
128 1827555 
128 2371092 
128 1954781 
128 2887250 
128 2100328 
128 3323901 
128 2916507 
128 3533082 
128 1278003 
128 1587634 
128 3017334 
128 4289441 
128 3346752 
128 3335833 
128 2897571 
128 2912963 
128 1762130 
128 3424882 
128 3312994 
128 2284558 
128 2514898 
128 4694024 
128 3724067 
128 1754740 
128 2832500 
128 2986898 
128 4800995 
128 2690542 
128 1873001 
128 1714369 
128 5114438 
128 1947528 
128 3150083 
128 3191196 
128 1152808 
128 3243007 
128 1776422 
128 2594066 
128 3931244 
128 3114685 
128 3253988 
128 2670118 
128 1796692 
128 1682050 
128 2996383 
128 1878957 
128 2800691 
128 2000766 
128 3940761 
128 3269034 
128 2377046 
128 1944077 
128 1477982 
128 1789904 
128 1918145 
128 2978793 
128 1455815 
128 2509420 
128 4418223 
128 4166892 
128 2525489 
128 2585844 
128 2396283 
128 1612208 
128 1444315 
128 2838640 
128 1414091 
128 2302856 
128 3286057 
128 2028833 
128 1324799 
128 1366801 
128 1719124 
128 3324111 
128 2678737 
128 4016167 
128 2071547 
128 3780311 
128 2026944 
128 4266654 
128 4234720 
128 3646873 
128 1222926 
128 4367785 
128 2207141 
128 2386914 
128 3256429 
128 2967457 
128 3460107 
128 2074590 
128 2589138 
128 1798359 
128 805635 
128 3385212 
128 2479196 
128 2444649 
128 2758743 
128 2240514 
128 1943662 
128 3233375 
128 2344035 
128 1895943 
128 1884472 
128 1576039 
128 4093828 
128 4214645 
128 2353914 
128 2560936 
128 2036870 
128 4979083 
128 4548154 
128 1838997 
128 1993821 
128 1420408 
128 1509681 
128 2114468 
128 4218868 
128 2862168 
128 946074 
128 1192563 
128 2071618 
128 2331999 
128 2082765 
128 4073976 
128 1490250 
128 1795021 
128 3412531 
128 2517039 
128 2980919 
128 1919296 
128 4949713 
128 2829382 
128 2269180 
128 1510168 
128 2649681 
128 2195491 
128 3404836 
128 2543839 
128 2174851 
128 2682493 
128 2323186 
128 2552925 
128 3796437 
128 3271129 
128 3108898 
128 1820855 
128 2858149 
128 2165750 
128 3431547 
128 2207811 
128 3482382 
128 3097824 
128 2945209 
128 2611797 
128 2682434 
128 2924210 
128 2457680 
128 2176255 
128 1283227 
128 2239839 
128 916431 
128 2224268 
128 3484798 
128 1547619 
128 1892335 
128 1963953 
128 1403094 
128 1488240 
128 2046216 
128 4606350 
128 2685876 
128 3959976 
128 2845086 
128 1862580 
128 1547261 
128 3288181 
128 1931619 
128 1989936 
128 4327236 
128 4618390 
128 2740213 
128 2110979 
128 2998968 
128 1547105 
128 2037689 
128 1495140 
128 2443885 
128 3214499 
128 1205188 
128 2053131 
128 2876020 
128 1628799 
128 3078798 
128 2151122 
128 2060990 
128 2627664 
128 1432099 
128 3156347 
128 2133518 
128 2692971 
128 1939174 
128 3202639 
128 3190735 
128 1684335 
128 1983149 
128 1741402 
128 2580075 
128 2184016 
128 1565327 
128 2003742 
128 2284387 
128 1769956 
128 4160737 
128 3453866 
128 3274342 
128 2698634 
128 1320984 
128 1534515 
128 2706523 
128 1199229 
128 1893329 
128 3441594 
128 2310427 
128 1500080 
128 5200937 
128 2611438 
128 4336158 
128 2569433 
128 1354484 
128 3386149 
128 3694557 
128 3792037 
128 1956421 
128 1179249 
128 3860201 
128 1805990 
128 2504596 
128 2673417 
128 1870821 
128 2119899 
128 4029071 
128 2280831 
128 2611822 
128 2317867 
128 2604349 
128 3977180 
128 2084002 
128 4850534 
128 2204310 
128 3724235 
128 3502697 
128 2677094 
128 1331743 
128 2933117 
128 1415245 
128 1785876 
128 2924704 
128 4131204 
128 2557700 
128 2419062 
128 3323554 
128 1403331 
128 2276521 
128 3209755 
128 2655148 
128 2387047 
128 6015166 
128 1780423 
128 1715022 
128 2200132 
128 2640194 
128 1800273 
128 1437569 
128 2240606 
128 2072739 
128 2203130 
128 3311618 
128 3750700 
128 1443739 
128 2066315 
128 2418526 
128 2504442 
128 2690520 
128 6343099 
128 2311811 
128 2486708 
128 2370460 
128 1303279 
128 2989826 
128 3482752 
128 2041189 
128 2369153 
128 2272500 
128 2640327 
128 3695390 
128 2032952 
128 3609161 
128 1738821 
128 2525795 
128 3583998 
128 1860391 
128 2405128 
128 2251390 
128 3528837 
128 3691863 
128 3450349 
128 3167461 
128 4679813 
128 5000038 
128 3620145 
128 4650897 
128 1955435 
128 2114970 
128 1907530 
128 1134435 
128 3265113 
128 2385340 
128 4388682 
128 3899452 
128 1948213 
128 1390652 
128 4676969 
128 2483605 
128 2548114 
128 2840851 
128 3661016 
128 2755411 
128 2301893 
128 4279275 
128 1908215 
128 2299647 
128 3563164 
128 2061741 
128 5918753 
128 3222815 
128 3459855 
128 1892464 
128 2746936 
128 2543303 
128 1318179 
128 3208644 
128 2417264 
128 1979617 
128 1588878 
128 1500207 
128 1526167 
128 2828962 
128 1248125 
128 4355940 
128 1182026 
128 2166567 
128 3066274 
128 1910715 
128 1836632 
128 1475048 
128 5939935 
128 2476351 
128 2048938 
128 4612898 
128 4870383 
128 2065966 
128 2976479 
128 2515820 
128 2618718 
128 1838428 
128 1733639 
128 2212828 
128 2781262 
128 2466770 
128 3454464 
128 1610740 
128 1727905 
128 2722186 
128 1202178 
128 2756975 
128 4744770 
128 2480634 
128 2337545 
128 2308914 
128 2017534 
128 1795653 
128 3489147 
128 2567129 
128 3133805 
128 2776597 
128 1289612 
128 2979059 
128 1160253 
128 2149321 
128 4007707 
128 2961658 
128 947211 
128 2841517 
128 4606570 
128 1489548 
128 3500476 
128 3729824 
128 2725826 
128 2892142 
128 1706207 
128 3696375 
128 2135682 
128 3889811 
128 3191268 
128 3189712 
128 3994836 
128 1372865 
128 2625941 
128 4786218 
128 2262355 
128 3502363 
128 1626752 
128 2871826 
128 3326002 
128 2081670 
128 1736084 
128 2640197 
128 5032612 
128 1837977 
128 2411619 
128 1543684 
128 6570793 
128 1447764 
128 3417763 
128 3775614 
128 3237607 
128 2957910 
128 1567187 
128 2901772 
128 2185480 
128 1685796 
128 2805665 
128 2385106 
128 3242455 
128 3200998 
128 2159865 
128 1634441 
128 2557220 
128 3737673 
128 4370951 
128 2324218 
128 1890514 
128 2278014 
128 1157977 
128 1991792 
128 1901190 
128 3088417 
128 2178395 
128 2503683 
128 2375564 
128 2527608 
128 3078968 
128 1347406 
128 1834882 
128 2916718 
128 4554377 
128 2381433 
128 2827056 
128 3422345 
128 4387958 
128 1932663 
128 3509076 
128 2980850 
128 2839824 
128 2039981 
128 2780335 
128 1102796 
128 2721905 
128 1824042 
128 1050766 
128 2231091 
128 2631765 
128 2468211 
128 2583640 
128 2375452 
128 1363866 
128 1391680 
128 2939660 
128 3687408 
128 1224928 
128 1787080 
128 2888318 
128 1410598 
128 1282816 
128 3740833 
128 3791141 
128 3888435 
128 4400938 
128 2251136 
128 2661334 
128 2554917 
128 4298163 
128 3272337 
128 2963473 
128 1640021 
128 5357336 
128 3859545 
128 2102237 
128 2462006 
128 1880409 
128 2089090 
128 2340705 
128 2732083 
128 2456168 
128 4075174 
128 1691456 
128 2921265 
128 1451415 
128 5315663 
128 1545804 
128 4314056 
128 1402943 
128 3083630 
128 1504772 
128 3281342 
128 2544226 
128 2171283 
128 3046806 
128 2800762 
128 3166998 
128 2587495 
128 1851781 
128 2024695 
128 2056528 
128 2382746 
128 2476934 
128 2110505 
128 1842444 
128 2599615 
128 1718357 
128 1873289 
128 3864582 
128 2404256 
128 2465131 
128 5540612 
128 2789864 
128 1903953 
128 2361297 
128 1389173 
128 3000203 
128 1576864 
128 1933151 
128 2237619 
128 1232171 
128 2106254 
128 4194800 
128 1763806 
128 1548330 
128 1877287 
128 1348111 
128 3768920 
128 3114702 
128 2772893 
128 3222985 
128 2048385 
128 2331642 
128 1637578 
128 3091979 
128 2080486 
128 3413966 
128 1908166 
128 2692697 
128 2541288 
128 2735423 
128 3177054 
128 2490321 
128 3044822 
128 2715004 
128 2397687 
128 1325766 
128 1906112 
128 3253610 
128 3608700 
128 4645555 
128 2887527 
128 3158315 
128 3090123 
128 2162313 
128 4625261 
128 2941223 
128 1847021 
128 2141745 
128 2955334 
128 2539744 
128 2353463 
128 3240813 
128 2316207 
128 2196032 
128 1734235 
128 2957049 
128 3727391 
128 3559128 
128 1584573 
128 2487086 
128 2237538 
128 1456993 
128 4155482 
128 1590479 
128 3197114 
128 2933168 
128 2094931 
128 4028123 
128 2010921 
128 2099972 
128 1723772 
128 3446431 
128 4229719 
128 2130933 
128 1680220 
128 3214636 
128 2602678 
128 1851721 
128 1634199 
128 1493289 
128 1953091 
128 1422225 
128 1490691 
128 2649187 
128 2620321 
128 2347311 
128 2867260 
128 2999921 
128 3754046 
128 3635162 
128 1662694 
128 1745048 
128 2568698 
128 3007083 
128 1285390 
128 1942637 
128 3499167 
128 1798829 
128 1923677 
128 1444895 
128 3346769 
128 2066492 
128 1512057 
128 2307876 
128 1359274 
128 2376909 
128 1948434 
128 2597954 
128 2043384 
128 2978755 
128 2219030 
128 3393735 
128 4582632 
128 3199477 
128 3010018 
128 3119446 
128 1962166 
128 1865514 
128 2212225 
128 3153428 
128 2381444 
128 2292876 
128 1469502 
128 2421682 
128 3101520 
