65536 2910400 
65536 5124764 
65536 4632388 
65536 2898474 
65536 3377260 
65536 3561476 
65536 3746952 
65536 2523783 
65536 4948984 
65536 11960228 
65536 4962722 
65536 4916159 
65536 4371759 
65536 3731041 
65536 6278252 
65536 4552948 
65536 4637151 
65536 4878190 
65536 10236816 
65536 2720128 
65536 6313535 
65536 9048093 
65536 7330008 
65536 6903972 
65536 4999404 
65536 2548822 
65536 2984512 
65536 6312316 
65536 7655587 
65536 6484124 
65536 4058263 
65536 8633577 
65536 5042918 
65536 8093524 
65536 3806154 
65536 2992420 
65536 6443181 
65536 3141381 
65536 5941758 
65536 2522646 
65536 2612083 
65536 3414216 
65536 4320649 
65536 5966666 
65536 4468479 
65536 4001775 
65536 5197207 
65536 4959991 
65536 1323808 
65536 8928329 
65536 6346644 
65536 2547009 
65536 2139943 
65536 4254673 
65536 2285440 
65536 4313490 
65536 3484341 
65536 4128942 
65536 2566565 
65536 5714880 
65536 4379977 
65536 7281836 
65536 6229281 
65536 7309197 
65536 5163494 
65536 3734959 
65536 2827178 
65536 3461357 
65536 2657778 
65536 5897349 
65536 2733907 
65536 4015831 
65536 2306032 
65536 3106406 
65536 3838296 
65536 2640529 
65536 3636402 
65536 3933898 
65536 2924767 
65536 1932339 
65536 5064643 
65536 4372173 
65536 5248268 
65536 8037995 
65536 3798939 
65536 3402548 
65536 2756382 
65536 2662331 
65536 3215419 
65536 6528100 
65536 7816993 
65536 5146995 
65536 4416800 
65536 6227013 
65536 4722517 
65536 3745760 
65536 7034433 
65536 7654528 
65536 5141402 
65536 4231076 
65536 3824788 
65536 4165594 
65536 4867598 
65536 5744276 
65536 3761451 
65536 3060444 
65536 5129291 
65536 6220804 
65536 2596208 
65536 2618518 
65536 5951399 
65536 1975092 
65536 2715571 
65536 4120124 
65536 4964639 
65536 3001876 
65536 5940045 
65536 4313494 
65536 3792672 
65536 2793159 
65536 5420460 
65536 5161704 
65536 4199788 
65536 4442783 
65536 3033454 
65536 4357413 
65536 3623281 
65536 5311285 
65536 3386619 
65536 3213868 
65536 3217564 
65536 6782894 
65536 4161928 
65536 3853037 
65536 3261047 
65536 3153186 
65536 7423201 
65536 5955674 
65536 6592858 
65536 4437588 
65536 3803565 
65536 3053290 
65536 7430640 
65536 6426962 
65536 3464506 
65536 2524786 
65536 4583425 
65536 5596218 
65536 4728900 
65536 1866062 
65536 5621334 
65536 6270189 
65536 6283013 
65536 7496598 
65536 4465192 
65536 6067794 
65536 3842192 
65536 2601730 
65536 3420715 
65536 1878022 
65536 3635440 
65536 3608995 
65536 3333634 
65536 6406079 
65536 3809638 
65536 1913560 
65536 6410527 
65536 4716298 
65536 4799872 
65536 6641958 
65536 4004642 
65536 7000300 
65536 2878343 
65536 5337952 
65536 4483666 
65536 8391523 
65536 3886368 
65536 3954320 
65536 4493422 
65536 3523571 
65536 4138453 
65536 4145032 
65536 3165778 
65536 7513934 
65536 4020136 
65536 2257045 
65536 4918930 
65536 4193293 
65536 6003453 
65536 4991424 
65536 2640454 
65536 4665653 
65536 6284661 
65536 2879569 
65536 6284815 
65536 5451688 
65536 3476326 
65536 7415976 
65536 5192330 
65536 2073518 
65536 3913927 
65536 5439363 
65536 6032249 
65536 4070227 
65536 6759320 
65536 5554686 
65536 4047531 
65536 4019566 
65536 3185203 
65536 6994137 
65536 3990973 
65536 3424851 
65536 6857966 
65536 3203668 
65536 2512358 
65536 7105151 
65536 1489059 
65536 3242108 
65536 7486553 
65536 3194647 
65536 4456419 
65536 8105405 
65536 4390889 
65536 3354738 
65536 3901517 
65536 4899894 
65536 3509216 
65536 6666417 
65536 13754678 
65536 2873334 
65536 4128998 
65536 5812431 
65536 4656746 
65536 5208953 
65536 3582563 
65536 3884811 
65536 2812653 
65536 2352685 
65536 4091981 
65536 3229451 
65536 3166581 
65536 4511892 
65536 4639521 
65536 2580574 
65536 3249236 
65536 7953448 
65536 5379335 
65536 5072904 
65536 5715090 
65536 3814891 
65536 1902361 
65536 3565740 
65536 6000382 
65536 4166384 
65536 2280396 
65536 3461067 
65536 2924067 
65536 4158714 
65536 2519095 
65536 2925994 
65536 3712931 
65536 2258267 
65536 7919601 
65536 5486705 
65536 2337944 
65536 3903774 
65536 3311209 
65536 3799573 
65536 2562979 
65536 4804790 
65536 4210334 
65536 2086329 
65536 6318933 
65536 3208883 
65536 1873666 
65536 3727062 
65536 4326537 
65536 7901694 
65536 4500418 
65536 4508992 
65536 4837481 
65536 3829114 
65536 6872459 
65536 4927605 
65536 4806130 
65536 4480510 
65536 4030244 
65536 2147129 
65536 5018964 
65536 8938613 
65536 3772290 
65536 2794839 
65536 2213926 
65536 3378347 
65536 5033214 
65536 3436378 
65536 4145118 
65536 3451405 
65536 4057872 
65536 3643961 
65536 5115006 
65536 3211245 
65536 2574399 
65536 4145555 
65536 7284444 
65536 4433029 
65536 3239895 
65536 2850012 
65536 6099945 
65536 3816624 
65536 6838664 
65536 6470112 
65536 3602716 
65536 1863910 
65536 3831826 
65536 7059532 
65536 6808804 
65536 3097128 
65536 6018987 
65536 7002940 
65536 3804970 
65536 8282395 
65536 4820645 
65536 4922405 
65536 4487311 
65536 3209198 
65536 2470043 
65536 4852335 
65536 2423144 
65536 1962706 
65536 5780272 
65536 3139317 
65536 2406723 
65536 4042784 
65536 8204609 
65536 5608220 
65536 4662214 
65536 2956269 
65536 4491277 
65536 5209063 
65536 4744806 
65536 9103486 
65536 3864976 
65536 2561495 
65536 4560214 
65536 6061820 
65536 3595613 
65536 5970107 
65536 1459596 
65536 4618245 
65536 2418653 
65536 5924865 
65536 4321798 
65536 2898968 
65536 6681957 
65536 6194082 
65536 2500054 
65536 4370347 
65536 3928942 
65536 2799765 
65536 4635635 
65536 3061936 
65536 6409924 
65536 3974350 
65536 2616534 
65536 2490227 
65536 6345820 
65536 5994454 
65536 4740827 
65536 2703378 
65536 4102359 
65536 2914598 
65536 2730838 
65536 5913083 
65536 4989236 
65536 3949528 
65536 2028495 
65536 3119889 
65536 4343114 
65536 3473795 
65536 3977504 
65536 3255847 
65536 6193121 
65536 5134021 
65536 4460616 
65536 2879008 
65536 4499383 
65536 3589790 
65536 4631393 
65536 1812955 
65536 4441010 
65536 4126613 
65536 2348783 
65536 6361254 
65536 2050031 
65536 3050148 
65536 2262317 
65536 6097012 
65536 6338001 
65536 3757365 
65536 6280655 
65536 5059018 
65536 8076054 
65536 3577577 
65536 3110236 
65536 3673807 
65536 7065912 
65536 3481442 
65536 2558660 
65536 6297436 
65536 2890914 
65536 2620318 
65536 4846001 
65536 5591737 
65536 5125915 
65536 3292968 
65536 3441328 
65536 3402735 
65536 3150407 
65536 2766786 
65536 6516182 
65536 9096230 
65536 3130706 
65536 4800324 
65536 3125531 
65536 2083603 
65536 6976651 
65536 3237184 
65536 6356570 
65536 6259459 
65536 2776819 
65536 2801854 
65536 3567285 
65536 3356086 
65536 4375994 
65536 4517451 
65536 4561975 
65536 3929684 
65536 3861421 
65536 5378804 
65536 4950346 
65536 5183745 
65536 6866888 
65536 2993499 
65536 3661502 
65536 4993479 
65536 4582345 
65536 4763063 
65536 5145858 
65536 3784358 
65536 2689197 
65536 2815264 
65536 4961772 
65536 3621804 
65536 3557148 
65536 3009067 
65536 8337595 
65536 2753649 
65536 4422288 
65536 2798142 
65536 4157557 
65536 3160885 
65536 4192618 
65536 4645354 
65536 6433872 
65536 2538439 
65536 5137761 
65536 5481052 
65536 2906509 
65536 3630260 
65536 3747152 
65536 2293075 
65536 4477273 
65536 3508452 
65536 5704025 
65536 6390276 
65536 3834711 
65536 3249566 
65536 3798858 
65536 4081012 
65536 2351553 
65536 2432899 
65536 2991510 
65536 2360624 
65536 3021663 
65536 6583803 
65536 6376096 
65536 5497936 
65536 5027239 
65536 2882067 
65536 1491042 
65536 2057859 
65536 3585306 
65536 5362571 
65536 4184553 
65536 5060804 
65536 4163191 
65536 3085552 
65536 4300159 
65536 6278693 
65536 6860447 
65536 3600780 
65536 2926860 
65536 2369122 
65536 3929611 
65536 4323656 
65536 4484138 
65536 2503989 
65536 4145822 
65536 4031143 
65536 4773769 
65536 3623611 
65536 3744189 
65536 6250279 
65536 4366707 
65536 6581548 
65536 4586019 
65536 5029949 
65536 4462542 
65536 3228319 
65536 5735114 
65536 4999350 
65536 8436768 
65536 6140714 
65536 2951736 
65536 3367775 
65536 4526393 
65536 4346272 
65536 3056820 
65536 4146349 
65536 3361232 
65536 2262279 
65536 3415027 
65536 3174137 
65536 1728417 
65536 4183563 
65536 3328593 
65536 8726761 
65536 4733335 
65536 7400461 
65536 3343139 
65536 4755268 
65536 2980995 
65536 6903934 
65536 1670312 
65536 5164892 
65536 4315653 
65536 2246856 
65536 5809660 
65536 5107248 
65536 4447866 
65536 3813091 
65536 3482078 
65536 4604436 
65536 6207698 
65536 4486260 
65536 8961507 
65536 2408561 
65536 6633101 
65536 4143963 
65536 2520344 
65536 5380953 
65536 3998462 
65536 3111819 
65536 3958256 
65536 7692076 
65536 4247369 
65536 4984006 
65536 5115290 
65536 3339706 
65536 3577343 
65536 2398466 
65536 5566000 
65536 3381895 
65536 4827766 
65536 2660440 
65536 4420729 
65536 4171795 
65536 10066068 
65536 5244884 
65536 3417144 
65536 7997800 
65536 3327322 
65536 1142747 
65536 3685461 
65536 3874169 
65536 6305699 
65536 3816949 
65536 6854448 
65536 5387920 
65536 4946814 
65536 3261856 
65536 2591113 
65536 3090103 
65536 3016985 
65536 11760921 
65536 2736302 
65536 3703621 
65536 3479986 
65536 4438030 
65536 2633129 
65536 2985488 
65536 4815573 
65536 8877930 
65536 6944358 
65536 5038710 
65536 7211978 
65536 4927754 
65536 3871613 
65536 4605034 
65536 4594880 
65536 2663875 
65536 2407936 
65536 4647440 
65536 4862762 
65536 3265890 
65536 1984606 
65536 5899285 
65536 2977426 
65536 4922407 
65536 3863681 
65536 5485113 
65536 4029440 
65536 4474813 
65536 3437557 
65536 9645473 
65536 4141408 
65536 6309823 
65536 2659477 
65536 3855094 
65536 5348564 
65536 2060691 
65536 6685057 
65536 7382117 
65536 3342576 
65536 6641808 
65536 6501891 
65536 2796731 
65536 4105684 
65536 3033918 
65536 3104695 
65536 5775424 
65536 3548986 
65536 2961921 
65536 3466390 
65536 5147593 
65536 4221740 
65536 3475073 
65536 3221141 
65536 3189419 
65536 2030657 
65536 5979794 
65536 5386689 
65536 5053169 
65536 5115660 
65536 4527856 
65536 7597804 
65536 4196180 
65536 2398475 
65536 4380731 
65536 3230515 
65536 6619609 
65536 2532292 
65536 3055270 
65536 4588001 
65536 3489419 
65536 6658215 
65536 3354037 
65536 5996173 
65536 6407127 
65536 5338110 
65536 2999980 
65536 5298988 
65536 3981512 
65536 6012344 
65536 4726011 
65536 6483059 
65536 2927991 
65536 2736474 
65536 3494875 
65536 5602060 
65536 1894844 
65536 3188932 
65536 6285067 
65536 5843954 
65536 2447200 
65536 2737283 
65536 4436147 
65536 3253596 
65536 5007611 
65536 3330874 
65536 3037855 
65536 3063815 
65536 2969206 
65536 7638394 
65536 4398831 
65536 3582206 
65536 2371356 
65536 2420077 
65536 3918513 
65536 3343533 
65536 2351636 
65536 3185039 
65536 6845289 
65536 5046170 
65536 3369328 
65536 6156327 
65536 8221159 
65536 2919588 
65536 4959237 
65536 3347226 
65536 2889491 
65536 1174426 
65536 4260862 
65536 4095933 
65536 3543748 
65536 5384464 
65536 3315930 
65536 2607750 
65536 7286826 
65536 4778374 
65536 6841149 
65536 3087948 
65536 2331880 
65536 3644387 
65536 4454010 
65536 1980605 
65536 3685207 
65536 3485564 
65536 2395735 
65536 6460130 
65536 4822657 
65536 3178417 
65536 5508013 
65536 4698700 
65536 4498706 
65536 3597763 
65536 4026313 
65536 4290729 
65536 5701796 
65536 4469919 
65536 3707895 
65536 3667492 
65536 6197018 
65536 4620669 
65536 5199547 
65536 3387572 
65536 2952039 
65536 1387029 
65536 5782856 
65536 3324887 
65536 2275652 
65536 6088751 
65536 6632347 
65536 3015341 
65536 6435807 
65536 3339126 
65536 6459019 
65536 3464610 
65536 2447285 
65536 2593949 
65536 5225591 
65536 4885787 
65536 2607435 
65536 3598619 
65536 3497741 
65536 5535857 
65536 4806753 
65536 5442262 
65536 3505123 
65536 4295857 
65536 2599199 
65536 3874831 
65536 2931517 
65536 6046166 
65536 4374977 
65536 2656230 
65536 1882940 
65536 4202309 
65536 8455009 
65536 7260476 
65536 5390799 
65536 7050065 
65536 6994423 
65536 5089175 
65536 3431865 
65536 3621024 
65536 3885749 
65536 3989341 
65536 5008467 
65536 3349018 
65536 6847837 
65536 4349946 
65536 2207652 
65536 2548674 
65536 2892653 
65536 6480760 
65536 5510277 
65536 2818961 
65536 4053415 
65536 3915128 
65536 2910303 
65536 2810983 
65536 4522500 
65536 3941542 
65536 4647431 
65536 4671187 
65536 2272379 
65536 3829002 
65536 9253479 
65536 4342931 
65536 2957616 
65536 5982100 
65536 3906666 
65536 6242850 
65536 3353197 
65536 2944756 
65536 6082972 
65536 4068931 
65536 4558862 
65536 5904102 
65536 6540080 
65536 6056133 
65536 3054215 
65536 2916813 
65536 5537729 
65536 6294364 
65536 3187956 
65536 2230112 
65536 3749045 
65536 3879403 
65536 5433538 
65536 4420884 
65536 3129782 
65536 6017088 
65536 3274912 
65536 5215030 
65536 3182027 
65536 4051485 
65536 2245230 
65536 4153021 
65536 2692845 
65536 2383902 
65536 7629332 
65536 3722993 
65536 3027265 
65536 8377960 
65536 3401698 
65536 7563634 
65536 3556491 
65536 4493290 
65536 3144103 
65536 3740428 
65536 4302688 
65536 2703520 
65536 3001327 
65536 1884516 
65536 4845153 
65536 4278111 
65536 3601961 
65536 2893402 
65536 3765896 
65536 4335036 
65536 1873237 
65536 1311584 
65536 4396331 
65536 5251616 
65536 7803008 
65536 5789262 
65536 4688621 
65536 4890352 
65536 3597746 
65536 4244757 
65536 5752053 
65536 6581072 
65536 6110095 
65536 4941513 
65536 3571626 
65536 4332065 
65536 3429811 
65536 9908454 
65536 5915899 
65536 5393994 
65536 2707949 
65536 3828726 
65536 4893450 
65536 5363134 
65536 3289855 
65536 4303241 
65536 6019408 
65536 3621951 
65536 3393608 
65536 5191078 
65536 4095873 
65536 5259167 
65536 3147013 
65536 4929089 
65536 4163959 
65536 5864827 
65536 5089115 
65536 4806180 
65536 4674376 
65536 1983516 
65536 2930616 
65536 3664391 
65536 4141751 
65536 4100085 
65536 2297657 
65536 6335962 
65536 5365662 
65536 2094974 
65536 6556961 
65536 6088532 
65536 4523220 
65536 4308235 
65536 6317632 
65536 2916385 
65536 6423328 
65536 4201517 
65536 3254894 
65536 4511658 
65536 4166588 
65536 2832611 
65536 9337004 
65536 2579908 
65536 4044838 
65536 5737759 
65536 3779923 
65536 4976191 
65536 4513490 
65536 3196756 
65536 3987687 
65536 3524559 
65536 4175991 
65536 3362438 
65536 3740186 
65536 4225067 
65536 4818799 
65536 3915040 
65536 2243671 
65536 2584556 
65536 3718735 
65536 3612452 
65536 3039312 
65536 2667977 
65536 2349439 
65536 6089044 
65536 4701184 
65536 4022825 
65536 4208478 
65536 6299883 
65536 4406240 
65536 4567213 
65536 4074488 
65536 4420795 
65536 3082711 
65536 5093609 
65536 8014662 
65536 6266146 
65536 3602269 
65536 5314427 
65536 3817560 
65536 3868923 
65536 4100473 
65536 3965409 
65536 2984902 
65536 7022563 
65536 3199923 
65536 4330079 
65536 7664622 
65536 5445691 
65536 6862477 
65536 3242879 
65536 5939868 
65536 3973874 
65536 5067623 
65536 2913418 
65536 2589505 
65536 2290262 
65536 4482958 
65536 3992298 
65536 4852990 
65536 5173893 
65536 2869054 
65536 4422658 
65536 2028201 
65536 3205271 
65536 2917509 
65536 2483106 
65536 3341157 
65536 2595791 
65536 4721572 
65536 3261075 
65536 5040880 
65536 3780611 
65536 6366783 
65536 4784057 
65536 3329714 
65536 6164762 
65536 4566262 
