256 2806135 
256 5316802 
256 5406391 
256 2973924 
256 3429195 
256 2861397 
256 2680592 
256 2495316 
256 5192842 
256 6786809 
256 5707134 
256 4767521 
256 4061833 
256 3816042 
256 7231854 
256 4647082 
256 4511979 
256 4661177 
256 7124723 
256 2996725 
256 6768840 
256 9005022 
256 7434293 
256 7754167 
256 5038817 
256 2782316 
256 2301430 
256 5225803 
256 8361147 
256 7339410 
256 2994421 
256 8153902 
256 4141045 
256 8300975 
256 4473451 
256 2862248 
256 6658341 
256 3116878 
256 5533059 
256 2070440 
256 2454779 
256 3307561 
256 5150256 
256 5849409 
256 3996239 
256 4089920 
256 5213447 
256 4819855 
256 1194599 
256 9172770 
256 6233203 
256 3112968 
256 2149753 
256 3864056 
256 2377430 
256 4565035 
256 3514817 
256 3854723 
256 2751931 
256 6494872 
256 4422733 
256 7582630 
256 5871600 
256 6241295 
256 5182310 
256 3950202 
256 3336947 
256 3552137 
256 2614702 
256 4962511 
256 2698261 
256 4352203 
256 2333138 
256 2758045 
256 4219035 
256 2615088 
256 4515365 
256 4310698 
256 2783203 
256 1917142 
256 4880138 
256 4607429 
256 4359843 
256 8201041 
256 4676960 
256 3390252 
256 2841217 
256 2501056 
256 3272732 
256 5579404 
256 7044166 
256 3982576 
256 4554593 
256 6319537 
256 4707875 
256 4039015 
256 6113953 
256 6635381 
256 5239465 
256 4469733 
256 3994763 
256 5309595 
256 4955908 
256 6769496 
256 4528898 
256 2918041 
256 5647558 
256 6721011 
256 2553395 
256 2633896 
256 5264256 
256 1949941 
256 2684061 
256 4673622 
256 4878384 
256 3150026 
256 6225382 
256 4164706 
256 4425272 
256 2830709 
256 4447751 
256 6792818 
256 3327209 
256 4435617 
256 2682648 
256 4552706 
256 2769298 
256 5084499 
256 3565425 
256 3217113 
256 3436086 
256 6940342 
256 4822063 
256 4803974 
256 4021742 
256 3050420 
256 6108136 
256 6494910 
256 7456268 
256 4538537 
256 3594840 
256 2871536 
256 6738577 
256 6754354 
256 3776489 
256 2635412 
256 4082404 
256 5891650 
256 4761340 
256 1942860 
256 6685955 
256 5167762 
256 6269415 
256 6146338 
256 4446415 
256 5379807 
256 3211323 
256 2560061 
256 2982378 
256 1960260 
256 3965204 
256 4158262 
256 6396604 
256 6868537 
256 4342823 
256 2435162 
256 6093555 
256 4486935 
256 5109722 
256 5285104 
256 5585070 
256 7868726 
256 3480566 
256 5006326 
256 4498443 
256 8220050 
256 3776007 
256 4045351 
256 4553393 
256 3933070 
256 4848024 
256 4618872 
256 3849262 
256 6442358 
256 4342080 
256 2735277 
256 4810183 
256 4753742 
256 5899867 
256 4386111 
256 3282427 
256 5218536 
256 5597410 
256 2228400 
256 5400602 
256 4680306 
256 3411268 
256 7565836 
256 5398333 
256 1989009 
256 4565725 
256 4930604 
256 4161443 
256 4926721 
256 6927540 
256 4745401 
256 3429811 
256 4168137 
256 3221764 
256 8345214 
256 3279933 
256 3259424 
256 6830612 
256 3467196 
256 2466225 
256 7714495 
256 1610364 
256 3128840 
256 7351000 
256 2978289 
256 5490854 
256 8217563 
256 3956931 
256 2939870 
256 3809249 
256 4342399 
256 3733522 
256 6923158 
256 5058183 
256 3251711 
256 4484320 
256 4899683 
256 5030394 
256 4119432 
256 4513338 
256 3663187 
256 2800049 
256 2454695 
256 3342772 
256 3070139 
256 3294932 
256 5223636 
256 4795189 
256 2447274 
256 3169304 
256 6446894 
256 4520571 
256 5512002 
256 2789105 
256 4025063 
256 1839254 
256 3268670 
256 5512177 
256 4273469 
256 2914816 
256 3563443 
256 3499206 
256 4121920 
256 2563429 
256 3234979 
256 3844951 
256 2877268 
256 7191310 
256 5585052 
256 2459106 
256 3744973 
256 3026126 
256 3960115 
256 2760314 
256 5261811 
256 4220423 
256 2187731 
256 6300954 
256 3627182 
256 1882185 
256 3087202 
256 5074164 
256 7393909 
256 4532423 
256 4650517 
256 5032387 
256 3759316 
256 6007466 
256 4956100 
256 4958789 
256 4548553 
256 3958259 
256 2580434 
256 5017552 
256 9645026 
256 4156613 
256 3048373 
256 2408852 
256 3313983 
256 5878426 
256 3324147 
256 4248753 
256 3435250 
256 3884125 
256 4643450 
256 4993065 
256 3237661 
256 2598076 
256 4528882 
256 6222165 
256 4248224 
256 3117034 
256 2775557 
256 6196916 
256 4457637 
256 6847313 
256 7145121 
256 4000998 
256 1794807 
256 3824342 
256 8005103 
256 6628367 
256 3282953 
256 6051750 
256 6924523 
256 3689465 
256 8984371 
256 5236462 
256 4544094 
256 5322623 
256 3079925 
256 2346829 
256 4935728 
256 2751738 
256 2055130 
256 5566002 
256 3047735 
256 2442487 
256 4626645 
256 8464502 
256 4974924 
256 4502634 
256 2827704 
256 4650032 
256 5789131 
256 4953608 
256 7576080 
256 4417699 
256 2601471 
256 5418015 
256 5037102 
256 4215261 
256 5971847 
256 1643389 
256 4742618 
256 2471247 
256 6247177 
256 4369776 
256 2718254 
256 6641701 
256 6024871 
256 2442649 
256 4543324 
256 4256473 
256 2643809 
256 4743323 
256 3029186 
256 6664632 
256 4272831 
256 2779172 
256 2369327 
256 6613154 
256 5201346 
256 5028204 
256 2768634 
256 4001927 
256 2810255 
256 2831116 
256 6422440 
256 4673507 
256 3137715 
256 1977377 
256 2951324 
256 3899820 
256 4033638 
256 4048343 
256 3232395 
256 7158263 
256 5155058 
256 4387507 
256 2719615 
256 4610651 
256 3453843 
256 4754568 
256 1902612 
256 4301674 
256 4917323 
256 2292941 
256 5720926 
256 2004159 
256 2899764 
256 2233841 
256 6522257 
256 7085604 
256 3704028 
256 5263277 
256 4887167 
256 8715904 
256 4103345 
256 2969816 
256 4109000 
256 8019835 
256 3315749 
256 2527848 
256 6112286 
256 2385644 
256 2537387 
256 4926976 
256 6315348 
256 5214439 
256 3307837 
256 3527578 
256 3498533 
256 3033799 
256 2871862 
256 7282338 
256 9207927 
256 3329774 
256 5334859 
256 3203460 
256 2178922 
256 6907782 
256 3450539 
256 6593165 
256 5585006 
256 2908436 
256 2831452 
256 3581463 
256 3447387 
256 4358107 
256 4689898 
256 4400303 
256 4116132 
256 3772982 
256 5869259 
256 5068085 
256 6089351 
256 7252088 
256 3577049 
256 3849840 
256 4687502 
256 3744518 
256 5270771 
256 5254170 
256 4953586 
256 2482884 
256 2686604 
256 5740312 
256 3877519 
256 3447658 
256 3028593 
256 8205237 
256 2893372 
256 4523780 
256 2764686 
256 3303966 
256 2382431 
256 4481748 
256 4792526 
256 6256840 
256 2727052 
256 4918350 
256 5762221 
256 2815850 
256 3632191 
256 3685016 
256 2438651 
256 4671702 
256 4208995 
256 6342982 
256 5502806 
256 3786251 
256 3480989 
256 3996119 
256 4038555 
256 2443584 
256 2463460 
256 3082525 
256 2613331 
256 3354105 
256 6541491 
256 6121420 
256 4986294 
256 4864613 
256 2858260 
256 1607014 
256 2221250 
256 3917933 
256 5686406 
256 3169762 
256 5302481 
256 4373771 
256 3259917 
256 4537398 
256 6585979 
256 5853108 
256 3575095 
256 2799478 
256 2770398 
256 3151617 
256 4341060 
256 4316317 
256 2673589 
256 4979266 
256 4356118 
256 5678358 
256 3398718 
256 4327559 
256 5098406 
256 3854827 
256 5751433 
256 4969550 
256 5260926 
256 4399957 
256 3310855 
256 5112538 
256 4959762 
256 9230873 
256 6011592 
256 2823602 
256 3532075 
256 4253308 
256 3465696 
256 2396058 
256 4331468 
256 3861769 
256 2185693 
256 3527972 
256 2994003 
256 1759524 
256 4119181 
256 3279148 
256 9375420 
256 4656301 
256 6713335 
256 3438048 
256 4979803 
256 2970756 
256 6456525 
256 1660636 
256 5884011 
256 3862327 
256 2377408 
256 6260310 
256 4384417 
256 4263170 
256 3619197 
256 3359466 
256 4696407 
256 6599157 
256 4411602 
256 8318194 
256 2551592 
256 6618134 
256 4061876 
256 2591641 
256 6206217 
256 3389516 
256 3202499 
256 3966078 
256 8428861 
256 4250941 
256 3968860 
256 4204143 
256 3520218 
256 4408319 
256 2327390 
256 6288091 
256 4319790 
256 3704804 
256 2629130 
256 4374308 
256 3799300 
256 10925063 
256 5704105 
256 3319217 
256 7035907 
256 3550749 
256 1163960 
256 4477848 
256 3676937 
256 6457406 
256 3718090 
256 6775732 
256 5306626 
256 4680948 
256 3397467 
256 2530955 
256 3303511 
256 3039175 
256 10404544 
256 2656501 
256 3781843 
256 4254478 
256 4324793 
256 2631818 
256 2876443 
256 4310264 
256 8816620 
256 7111747 
256 5480976 
256 6772096 
256 3871195 
256 4391347 
256 4947201 
256 3816500 
256 2574165 
256 2485945 
256 4666459 
256 5098244 
256 3193869 
256 1923717 
256 5193577 
256 3061393 
256 5532157 
256 3740894 
256 4643724 
256 3948896 
256 4633372 
256 3258800 
256 10477172 
256 4124338 
256 5741604 
256 2714878 
256 3869453 
256 5195160 
256 2167987 
256 6874982 
256 6300892 
256 3263925 
256 7174488 
256 5866523 
256 2838665 
256 4131208 
256 2974832 
256 3079306 
256 6057603 
256 4069975 
256 2887129 
256 3573964 
256 4777114 
256 4309162 
256 3583848 
256 3327374 
256 2843295 
256 2068611 
256 6102034 
256 6642693 
256 5699925 
256 4778462 
256 5038966 
256 7779386 
256 4425616 
256 2276222 
256 4222402 
256 3059964 
256 6054627 
256 2613257 
256 3077158 
256 5618661 
256 4046352 
256 5787205 
256 2636229 
256 5873899 
256 5591458 
256 5259859 
256 2920838 
256 5387675 
256 4266258 
256 6171082 
256 4784075 
256 6519283 
256 3041782 
256 2821928 
256 3384966 
256 5171628 
256 1853232 
256 3276262 
256 6243785 
256 6173035 
256 2650777 
256 2641861 
256 4411549 
256 3246528 
256 5880245 
256 3242211 
256 3046231 
256 3136259 
256 2403814 
256 8273985 
256 5036471 
256 3654278 
256 2376160 
256 2482091 
256 4172647 
256 3452964 
256 2898030 
256 3128660 
256 7497764 
256 4949928 
256 3436301 
256 5817239 
256 7407705 
256 3018715 
256 5111063 
256 3425951 
256 2744703 
256 1145165 
256 4203752 
256 4116733 
256 3583621 
256 6321525 
256 3725702 
256 2635747 
256 6753968 
256 4147528 
256 7866176 
256 3229608 
256 2289124 
256 3634673 
256 4367231 
256 2157665 
256 3872032 
256 3529167 
256 2414847 
256 5708649 
256 5173764 
256 3107716 
256 4934770 
256 4594618 
256 4625001 
256 3549245 
256 4309481 
256 4298009 
256 5813619 
256 4649529 
256 3574742 
256 3719548 
256 5323950 
256 4994000 
256 5251727 
256 3311033 
256 2770868 
256 1486508 
256 6185376 
256 3398959 
256 2573617 
256 6870175 
256 6336797 
256 3732639 
256 6890208 
256 3232931 
256 6074488 
256 3868477 
256 2551230 
256 2547615 
256 6007036 
256 4909149 
256 2494233 
256 4398941 
256 3373200 
256 6206095 
256 4954845 
256 5292297 
256 3560813 
256 4359989 
256 2565417 
256 4759299 
256 2896393 
256 6107324 
256 4995595 
256 2628441 
256 1925671 
256 4147913 
256 9242664 
256 7511772 
256 5741765 
256 7228578 
256 6495163 
256 3958951 
256 2945674 
256 3813071 
256 3966581 
256 4069012 
256 5177678 
256 4117545 
256 6211887 
256 4513357 
256 2232551 
256 2376333 
256 3036852 
256 6499843 
256 6231728 
256 3007667 
256 4198321 
256 4563479 
256 2843268 
256 2971288 
256 4589390 
256 4463435 
256 3685733 
256 4944690 
256 2271578 
256 4034525 
256 9319023 
256 4431222 
256 2175678 
256 6072735 
256 3993410 
256 6152557 
256 3375797 
256 3112581 
256 6989501 
256 4044860 
256 4582083 
256 5789825 
256 6623177 
256 6016893 
256 3164325 
256 3082136 
256 5479638 
256 6341963 
256 3139859 
256 2401125 
256 4133391 
256 4643744 
256 4752869 
256 4509843 
256 3097008 
256 5958406 
256 4219897 
256 5246645 
256 2993864 
256 3958124 
256 2192765 
256 4254773 
256 2783471 
256 2530363 
256 6799257 
256 3691498 
256 2950776 
256 8463565 
256 4027464 
256 6695280 
256 3477459 
256 4253019 
256 3367023 
256 3791899 
256 4130486 
256 2709027 
256 2893916 
256 1885971 
256 4712225 
256 4337250 
256 3666002 
256 2963764 
256 4781104 
256 4621017 
256 1813317 
256 1283364 
256 3591803 
256 5306133 
256 7509166 
256 5953996 
256 5079296 
256 5024818 
256 3654410 
256 4119067 
256 5636180 
256 6675810 
256 6153702 
256 4714052 
256 3412343 
256 4484386 
256 3369143 
256 9431261 
256 6603559 
256 6208198 
256 2688636 
256 3585813 
256 5059270 
256 5589923 
256 3499897 
256 4460239 
256 6119476 
256 3750272 
256 3261642 
256 5387376 
256 4094428 
256 5389502 
256 2321882 
256 4905010 
256 4528270 
256 5855047 
256 5032096 
256 4640893 
256 4691248 
256 2054267 
256 3010313 
256 3621466 
256 4241009 
256 4199087 
256 2292116 
256 6593503 
256 5155821 
256 1886130 
256 6625966 
256 6285604 
256 4516141 
256 4528794 
256 5649318 
256 3042706 
256 6390637 
256 3420840 
256 3545119 
256 4602810 
256 4307568 
256 2871784 
256 9436485 
256 2550428 
256 4846353 
256 5879243 
256 3611032 
256 4775199 
256 4578921 
256 3503354 
256 3964231 
256 3974293 
256 4350629 
256 3341970 
256 3962808 
256 4255903 
256 4783493 
256 3898280 
256 2414680 
256 2728324 
256 4150376 
256 4125409 
256 3098030 
256 2570001 
256 2254917 
256 5963784 
256 4681666 
256 4396264 
256 4248311 
256 5945129 
256 4409926 
256 4524972 
256 4276280 
256 4584536 
256 2378526 
256 5336185 
256 8816689 
256 5196874 
256 3617110 
256 5074129 
256 3576058 
256 3942441 
256 3977727 
256 4996433 
256 2970407 
256 6119047 
256 2934634 
256 4148333 
256 7316698 
256 6022498 
256 6591479 
256 3467069 
256 5783837 
256 3741972 
256 5411313 
256 2930403 
256 2555408 
256 2239278 
256 4490985 
256 4746995 
256 4794474 
256 5128647 
256 2779395 
256 4376237 
256 2063615 
256 3254705 
256 2885404 
256 2928657 
256 3286454 
256 2609971 
256 3965259 
256 3332579 
256 5348884 
256 3649030 
256 6271016 
256 4768040 
256 3285520 
256 5375394 
256 3970423 
