65536 1780846 
65536 3673175 
65536 3306356 
65536 2190824 
65536 1991610 
65536 2168890 
65536 1944459 
65536 2036927 
65536 3695363 
65536 5103340 
65536 4609557 
65536 3710103 
65536 3482128 
65536 3116207 
65536 5478546 
65536 3298931 
65536 3351546 
65536 3420305 
65536 5359212 
65536 2143288 
65536 5399427 
65536 6607108 
65536 6451597 
65536 6610896 
65536 4328151 
65536 2079695 
65536 2030886 
65536 4509876 
65536 6494366 
65536 5065446 
65536 2559375 
65536 5656390 
65536 3489007 
65536 6294785 
65536 3255956 
65536 2274081 
65536 4909434 
65536 2467003 
65536 4291696 
65536 1583013 
65536 2441501 
65536 3067083 
65536 3433759 
65536 5053822 
65536 3956102 
65536 4077170 
65536 4527907 
65536 3233686 
65536 1157794 
65536 7369206 
65536 5224242 
65536 1910714 
65536 1874079 
65536 2729434 
65536 1943331 
65536 4878651 
65536 2918920 
65536 3238588 
65536 2340341 
65536 5020565 
65536 4078964 
65536 7401371 
65536 4740675 
65536 5343616 
65536 4401039 
65536 3149249 
65536 2276483 
65536 2844553 
65536 1994548 
65536 4222239 
65536 2390298 
65536 3905275 
65536 2011186 
65536 2098439 
65536 3348558 
65536 2231216 
65536 3373819 
65536 3109741 
65536 2243130 
65536 1512900 
65536 4223369 
65536 3769148 
65536 3897505 
65536 5639996 
65536 3236846 
65536 2758796 
65536 2043010 
65536 1928211 
65536 2796178 
65536 4915096 
65536 6011568 
65536 3090757 
65536 3797878 
65536 5504086 
65536 4067890 
65536 2935252 
65536 5876436 
65536 5189614 
65536 3716966 
65536 3482958 
65536 3302528 
65536 3765073 
65536 4226959 
65536 5019653 
65536 3364059 
65536 2412675 
65536 4277932 
65536 5167734 
65536 2332224 
65536 2420208 
65536 4084152 
65536 1725390 
65536 2111531 
65536 3515195 
65536 3899697 
65536 2825183 
65536 4333186 
65536 3727313 
65536 3235299 
65536 2394249 
65536 3588805 
65536 4695498 
65536 2972445 
65536 3619479 
65536 2357530 
65536 4003036 
65536 2423120 
65536 4678939 
65536 2976939 
65536 2467160 
65536 3007505 
65536 4760029 
65536 3476097 
65536 3286894 
65536 3028841 
65536 2721279 
65536 5740681 
65536 4747338 
65536 5698286 
65536 3618627 
65536 2914268 
65536 2030546 
65536 5824794 
65536 4685360 
65536 3345654 
65536 2149176 
65536 3579341 
65536 4768963 
65536 3835866 
65536 1574004 
65536 4952298 
65536 5686274 
65536 4887844 
65536 5486237 
65536 3970657 
65536 4545030 
65536 2842344 
65536 2439376 
65536 2163765 
65536 1655548 
65536 3153447 
65536 3268293 
65536 2855632 
65536 5184671 
65536 3258182 
65536 1706956 
65536 5207129 
65536 3955292 
65536 4021802 
65536 4577208 
65536 2767072 
65536 5119601 
65536 2547540 
65536 4528530 
65536 4289435 
65536 6276739 
65536 3148428 
65536 3338841 
65536 4122641 
65536 3337085 
65536 3462824 
65536 3598666 
65536 2659618 
65536 5680341 
65536 3396330 
65536 2026686 
65536 4251493 
65536 3632241 
65536 4396071 
65536 3727066 
65536 2249597 
65536 3712938 
65536 4776838 
65536 1885713 
65536 4658075 
65536 4067706 
65536 3002399 
65536 6171583 
65536 4449356 
65536 1784686 
65536 3411943 
65536 3903451 
65536 3960553 
65536 3481173 
65536 5182044 
65536 3988601 
65536 2976074 
65536 3424107 
65536 2578981 
65536 6053576 
65536 2775012 
65536 2771544 
65536 5434983 
65536 2843997 
65536 2026489 
65536 6009471 
65536 1281549 
65536 2605543 
65536 5610509 
65536 2645881 
65536 3741213 
65536 7426895 
65536 3230833 
65536 2190601 
65536 3577583 
65536 3619035 
65536 2903205 
65536 5109783 
65536 4211879 
65536 2615199 
65536 4006965 
65536 4223683 
65536 4214912 
65536 3857946 
65536 3077920 
65536 3232554 
65536 2312515 
65536 2190500 
65536 2826260 
65536 1983344 
65536 2892481 
65536 4026981 
65536 4071478 
65536 2415397 
65536 2615591 
65536 5734433 
65536 3844336 
65536 4180429 
65536 2247616 
65536 3387522 
65536 1537982 
65536 2935787 
65536 4708307 
65536 3705959 
65536 2029202 
65536 2900217 
65536 2662724 
65536 3581492 
65536 2155296 
65536 2425753 
65536 3154971 
65536 2076439 
65536 6158309 
65536 4513439 
65536 2216428 
65536 3216194 
65536 2887175 
65536 3350501 
65536 2042729 
65536 4055912 
65536 3847477 
65536 1913959 
65536 5443786 
65536 2814007 
65536 1630425 
65536 2546213 
65536 3663626 
65536 6220269 
65536 3824904 
65536 3669271 
65536 4201379 
65536 3019640 
65536 5400970 
65536 4346283 
65536 4428746 
65536 3976483 
65536 3714231 
65536 1834708 
65536 4540505 
65536 7858166 
65536 3440756 
65536 2640771 
65536 2128996 
65536 3099745 
65536 4467758 
65536 3087184 
65536 3772160 
65536 2996070 
65536 3613267 
65536 3336093 
65536 4682658 
65536 2954756 
65536 2367409 
65536 3931095 
65536 5759968 
65536 3977282 
65536 2770391 
65536 2490281 
65536 5677222 
65536 3481742 
65536 6176744 
65536 5687456 
65536 3174502 
65536 1669910 
65536 3648369 
65536 6030797 
65536 5960026 
65536 2959023 
65536 5402973 
65536 5167468 
65536 3326605 
65536 7612110 
65536 4630121 
65536 3991511 
65536 3941131 
65536 2989999 
65536 2201391 
65536 4571941 
65536 2030438 
65536 1669165 
65536 4612303 
65536 2762415 
65536 2128039 
65536 3666788 
65536 7251798 
65536 4506849 
65536 3894614 
65536 2537937 
65536 4245561 
65536 4420119 
65536 4189086 
65536 7026475 
65536 3653172 
65536 2303923 
65536 4348197 
65536 4560275 
65536 3248820 
65536 5494020 
65536 1423078 
65536 4133061 
65536 2149050 
65536 5906756 
65536 4086747 
65536 2647942 
65536 6001561 
65536 4772954 
65536 2108135 
65536 4124588 
65536 3492984 
65536 2574354 
65536 4085810 
65536 2664492 
65536 5659084 
65536 3522422 
65536 2353128 
65536 2139196 
65536 6043891 
65536 4641448 
65536 4441046 
65536 2426062 
65536 3686323 
65536 2458512 
65536 2508732 
65536 5482618 
65536 3525711 
65536 2655528 
65536 1756064 
65536 2702216 
65536 3246846 
65536 3124014 
65536 3628975 
65536 2884438 
65536 5757299 
65536 3765430 
65536 3744160 
65536 2562007 
65536 4012743 
65536 3086456 
65536 4208730 
65536 1591231 
65536 4245520 
65536 3732093 
65536 2198706 
65536 4572709 
65536 1913549 
65536 2744823 
65536 1989502 
65536 5776292 
65536 5891608 
65536 3367546 
65536 4975056 
65536 4476937 
65536 7237870 
65536 3136462 
65536 2760019 
65536 3508000 
65536 6501988 
65536 3050686 
65536 2257454 
65536 5372607 
65536 2202398 
65536 2387624 
65536 3937078 
65536 4526244 
65536 4909705 
65536 2924589 
65536 3198665 
65536 3232912 
65536 2767519 
65536 2781755 
65536 5750189 
65536 8219369 
65536 2952633 
65536 4502527 
65536 2890810 
65536 1845942 
65536 6370154 
65536 2906932 
65536 5856847 
65536 5067226 
65536 2775414 
65536 2562294 
65536 3250927 
65536 3418676 
65536 3992127 
65536 4220812 
65536 3951131 
65536 3462269 
65536 2681435 
65536 4628903 
65536 4601490 
65536 4760313 
65536 5907447 
65536 2949610 
65536 3317701 
65536 4263852 
65536 3502263 
65536 4644851 
65536 4516252 
65536 3445559 
65536 2294317 
65536 2353092 
65536 4366138 
65536 3095362 
65536 3081113 
65536 2618559 
65536 6799931 
65536 2687549 
65536 3840310 
65536 2740722 
65536 2943141 
65536 2191888 
65536 3832887 
65536 4374591 
65536 5641512 
65536 2434900 
65536 4634142 
65536 4520366 
65536 2434491 
65536 3040747 
65536 3200603 
65536 2060477 
65536 4048812 
65536 3106350 
65536 5308800 
65536 4911650 
65536 3309316 
65536 3038558 
65536 3304948 
65536 3419255 
65536 2147885 
65536 2127789 
65536 2836828 
65536 2181355 
65536 2692256 
65536 5417869 
65536 5607450 
65536 4252489 
65536 4249134 
65536 2636642 
65536 1402882 
65536 1767566 
65536 3270641 
65536 4634295 
65536 2948925 
65536 4484698 
65536 3673377 
65536 2895175 
65536 3996311 
65536 5253411 
65536 5124503 
65536 3282911 
65536 2474577 
65536 2064214 
65536 2748275 
65536 3897709 
65536 3989164 
65536 2415248 
65536 3750228 
65536 3522426 
65536 4563368 
65536 3525589 
65536 3445606 
65536 4706896 
65536 3515980 
65536 5254934 
65536 4460612 
65536 4436809 
65536 3989692 
65536 2915839 
65536 4381801 
65536 4555359 
65536 7731468 
65536 5884269 
65536 2616757 
65536 3119489 
65536 3950859 
65536 3599488 
65536 2127377 
65536 3968820 
65536 3065212 
65536 2075893 
65536 3022810 
65536 2818053 
65536 1551608 
65536 3870476 
65536 3033636 
65536 8321711 
65536 4162898 
65536 6209065 
65536 3008091 
65536 4552610 
65536 2719197 
65536 6073398 
65536 1571875 
65536 4909077 
65536 3454900 
65536 2082696 
65536 5512994 
65536 4663855 
65536 4075804 
65536 3445005 
65536 2835391 
65536 4351662 
65536 5359795 
65536 4014724 
65536 7648270 
65536 2225570 
65536 6031072 
65536 3775081 
65536 2254858 
65536 5208469 
65536 2935932 
65536 2979162 
65536 3774886 
65536 7414957 
65536 3819147 
65536 3727295 
65536 3877069 
65536 2951575 
65536 3478034 
65536 2344379 
65536 5305164 
65536 3159705 
65536 3465465 
65536 2353679 
65536 4249126 
65536 3510941 
65536 10111733 
65536 4856249 
65536 3138716 
65536 6441225 
65536 3241323 
65536 964399 
65536 3541043 
65536 3347414 
65536 5918628 
65536 3332623 
65536 6616840 
65536 4510852 
65536 4435834 
65536 3204635 
65536 2494550 
65536 2835201 
65536 2878227 
65536 10290817 
65536 2571759 
65536 3257813 
65536 3399473 
65536 3767659 
65536 2792661 
65536 2644626 
65536 4078816 
65536 7502957 
65536 6536184 
65536 4949033 
65536 6220645 
65536 3427246 
65536 3500920 
65536 4375660 
65536 3510879 
65536 2390773 
65536 2283002 
65536 4269592 
65536 4429728 
65536 3022366 
65536 1776716 
65536 4989841 
65536 2708590 
65536 4542194 
65536 3353520 
65536 4003587 
65536 3422283 
65536 4051035 
65536 2917248 
65536 8875463 
65536 3880053 
65536 5136244 
65536 2458819 
65536 3435573 
65536 4732697 
65536 1940455 
65536 6060294 
65536 5580901 
65536 3068984 
65536 5906090 
65536 5262651 
65536 2343600 
65536 3647693 
65536 2688273 
65536 2839565 
65536 5180538 
65536 3204597 
65536 2642862 
65536 3182554 
65536 4633771 
65536 3695721 
65536 3052036 
65536 2909725 
65536 2852922 
65536 1822926 
65536 5111934 
65536 5348832 
65536 4493910 
65536 3650239 
65536 3878086 
65536 7069583 
65536 3826818 
65536 2115780 
65536 3848284 
65536 2800274 
65536 5494292 
65536 2313407 
65536 2865913 
65536 4246005 
65536 3178018 
65536 5224273 
65536 2404771 
65536 4726958 
65536 4889150 
65536 4591930 
65536 2647167 
65536 4844595 
65536 3685603 
65536 5553311 
65536 4318202 
65536 5980419 
65536 2643123 
65536 2558745 
65536 2864218 
65536 4809652 
65536 1699818 
65536 2827564 
65536 5532119 
65536 4762681 
65536 2352607 
65536 2391058 
65536 4205873 
65536 2994854 
65536 4778559 
65536 3265315 
65536 2678324 
65536 2914757 
65536 2096459 
65536 7125181 
65536 4023004 
65536 3052571 
65536 2144200 
65536 2192435 
65536 3530229 
65536 3006266 
65536 2113291 
65536 2675299 
65536 6171011 
65536 4470283 
65536 3151720 
65536 5329719 
65536 6477120 
65536 2704239 
65536 4501149 
65536 3098055 
65536 2632652 
65536 1106210 
65536 3802750 
65536 3722297 
65536 3232101 
65536 4854885 
65536 2951625 
65536 2348847 
65536 6050273 
65536 3685104 
65536 6181039 
65536 2977698 
65536 2397642 
65536 3186240 
65536 4077569 
65536 1820787 
65536 3395850 
65536 3251041 
65536 2315597 
65536 5599006 
65536 4174084 
65536 2787998 
65536 4451082 
65536 4212246 
65536 4180081 
65536 3251883 
65536 3670590 
65536 3984227 
65536 4810864 
65536 4153716 
65536 3185686 
65536 3306261 
65536 4648084 
65536 4207578 
65536 4213115 
65536 2919192 
65536 1881602 
65536 1248479 
65536 5405231 
65536 2905231 
65536 1967735 
65536 5888498 
65536 5573841 
65536 2720533 
65536 5415817 
65536 2872478 
65536 5667320 
65536 3619725 
65536 2310003 
65536 2343375 
65536 4619157 
65536 4435209 
65536 2416688 
65536 3146263 
65536 3127849 
65536 4855783 
65536 4389753 
65536 4879142 
65536 3135017 
65536 4013204 
65536 2303419 
65536 3420535 
65536 2646837 
65536 5305477 
65536 4134900 
65536 2307054 
65536 1708488 
65536 3710178 
65536 7872703 
65536 7225718 
65536 5332719 
65536 5676501 
65536 5788101 
65536 3751200 
65536 2852217 
65536 3205621 
65536 3374107 
65536 3669649 
65536 4555147 
65536 2934561 
65536 5358356 
65536 3935177 
65536 2177727 
65536 2143173 
65536 2637375 
65536 6173294 
65536 5233636 
65536 2551958 
65536 3821399 
65536 3490556 
65536 2633446 
65536 2681133 
65536 3879957 
65536 3678041 
65536 3237211 
65536 4173754 
65536 2091650 
65536 3429301 
65536 8115351 
65536 3915729 
65536 2293969 
65536 5327932 
65536 3613916 
65536 5400636 
65536 2973943 
65536 2705265 
65536 5605212 
65536 3554285 
65536 4429650 
65536 5385789 
65536 5921254 
65536 5900980 
65536 2793741 
65536 2711288 
65536 4902401 
65536 5618111 
65536 3067763 
65536 1958480 
65536 3440631 
65536 3516598 
65536 4210161 
65536 3317056 
65536 2579427 
65536 5563068 
65536 3156866 
65536 4564692 
65536 2701281 
65536 3651817 
65536 2007493 
65536 3716604 
65536 2444697 
65536 2323659 
65536 6203649 
65536 3461177 
65536 2707067 
65536 7509529 
65536 3057677 
65536 6022147 
65536 3140092 
65536 3886268 
65536 2762512 
65536 3368990 
65536 3621611 
65536 2445268 
65536 2594465 
65536 1626135 
65536 4161544 
65536 3744301 
65536 3568060 
65536 2613773 
65536 3586771 
65536 3828936 
65536 1564451 
65536 1185832 
65536 3462648 
65536 4808599 
65536 6879198 
65536 5383737 
65536 4252818 
65536 4454301 
65536 3309346 
65536 3795610 
65536 4983944 
65536 5344922 
65536 5690526 
65536 4263789 
65536 3176298 
65536 4058553 
65536 2939977 
65536 8629977 
65536 5049167 
65536 4955663 
65536 2386463 
65536 3361338 
65536 4406311 
65536 4724876 
65536 3434461 
65536 3979104 
65536 5335020 
65536 3368433 
65536 3103813 
65536 4535727 
65536 3629997 
65536 4847035 
65536 2140576 
65536 4316249 
65536 3742489 
65536 5362620 
65536 5067035 
65536 4156818 
65536 4206364 
65536 1730302 
65536 2611466 
65536 3294943 
65536 3849820 
65536 3524372 
65536 2091341 
65536 5841687 
65536 4537172 
65536 1799068 
65536 5985169 
65536 5268149 
65536 4102155 
65536 3722356 
65536 5055815 
65536 2588390 
65536 5920035 
65536 3132899 
65536 3036327 
65536 4172681 
65536 3747541 
65536 2545147 
65536 7687017 
65536 2311251 
65536 3668013 
65536 5020799 
65536 3261649 
65536 4253095 
65536 3861182 
65536 2860427 
65536 3679298 
65536 3064057 
65536 3867821 
65536 3122888 
65536 3473448 
65536 3908819 
65536 4166369 
65536 3315946 
65536 2331698 
65536 2334274 
65536 3290760 
65536 3196721 
65536 2741960 
65536 2220610 
65536 2039559 
65536 4473601 
65536 4151663 
65536 3642210 
65536 3787635 
65536 5287966 
65536 3830704 
65536 4033532 
65536 3706055 
65536 3991977 
65536 2026641 
65536 4544289 
65536 7208779 
65536 4887498 
65536 3339739 
65536 4649241 
65536 3362537 
65536 3746139 
65536 3609017 
65536 3580599 
65536 2668850 
65536 5544978 
65536 2343650 
65536 3911141 
65536 6151283 
65536 4938265 
65536 5988621 
65536 3160069 
65536 5202044 
65536 3474495 
65536 4845160 
65536 2592803 
65536 2342054 
65536 2307089 
65536 4187986 
65536 3538480 
65536 4442346 
65536 4858597 
65536 2648984 
65536 4232027 
65536 1930627 
65536 2901152 
65536 2703958 
65536 2254453 
65536 2975771 
65536 2304481 
65536 3757944 
65536 3041632 
65536 4541301 
65536 3276656 
65536 5621750 
65536 4241138 
65536 3002678 
65536 4753126 
65536 3363823 
