4096 3056477 
4096 5750897 
4096 4858797 
4096 3289640 
4096 3654587 
4096 2680813 
4096 3534068 
4096 2816032 
4096 5610705 
4096 6282110 
4096 5676195 
4096 5256402 
4096 4557326 
4096 4095896 
4096 6930952 
4096 4554171 
4096 4401945 
4096 3774701 
4096 6043782 
4096 3301467 
4096 6332821 
4096 9316350 
4096 8131074 
4096 6920094 
4096 5316310 
4096 2878326 
4096 2502193 
4096 5610480 
4096 9205728 
4096 7310875 
4096 2970790 
4096 7334928 
4096 4016476 
4096 7472549 
4096 4375354 
4096 2938624 
4096 5881394 
4096 3517302 
4096 5462239 
4096 1885948 
4096 2882247 
4096 3851533 
4096 4377001 
4096 6388759 
4096 4780028 
4096 4363999 
4096 4970025 
4096 3915100 
4096 1456291 
4096 9260668 
4096 5676749 
4096 2724695 
4096 2104530 
4096 3441032 
4096 2323725 
4096 4358143 
4096 3306052 
4096 4178946 
4096 2836601 
4096 5585705 
4096 4502725 
4096 7361103 
4096 5741965 
4096 6462483 
4096 5102556 
4096 3976579 
4096 2673634 
4096 3371493 
4096 2833410 
4096 5175029 
4096 2804679 
4096 4804341 
4096 2353911 
4096 2744811 
4096 3705650 
4096 2715804 
4096 3737848 
4096 4106472 
4096 2409417 
4096 1985932 
4096 4892353 
4096 4526584 
4096 4394169 
4096 7135463 
4096 3817700 
4096 3309144 
4096 2314458 
4096 2769283 
4096 3503362 
4096 5525284 
4096 7476681 
4096 4533665 
4096 4370847 
4096 5999894 
4096 4687935 
4096 3508521 
4096 6689530 
4096 6164615 
4096 4161409 
4096 4443022 
4096 3731157 
4096 4698745 
4096 4787699 
4096 6234407 
4096 3934594 
4096 3026674 
4096 5455576 
4096 6264204 
4096 2643720 
4096 3013350 
4096 4789362 
4096 2006102 
4096 2663666 
4096 3899285 
4096 4963869 
4096 3065044 
4096 5505925 
4096 4038420 
4096 3932754 
4096 2810251 
4096 4788562 
4096 5973960 
4096 3203867 
4096 4710642 
4096 2717490 
4096 4681428 
4096 2745012 
4096 5221986 
4096 3649173 
4096 3231931 
4096 3430284 
4096 6542000 
4096 4062865 
4096 4358899 
4096 3415082 
4096 2913103 
4096 6751153 
4096 5643161 
4096 6500171 
4096 4022760 
4096 3365722 
4096 2803142 
4096 6372257 
4096 5760102 
4096 3550170 
4096 2437724 
4096 4087671 
4096 5447574 
4096 5226738 
4096 1729874 
4096 5579327 
4096 5563780 
4096 5187269 
4096 5981489 
4096 5353438 
4096 5395839 
4096 3190306 
4096 2632329 
4096 2474138 
4096 1995803 
4096 3587647 
4096 3640933 
4096 3299670 
4096 5544779 
4096 3634208 
4096 1980720 
4096 6353803 
4096 4957733 
4096 4832773 
4096 5749833 
4096 3132117 
4096 6500643 
4096 2977934 
4096 5189424 
4096 4903917 
4096 7842457 
4096 3742732 
4096 3801172 
4096 4706388 
4096 3454170 
4096 4110138 
4096 4026499 
4096 3132676 
4096 6939038 
4096 3715206 
4096 2561600 
4096 5322205 
4096 4150281 
4096 5665500 
4096 4209121 
4096 2558901 
4096 4647467 
4096 5768165 
4096 2390831 
4096 5266228 
4096 4592459 
4096 3555554 
4096 7281496 
4096 5074697 
4096 2034181 
4096 3903986 
4096 4633578 
4096 4464666 
4096 4082574 
4096 5685323 
4096 5019928 
4096 3663362 
4096 4486098 
4096 3207469 
4096 6779095 
4096 3227436 
4096 3392274 
4096 6061071 
4096 3200519 
4096 2610009 
4096 7773644 
4096 2354279 
4096 3205302 
4096 6397923 
4096 2886869 
4096 4263509 
4096 8003170 
4096 3791555 
4096 2455704 
4096 3887802 
4096 4177967 
4096 3620837 
4096 5698300 
4096 5188306 
4096 2866865 
4096 4397357 
4096 4966302 
4096 4973076 
4096 4275686 
4096 3398366 
4096 3695529 
4096 2591904 
4096 2447787 
4096 3291308 
4096 2379420 
4096 3316670 
4096 4517618 
4096 4900368 
4096 2593172 
4096 3229503 
4096 6598140 
4096 4520212 
4096 4804365 
4096 2566455 
4096 3861827 
4096 1761755 
4096 3478333 
4096 5271590 
4096 4197622 
4096 2332965 
4096 3552285 
4096 3016823 
4096 4084523 
4096 2385525 
4096 2644100 
4096 3726545 
4096 2212534 
4096 6844357 
4096 5204470 
4096 2239021 
4096 3802195 
4096 3099119 
4096 4137710 
4096 2584460 
4096 4498571 
4096 4206599 
4096 2344413 
4096 7121952 
4096 3193226 
4096 2056833 
4096 3058434 
4096 4439930 
4096 7117149 
4096 4443761 
4096 4609441 
4096 5412726 
4096 4200842 
4096 6300541 
4096 4937681 
4096 4920752 
4096 4385124 
4096 3970975 
4096 2097594 
4096 5466379 
4096 9465423 
4096 3652190 
4096 2733429 
4096 2275147 
4096 3418952 
4096 4791212 
4096 3470712 
4096 3966047 
4096 3275975 
4096 4079445 
4096 3845849 
4096 5046153 
4096 3377227 
4096 2791128 
4096 4189190 
4096 6208371 
4096 4330135 
4096 2998179 
4096 2711759 
4096 6648082 
4096 4005406 
4096 6964930 
4096 7477378 
4096 3586206 
4096 1904939 
4096 3918507 
4096 6702264 
4096 6273905 
4096 3245087 
4096 5991608 
4096 5671411 
4096 3697657 
4096 7884217 
4096 5844162 
4096 4750156 
4096 4441834 
4096 3101931 
4096 2260638 
4096 5279744 
4096 2136482 
4096 1831029 
4096 5233683 
4096 3045543 
4096 2289978 
4096 3854477 
4096 8386725 
4096 5060970 
4096 4525873 
4096 2820959 
4096 4898503 
4096 4815801 
4096 4450294 
4096 7522741 
4096 4051706 
4096 2529339 
4096 4391199 
4096 4976703 
4096 3690343 
4096 5903482 
4096 1381240 
4096 4311646 
4096 2326465 
4096 6628750 
4096 4635694 
4096 2878371 
4096 6472202 
4096 4888635 
4096 2360152 
4096 4324210 
4096 3884638 
4096 2827967 
4096 4558214 
4096 2848774 
4096 6319268 
4096 4116621 
4096 2612591 
4096 2418031 
4096 6705545 
4096 5812593 
4096 4827718 
4096 2651881 
4096 3882161 
4096 2929910 
4096 2562063 
4096 6069104 
4096 3787785 
4096 3186513 
4096 1943247 
4096 2973046 
4096 3470677 
4096 3423541 
4096 4155989 
4096 3078439 
4096 6168066 
4096 4295190 
4096 4439174 
4096 2658169 
4096 4456600 
4096 3655016 
4096 4496734 
4096 1757570 
4096 4406977 
4096 4208487 
4096 2334200 
4096 5336210 
4096 2121144 
4096 2893804 
4096 2313876 
4096 6227160 
4096 6145858 
4096 3546527 
4096 5061381 
4096 5487698 
4096 7908414 
4096 3614762 
4096 3136742 
4096 3659376 
4096 6806020 
4096 3267099 
4096 2473745 
4096 6405441 
4096 2321842 
4096 2472367 
4096 4095478 
4096 5699998 
4096 5145273 
4096 3222635 
4096 3769544 
4096 3389272 
4096 3000266 
4096 2874449 
4096 6303267 
4096 9600897 
4096 3054344 
4096 5092782 
4096 3074447 
4096 2035497 
4096 6971896 
4096 3223955 
4096 6332117 
4096 5504055 
4096 2899506 
4096 2802271 
4096 3450655 
4096 3456541 
4096 4363262 
4096 4506717 
4096 4303068 
4096 3682002 
4096 2995604 
4096 5416809 
4096 4962993 
4096 5407878 
4096 6223898 
4096 3158632 
4096 3627998 
4096 4548862 
4096 3694059 
4096 5135879 
4096 5378328 
4096 3831658 
4096 2786679 
4096 2569911 
4096 4923232 
4096 3759461 
4096 3615601 
4096 3110389 
4096 7057909 
4096 2847179 
4096 4336581 
4096 2830991 
4096 3439442 
4096 2372171 
4096 4178977 
4096 5198859 
4096 6291542 
4096 2599762 
4096 4972738 
4096 5084795 
4096 2882380 
4096 3409617 
4096 3808395 
4096 2283410 
4096 5132310 
4096 3371033 
4096 5770779 
4096 5247788 
4096 3629502 
4096 3318359 
4096 3937980 
4096 4022517 
4096 2350954 
4096 2336446 
4096 3049872 
4096 2311139 
4096 3003094 
4096 5462489 
4096 6447248 
4096 4894685 
4096 4938048 
4096 2724595 
4096 1584374 
4096 1999865 
4096 3928082 
4096 4954105 
4096 3449699 
4096 4999764 
4096 4187238 
4096 3123137 
4096 4328014 
4096 5458764 
4096 5640684 
4096 3520184 
4096 2785650 
4096 2157998 
4096 3010831 
4096 4223149 
4096 4539589 
4096 2618173 
4096 4162234 
4096 4146970 
4096 4735651 
4096 3303495 
4096 3695308 
4096 5179827 
4096 3796056 
4096 5828377 
4096 4444559 
4096 4990700 
4096 4287494 
4096 3235627 
4096 5308741 
4096 5433390 
4096 8527224 
4096 6411815 
4096 2928660 
4096 3252209 
4096 4315566 
4096 3409245 
4096 2366979 
4096 4077432 
4096 3197469 
4096 2125238 
4096 3383119 
4096 3023681 
4096 1755604 
4096 4210113 
4096 3194092 
4096 8604701 
4096 4649161 
4096 6407912 
4096 3462017 
4096 4875932 
4096 3095967 
4096 6779197 
4096 1725014 
4096 5066215 
4096 3891938 
4096 2161101 
4096 5929591 
4096 4515411 
4096 4295381 
4096 4047517 
4096 3138345 
4096 4962479 
4096 6199810 
4096 4281260 
4096 8254005 
4096 2385193 
4096 6649994 
4096 3941760 
4096 2898872 
4096 5630694 
4096 3209530 
4096 3014103 
4096 4105145 
4096 7608864 
4096 4138616 
4096 3932118 
4096 4081836 
4096 3354787 
4096 3848690 
4096 2322262 
4096 5955470 
4096 3480873 
4096 3921307 
4096 2658551 
4096 4326164 
4096 3746291 
4096 10737816 
4096 5567541 
4096 3411423 
4096 7135913 
4096 3660612 
4096 1112633 
4096 3687233 
4096 4079710 
4096 6024080 
4096 3571264 
4096 6885192 
4096 5311175 
4096 4620634 
4096 3300091 
4096 2546005 
4096 2957233 
4096 2889637 
4096 10558363 
4096 2485851 
4096 3840035 
4096 3830318 
4096 4201500 
4096 2663086 
4096 2935869 
4096 4792394 
4096 8090307 
4096 7167943 
4096 5336590 
4096 7142918 
4096 3840162 
4096 3840830 
4096 4623313 
4096 4082592 
4096 2531523 
4096 2536044 
4096 4728629 
4096 4960134 
4096 3313948 
4096 1943158 
4096 5168895 
4096 2875768 
4096 5463537 
4096 3761536 
4096 4951972 
4096 3878752 
4096 4393265 
4096 3243956 
4096 9289433 
4096 4187142 
4096 5557338 
4096 2653389 
4096 3739616 
4096 4975439 
4096 2078310 
4096 6662045 
4096 6078336 
4096 3278469 
4096 6428160 
4096 5842940 
4096 2747476 
4096 4054780 
4096 3112560 
4096 3075846 
4096 5953547 
4096 3438035 
4096 2820427 
4096 3522475 
4096 5250733 
4096 4145077 
4096 3797718 
4096 3245886 
4096 2932366 
4096 1932509 
4096 5757754 
4096 5640513 
4096 4793169 
4096 4070008 
4096 4451955 
4096 7994515 
4096 4319210 
4096 2440407 
4096 4239747 
4096 3014359 
4096 6090577 
4096 2588124 
4096 3069455 
4096 4647740 
4096 3533875 
4096 5840566 
4096 2600048 
4096 4960520 
4096 5874717 
4096 5322804 
4096 3055557 
4096 5165651 
4096 4255165 
4096 6383653 
4096 5040330 
4096 6436988 
4096 2931870 
4096 2714671 
4096 3453630 
4096 5294012 
4096 1792575 
4096 3183830 
4096 6240338 
4096 5104094 
4096 2611428 
4096 2697907 
4096 4428044 
4096 3546041 
4096 5033503 
4096 3832103 
4096 3108088 
4096 3200752 
4096 2380246 
4096 7563579 
4096 4216163 
4096 3449736 
4096 2459571 
4096 2413200 
4096 3836031 
4096 3331859 
4096 2464745 
4096 2982471 
4096 6479442 
4096 5155812 
4096 3212642 
4096 6028116 
4096 7444779 
4096 2982382 
4096 5004856 
4096 3311392 
4096 2756913 
4096 1284510 
4096 4330782 
4096 3976786 
4096 3835567 
4096 5298118 
4096 3204630 
4096 2864429 
4096 6545533 
4096 4179733 
4096 6945502 
4096 3193107 
4096 2342222 
4096 3932230 
4096 4372453 
4096 1908118 
4096 3659740 
4096 3513229 
4096 2419714 
4096 5703049 
4096 5190362 
4096 3106691 
4096 4666017 
4096 4405249 
4096 4653144 
4096 3546219 
4096 3958043 
4096 4290916 
4096 5713363 
4096 4656857 
4096 3442357 
4096 3753090 
4096 5390942 
4096 4446344 
4096 4559354 
4096 3324861 
4096 2239734 
4096 1350522 
4096 5737738 
4096 3168742 
4096 2283276 
4096 6365490 
4096 6545804 
4096 3108211 
4096 6355910 
4096 3203406 
4096 6424271 
4096 3557151 
4096 2600540 
4096 2519201 
4096 4986726 
4096 4846331 
4096 2563445 
4096 3593260 
4096 3464889 
4096 5459832 
4096 4707300 
4096 5639444 
4096 3345364 
4096 4362429 
4096 2672709 
4096 3848161 
4096 3053750 
4096 5841331 
4096 4399180 
4096 2526807 
4096 1912244 
4096 4180613 
4096 8515002 
4096 7445811 
4096 5849368 
4096 6498096 
4096 6602519 
4096 4205053 
4096 3147863 
4096 3557320 
4096 3702787 
4096 4166887 
4096 5460226 
4096 3220584 
4096 5787364 
4096 4681649 
4096 2429739 
4096 2302202 
4096 3081413 
4096 6348614 
4096 5767406 
4096 2799552 
4096 4282399 
4096 4001319 
4096 2735340 
4096 2960095 
4096 4243724 
4096 3957434 
4096 3432074 
4096 4814267 
4096 2185285 
4096 4048221 
4096 8865418 
4096 4362235 
4096 2278062 
4096 5742728 
4096 3961935 
4096 6452404 
4096 3342831 
4096 2936148 
4096 6095117 
4096 3828470 
4096 4660575 
4096 5641559 
4096 6322392 
4096 6087356 
4096 3142228 
4096 3071234 
4096 5375681 
4096 6092701 
4096 3226170 
4096 2098981 
4096 3891188 
4096 4034527 
4096 4484000 
4096 3672050 
4096 3054127 
4096 5814894 
4096 3392873 
4096 5012701 
4096 3112728 
4096 3891682 
4096 2333436 
4096 4517693 
4096 2649184 
4096 2921828 
4096 7028792 
4096 3768560 
4096 2926453 
4096 7767871 
4096 3380721 
4096 6828474 
4096 3600441 
4096 4521861 
4096 3100261 
4096 3674987 
4096 4078102 
4096 2469055 
4096 2847806 
4096 1867711 
4096 4998499 
4096 4064512 
4096 3940148 
4096 2805237 
4096 3926814 
4096 4319283 
4096 1826382 
4096 1361356 
4096 3776569 
4096 5374986 
4096 7716285 
4096 6250643 
4096 4605136 
4096 5080756 
4096 3622877 
4096 4242450 
4096 5537378 
4096 6452090 
4096 5899519 
4096 5340950 
4096 3952483 
4096 4620638 
4096 3261331 
4096 9766395 
4096 6038136 
4096 5878738 
4096 2649061 
4096 3546677 
4096 4645299 
4096 5283038 
4096 3313930 
4096 4274334 
4096 6074335 
4096 4140562 
4096 3443476 
4096 5097603 
4096 4106273 
4096 5054866 
4096 2696756 
4096 4914922 
4096 4164808 
4096 6053665 
4096 5007244 
4096 4644409 
4096 4812396 
4096 1841938 
4096 2919689 
4096 3558544 
4096 4032190 
4096 3945299 
4096 2313628 
4096 6335228 
4096 5089392 
4096 1984127 
4096 6420313 
4096 6242770 
4096 4519783 
4096 4226448 
4096 5494749 
4096 2689781 
4096 7127209 
4096 3707292 
4096 3241054 
4096 4470595 
4096 3956241 
4096 2698665 
4096 8592379 
4096 2367754 
4096 3861599 
4096 5814729 
4096 3630056 
4096 4696095 
4096 4357466 
4096 3245708 
4096 3984868 
4096 3575540 
4096 4305237 
4096 3409025 
4096 3800623 
4096 4064707 
4096 4666468 
4096 3964121 
4096 2325239 
4096 2794974 
4096 3592633 
4096 3372073 
4096 2896338 
4096 2541914 
4096 2271934 
4096 4969858 
4096 4763180 
4096 3778207 
4096 3973431 
4096 6070262 
4096 4775459 
4096 4944333 
4096 4187673 
4096 4301010 
4096 2219586 
4096 5136120 
4096 7729603 
4096 5213319 
4096 3578500 
4096 5026258 
4096 3743284 
4096 3653107 
4096 4468658 
4096 4034992 
4096 2940989 
4096 6496100 
4096 2475985 
4096 4192016 
4096 6934942 
4096 6146195 
4096 6773719 
4096 3406775 
4096 6201331 
4096 3631384 
4096 5488403 
4096 2958569 
4096 2554241 
4096 2316776 
4096 4286526 
4096 4036363 
4096 4995493 
4096 5069501 
4096 3042199 
4096 4173639 
4096 2045480 
4096 3295029 
4096 3021738 
4096 2417081 
4096 3296052 
4096 2518270 
4096 3936584 
4096 3129743 
4096 5144721 
4096 3746978 
4096 6596644 
4096 4591392 
4096 3328918 
4096 5349231 
4096 3847477 
