65536 2976139 
65536 5246948 
65536 5608781 
65536 3148797 
65536 3427675 
65536 2820624 
65536 2758004 
65536 2673389 
65536 5138813 
65536 7167255 
65536 5150769 
65536 4809735 
65536 4192043 
65536 4821756 
65536 7105771 
65536 4831331 
65536 4864928 
65536 4957225 
65536 7352040 
65536 3537149 
65536 6741510 
65536 9545345 
65536 7153811 
65536 6972422 
65536 4983842 
65536 3351089 
65536 2233901 
65536 6106651 
65536 9574668 
65536 7253462 
65536 2995637 
65536 8006620 
65536 3926536 
65536 11932451 
65536 4897202 
65536 2904063 
65536 7047670 
65536 3132406 
65536 5155294 
65536 2108785 
65536 3492769 
65536 3477054 
65536 5394556 
65536 7058520 
65536 4763554 
65536 4765184 
65536 5185325 
65536 4971839 
65536 1217132 
65536 9696451 
65536 6685742 
65536 2616357 
65536 2265861 
65536 4487114 
65536 3197251 
65536 4570228 
65536 3744929 
65536 4925574 
65536 3631932 
65536 6756902 
65536 4186578 
65536 7453976 
65536 6165297 
65536 6879517 
65536 5035103 
65536 4349836 
65536 2635537 
65536 3816304 
65536 3450922 
65536 5324989 
65536 2805350 
65536 4385822 
65536 2266921 
65536 2846735 
65536 4629669 
65536 2710813 
65536 4958152 
65536 4757744 
65536 3250261 
65536 2021665 
65536 6314320 
65536 4667520 
65536 4450880 
65536 6666872 
65536 5100532 
65536 7779255 
65536 3342384 
65536 3247291 
65536 3256921 
65536 11849626 
65536 6911751 
65536 4753803 
65536 5461990 
65536 6497840 
65536 4818356 
65536 4629855 
65536 6645416 
65536 7238567 
65536 5180756 
65536 4343389 
65536 4602500 
65536 4482681 
65536 4808348 
65536 5629602 
65536 4721784 
65536 3390339 
65536 5076584 
65536 6119901 
65536 2580030 
65536 2859963 
65536 4916292 
65536 2029746 
65536 3483008 
65536 4817618 
65536 4955943 
65536 3208966 
65536 5761483 
65536 5152391 
65536 4734022 
65536 2796559 
65536 4252780 
65536 6189816 
65536 3332357 
65536 5157458 
65536 2786228 
65536 4347269 
65536 2906185 
65536 4935179 
65536 3619569 
65536 3173577 
65536 3747452 
65536 6520082 
65536 4839829 
65536 4839775 
65536 3223222 
65536 3131214 
65536 7031702 
65536 5110682 
65536 6520175 
65536 4384397 
65536 3905612 
65536 3522422 
65536 7061110 
65536 6420264 
65536 3484509 
65536 2556079 
65536 4170468 
65536 5532319 
65536 4705308 
65536 1854373 
65536 6783001 
65536 5128205 
65536 5081927 
65536 6994468 
65536 4696931 
65536 5173863 
65536 4103037 
65536 2703562 
65536 2423039 
65536 1943423 
65536 3497406 
65536 7324525 
65536 3668576 
65536 5889622 
65536 3881207 
65536 2051381 
65536 8825504 
65536 4881886 
65536 7443289 
65536 5342863 
65536 3781196 
65536 6910827 
65536 2834023 
65536 5296529 
65536 6657483 
65536 7529454 
65536 3881930 
65536 4616797 
65536 4321345 
65536 3593924 
65536 4688053 
65536 4504657 
65536 3248651 
65536 6783071 
65536 4214806 
65536 2838390 
65536 4956827 
65536 4667664 
65536 6203155 
65536 4461299 
65536 2564288 
65536 4829585 
65536 6132855 
65536 2141602 
65536 6354661 
65536 5494593 
65536 3206276 
65536 6844039 
65536 5095065 
65536 2547461 
65536 4238323 
65536 4674360 
65536 4440558 
65536 4853701 
65536 6948026 
65536 4547363 
65536 3501158 
65536 4013751 
65536 3288568 
65536 6760945 
65536 3136645 
65536 3340244 
65536 7339764 
65536 3401420 
65536 2483782 
65536 8275053 
65536 1470696 
65536 3153261 
65536 6820835 
65536 2954126 
65536 5240502 
65536 8991000 
65536 3386884 
65536 3859699 
65536 4698746 
65536 4400416 
65536 3711229 
65536 5853968 
65536 5218458 
65536 3571634 
65536 4379593 
65536 4879053 
65536 5429903 
65536 4664560 
65536 4430364 
65536 3974729 
65536 2795200 
65536 3393818 
65536 3278878 
65536 3172247 
65536 3394702 
65536 4625463 
65536 4776273 
65536 3099791 
65536 4108547 
65536 7283579 
65536 4645374 
65536 4994084 
65536 2612168 
65536 4764458 
65536 2217083 
65536 3506179 
65536 6387508 
65536 5121385 
65536 2263569 
65536 3659818 
65536 3114667 
65536 5075612 
65536 2476503 
65536 2881754 
65536 3651289 
65536 3480596 
65536 7243696 
65536 6045234 
65536 2172282 
65536 3934885 
65536 3029408 
65536 4152057 
65536 2520948 
65536 5394981 
65536 4360252 
65536 2383368 
65536 6236690 
65536 3335490 
65536 1914878 
65536 3038049 
65536 4364625 
65536 7433023 
65536 4679953 
65536 4441608 
65536 5015967 
65536 4193158 
65536 6938266 
65536 5685879 
65536 4679824 
65536 5271552 
65536 4205215 
65536 3018979 
65536 4983243 
65536 8712540 
65536 3610603 
65536 3163998 
65536 3233385 
65536 3248928 
65536 4880100 
65536 3218323 
65536 5092678 
65536 3374669 
65536 4225760 
65536 3949206 
65536 5096616 
65536 3354974 
65536 2528130 
65536 4440600 
65536 6332482 
65536 4342133 
65536 3251618 
65536 2802184 
65536 6977103 
65536 4066094 
65536 7444983 
65536 6227781 
65536 3338093 
65536 1774384 
65536 3675754 
65536 7523189 
65536 6430417 
65536 3408600 
65536 7222430 
65536 5548943 
65536 3820240 
65536 9050769 
65536 4768515 
65536 4565223 
65536 4280126 
65536 3282165 
65536 2480406 
65536 4733317 
65536 2273382 
65536 1970556 
65536 6073560 
65536 3007999 
65536 2394456 
65536 5130038 
65536 8770897 
65536 5289754 
65536 4489667 
65536 2846641 
65536 4541508 
65536 4609330 
65536 4631868 
65536 8317465 
65536 4269657 
65536 2401628 
65536 5484963 
65536 4709968 
65536 3557412 
65536 6093717 
65536 1339946 
65536 4357685 
65536 3078243 
65536 6510861 
65536 4611224 
65536 3004288 
65536 7223327 
65536 5910555 
65536 2424855 
65536 4279393 
65536 4499933 
65536 2733628 
65536 4518837 
65536 3087521 
65536 6168053 
65536 4119133 
65536 2963703 
65536 2378775 
65536 6495681 
65536 4966822 
65536 5868755 
65536 2659576 
65536 4963434 
65536 2955562 
65536 2667513 
65536 6273859 
65536 4394261 
65536 3192605 
65536 1915799 
65536 3138771 
65536 4133160 
65536 3236311 
65536 4010555 
65536 3272846 
65536 6229304 
65536 4359321 
65536 4307172 
65536 2817856 
65536 4892743 
65536 3312799 
65536 4568040 
65536 1902001 
65536 4435509 
65536 4220039 
65536 2407997 
65536 4989535 
65536 2523226 
65536 3201413 
65536 2232029 
65536 6064929 
65536 6555564 
65536 3729262 
65536 5280110 
65536 5005455 
65536 8796248 
65536 3514347 
65536 3064990 
65536 3791041 
65536 6801730 
65536 3443745 
65536 2460257 
65536 5963041 
65536 3205530 
65536 2377390 
65536 5051960 
65536 6089594 
65536 5196752 
65536 3225437 
65536 4309940 
65536 3482162 
65536 3383050 
65536 2955532 
65536 7140451 
65536 9066005 
65536 3183310 
65536 4817834 
65536 3832525 
65536 2097278 
65536 7195979 
65536 3608172 
65536 7493348 
65536 6147837 
65536 3086143 
65536 2793906 
65536 4533239 
65536 4012635 
65536 4547099 
65536 4465837 
65536 4581760 
65536 4540224 
65536 3022208 
65536 5443353 
65536 5569733 
65536 5840143 
65536 6701191 
65536 3092341 
65536 3783195 
65536 5238600 
65536 3710913 
65536 5342748 
65536 5083753 
65536 4757916 
65536 2685624 
65536 2591222 
65536 5078168 
65536 4200454 
65536 3427810 
65536 3013601 
65536 7957595 
65536 2879370 
65536 4362683 
65536 2889991 
65536 3382377 
65536 2771163 
65536 4642596 
65536 4862873 
65536 6423952 
65536 3691006 
65536 5494098 
65536 5905943 
65536 2754936 
65536 3838810 
65536 3771613 
65536 2288546 
65536 4242488 
65536 3633999 
65536 6665707 
65536 6224313 
65536 4229683 
65536 3274904 
65536 3754226 
65536 4762432 
65536 2321187 
65536 2585209 
65536 3153276 
65536 3359530 
65536 3172596 
65536 5612079 
65536 6730107 
65536 5621028 
65536 5030159 
65536 3314352 
65536 1593016 
65536 2269252 
65536 3884751 
65536 5441743 
65536 3433970 
65536 5748564 
65536 5036281 
65536 3152790 
65536 4572019 
65536 5764429 
65536 5827299 
65536 3652451 
65536 2972514 
65536 2202502 
65536 3330089 
65536 4755574 
65536 4223776 
65536 2900104 
65536 4901112 
65536 3935884 
65536 4853474 
65536 3772661 
65536 4488354 
65536 5922075 
65536 4703165 
65536 5639387 
65536 4840358 
65536 5068174 
65536 4406992 
65536 3306929 
65536 5097910 
65536 4920783 
65536 9104869 
65536 6552648 
65536 3004033 
65536 3346288 
65536 4254261 
65536 3686756 
65536 2634363 
65536 4241023 
65536 3352945 
65536 2224807 
65536 3405474 
65536 3158371 
65536 1721136 
65536 3921566 
65536 3473645 
65536 9462251 
65536 4980919 
65536 6231850 
65536 3189698 
65536 5183076 
65536 3079306 
65536 5979029 
65536 2094133 
65536 5168473 
65536 4131369 
65536 2549388 
65536 5980321 
65536 4333729 
65536 4388950 
65536 4675131 
65536 3430759 
65536 4968108 
65536 6447466 
65536 4653622 
65536 9149949 
65536 2443759 
65536 7590736 
65536 4036469 
65536 3477134 
65536 5598868 
65536 3276905 
65536 2974916 
65536 4330035 
65536 7355529 
65536 4217646 
65536 3965769 
65536 5062531 
65536 3313069 
65536 4713136 
65536 2304036 
65536 6343674 
65536 3462237 
65536 4166526 
65536 2693004 
65536 4439021 
65536 4646754 
65536 10341389 
65536 6159454 
65536 3723826 
65536 6750110 
65536 3586280 
65536 1294657 
65536 4501607 
65536 4019249 
65536 6022525 
65536 3800188 
65536 6634076 
65536 5943120 
65536 4955851 
65536 3278174 
65536 2615380 
65536 3099342 
65536 2954693 
65536 9915922 
65536 3002744 
65536 4642777 
65536 4584076 
65536 4689943 
65536 2856797 
65536 2818157 
65536 4274629 
65536 8345349 
65536 6992858 
65536 5168067 
65536 6964342 
65536 4861703 
65536 3900659 
65536 5653829 
65536 3956695 
65536 2924392 
65536 3307659 
65536 4960338 
65536 6057354 
65536 3254932 
65536 2374356 
65536 5211991 
65536 3830898 
65536 5459951 
65536 4870557 
65536 4903162 
65536 3741637 
65536 4517147 
65536 3236876 
65536 9231754 
65536 4808958 
65536 5673765 
65536 2671876 
65536 4763564 
65536 5196478 
65536 2630117 
65536 6481372 
65536 6092384 
65536 3314437 
65536 6940821 
65536 6992321 
65536 3035139 
65536 4310411 
65536 3265377 
65536 2949021 
65536 5706974 
65536 3487368 
65536 2895423 
65536 3566753 
65536 4826271 
65536 4945006 
65536 3745308 
65536 3366592 
65536 3394445 
65536 2173752 
65536 5859974 
65536 6456339 
65536 5833982 
65536 4209026 
65536 4208443 
65536 8089624 
65536 4425118 
65536 3306643 
65536 5138903 
65536 3609935 
65536 6392238 
65536 3143986 
65536 3384601 
65536 4967923 
65536 3879779 
65536 6106703 
65536 2488338 
65536 6031923 
65536 5754952 
65536 5197619 
65536 3791199 
65536 5462748 
65536 4961252 
65536 6497613 
65536 6029567 
65536 6548868 
65536 2907964 
65536 2871171 
65536 3525381 
65536 5236410 
65536 2224305 
65536 2946450 
65536 6940625 
65536 5369140 
65536 2547827 
65536 3155946 
65536 4505371 
65536 3373192 
65536 5095443 
65536 4231839 
65536 3049831 
65536 3409847 
65536 2892849 
65536 8257329 
65536 4440313 
65536 3536454 
65536 3011582 
65536 2466218 
65536 4748408 
65536 4102005 
65536 2869891 
65536 3817782 
65536 7810642 
65536 5071671 
65536 3165714 
65536 5995744 
65536 8267768 
65536 3033744 
65536 5080671 
65536 3849968 
65536 2987907 
65536 1312581 
65536 4175076 
65536 4300612 
65536 3788936 
65536 5311572 
65536 3430894 
65536 2553406 
65536 6583187 
65536 4394438 
65536 7481938 
65536 3546093 
65536 2330990 
65536 4729793 
65536 4889911 
65536 2010656 
65536 4686570 
65536 4225136 
65536 2624462 
65536 5576370 
65536 4959074 
65536 3252739 
65536 4747738 
65536 4255277 
65536 4600376 
65536 3556665 
65536 3984025 
65536 4433571 
65536 6244711 
65536 4620253 
65536 4277002 
65536 3777079 
65536 5352383 
65536 4807699 
65536 4481422 
65536 3398899 
65536 3211514 
65536 1374405 
65536 6721751 
65536 3233641 
65536 2192199 
65536 6217534 
65536 6008884 
65536 3031049 
65536 5905774 
65536 3226092 
65536 5870808 
65536 4513322 
65536 2588327 
65536 2813034 
65536 6025924 
65536 4659859 
65536 2480029 
65536 4200459 
65536 3872232 
65536 5107007 
65536 4640455 
65536 6143009 
65536 3529387 
65536 4581191 
65536 2547730 
65536 3932641 
65536 3312303 
65536 6130862 
65536 5157915 
65536 2442327 
65536 1917507 
65536 4040391 
65536 8418069 
65536 8073913 
65536 5526569 
65536 6630037 
65536 7004764 
65536 4235471 
65536 3062542 
65536 4116778 
65536 4845499 
65536 4268725 
65536 5913088 
65536 3285691 
65536 5585375 
65536 4296030 
65536 2099850 
65536 3223196 
65536 3060736 
65536 6407049 
65536 5693411 
65536 2888988 
65536 4238274 
65536 4842602 
65536 2860567 
65536 3021577 
65536 4517481 
65536 4249969 
65536 4277364 
65536 4748318 
65536 2196484 
65536 4893340 
65536 8705680 
65536 4239763 
65536 2184207 
65536 6983118 
65536 4127967 
65536 6320542 
65536 3413857 
65536 2834133 
65536 6626721 
65536 4316014 
65536 4543130 
65536 5795970 
65536 6162822 
65536 6115567 
65536 3275356 
65536 3340119 
65536 6304451 
65536 7312798 
65536 3329506 
65536 2835873 
65536 3871676 
65536 3945552 
65536 5018742 
65536 3656090 
65536 2945314 
65536 6107742 
65536 3660234 
65536 5251021 
65536 3418644 
65536 4333007 
65536 3061875 
65536 4509535 
65536 2720204 
65536 2595637 
65536 6571390 
65536 3748355 
65536 3130626 
65536 8481252 
65536 3384918 
65536 6471367 
65536 3413028 
65536 4561596 
65536 2933176 
65536 4742740 
65536 4114416 
65536 2758119 
65536 2871038 
65536 1882317 
65536 5136727 
65536 4409409 
65536 4905524 
65536 2769205 
65536 3963653 
65536 4647782 
65536 1824681 
65536 1524065 
65536 3685047 
65536 5057860 
65536 7306339 
65536 6017966 
65536 4726956 
65536 5012105 
65536 4432743 
65536 5178921 
65536 6442245 
65536 6008416 
65536 6502013 
65536 4793915 
65536 3461334 
65536 4465028 
65536 3197026 
65536 10002831 
65536 6203910 
65536 5339091 
65536 2651512 
65536 4380802 
65536 4911070 
65536 6314628 
65536 3451756 
65536 4698753 
65536 5912916 
65536 3750891 
65536 3265040 
65536 5029447 
65536 3839258 
65536 5263483 
65536 2615006 
65536 4669399 
65536 4251854 
65536 6780774 
65536 4892452 
65536 4602520 
65536 4788075 
65536 1828452 
65536 3138531 
65536 4262193 
65536 5326895 
65536 4249313 
65536 2168542 
65536 6764238 
65536 5133990 
65536 2091250 
65536 6360428 
65536 6760387 
65536 5197406 
65536 4306915 
65536 6674885 
65536 2805608 
65536 6323200 
65536 3732888 
65536 4066059 
65536 4373069 
65536 4334587 
65536 2591009 
65536 9576441 
65536 2463433 
65536 4692895 
65536 6479333 
65536 3520292 
65536 4917416 
65536 4398933 
65536 3202291 
65536 4775714 
65536 4289466 
65536 4443485 
65536 3407696 
65536 3957396 
65536 4434873 
65536 5234450 
65536 3738202 
65536 2320012 
65536 2723790 
65536 3696662 
65536 3503828 
65536 3000472 
65536 3049703 
65536 2610759 
65536 5630173 
65536 4261766 
65536 3810158 
65536 5002530 
65536 6406329 
65536 4820901 
65536 4196414 
65536 4055034 
65536 4440187 
65536 2851951 
65536 5111663 
65536 7981228 
65536 5498582 
65536 3330574 
65536 5260565 
65536 3782277 
65536 4373838 
65536 4314348 
65536 3862064 
65536 3525246 
65536 7004786 
65536 2594600 
65536 4219085 
65536 7107227 
65536 5188140 
65536 6612468 
65536 3567650 
65536 6016445 
65536 3754032 
65536 5287605 
65536 2816067 
65536 2459676 
65536 2414755 
65536 5101634 
65536 3957649 
65536 5938417 
65536 5215866 
65536 3461639 
65536 5125414 
65536 1960807 
65536 3253785 
65536 2928808 
65536 2636685 
65536 3359476 
65536 2597727 
65536 4165596 
65536 3601625 
65536 5001126 
65536 3556750 
65536 6272965 
65536 5557548 
65536 3304673 
65536 5082152 
65536 4380023 
