32768 2404188 
32768 4798222 
32768 3939888 
32768 2878553 
32768 3041455 
32768 2299431 
32768 2708965 
32768 2071669 
32768 4665794 
32768 5783585 
32768 4507261 
32768 4666128 
32768 3621075 
32768 3213649 
32768 5540283 
32768 3543312 
32768 3589680 
32768 3569199 
32768 6420635 
32768 2375315 
32768 5679896 
32768 8898846 
32768 7478260 
32768 6937959 
32768 5147762 
32768 2152587 
32768 2100394 
32768 5388968 
32768 7960365 
32768 6209970 
32768 3061671 
32768 7417951 
32768 3596233 
32768 7455795 
32768 3595447 
32768 2596847 
32768 6009578 
32768 2924628 
32768 5473506 
32768 1952417 
32768 2632049 
32768 3228938 
32768 4201396 
32768 5133088 
32768 3489493 
32768 3780996 
32768 5214314 
32768 4019989 
32768 1068979 
32768 8085635 
32768 6092152 
32768 2365694 
32768 1946540 
32768 3950129 
32768 2112331 
32768 4074551 
32768 2967419 
32768 4050901 
32768 2613725 
32768 5381702 
32768 4342504 
32768 7766060 
32768 4883706 
32768 6385392 
32768 5783863 
32768 3371924 
32768 2755835 
32768 3286407 
32768 2622482 
32768 5029639 
32768 2362759 
32768 4268812 
32768 2685450 
32768 2909636 
32768 3935022 
32768 2638631 
32768 3497930 
32768 3979773 
32768 2237368 
32768 2021058 
32768 4869250 
32768 3981951 
32768 3960375 
32768 6504507 
32768 3571855 
32768 3083912 
32768 2131446 
32768 2203572 
32768 2899043 
32768 5214591 
32768 7367462 
32768 3474723 
32768 4230497 
32768 5045384 
32768 4526019 
32768 3641025 
32768 5489964 
32768 5424719 
32768 3933304 
32768 4266517 
32768 3530518 
32768 3806718 
32768 4712968 
32768 6047993 
32768 3217831 
32768 3075647 
32768 4861176 
32768 6705195 
32768 2601395 
32768 2553118 
32768 4208300 
32768 1799899 
32768 2709765 
32768 3903023 
32768 4027761 
32768 3356743 
32768 4966527 
32768 3816789 
32768 3638480 
32768 2750319 
32768 4183758 
32768 5010344 
32768 2581618 
32768 4415175 
32768 2512258 
32768 3979314 
32768 2519271 
32768 4482979 
32768 3469491 
32768 2857929 
32768 2848873 
32768 5325514 
32768 3428959 
32768 4090907 
32768 2656681 
32768 2801260 
32768 5834593 
32768 4389017 
32768 6603590 
32768 3314678 
32768 2881975 
32768 2387803 
32768 6303027 
32768 4616766 
32768 3413568 
32768 2471191 
32768 4087019 
32768 4828484 
32768 4621194 
32768 1653299 
32768 5357707 
32768 4818196 
32768 5334532 
32768 5289150 
32768 3726563 
32768 5250392 
32768 2672344 
32768 2326680 
32768 2150387 
32768 1714157 
32768 3547431 
32768 3336480 
32768 2944808 
32768 5870427 
32768 3137118 
32768 1890581 
32768 5859569 
32768 4049007 
32768 4913571 
32768 5435060 
32768 2781312 
32768 5385625 
32768 3090006 
32768 4896802 
32768 4034712 
32768 6882520 
32768 3130334 
32768 3772924 
32768 4037865 
32768 3629869 
32768 4081902 
32768 3739027 
32768 3314344 
32768 6759892 
32768 3446391 
32768 2036943 
32768 4947048 
32768 3386893 
32768 4934364 
32768 3668211 
32768 2644526 
32768 3855980 
32768 5007818 
32768 1992946 
32768 4837037 
32768 4334715 
32768 3429440 
32768 6339902 
32768 4731766 
32768 1742748 
32768 3780553 
32768 4500010 
32768 4429234 
32768 3439313 
32768 4965337 
32768 4613502 
32768 3042287 
32768 3474738 
32768 2965917 
32768 6237274 
32768 3023471 
32768 3364460 
32768 5352387 
32768 3321877 
32768 2072629 
32768 7104103 
32768 1476538 
32768 3087135 
32768 5596952 
32768 3038833 
32768 3715995 
32768 8371025 
32768 2972459 
32768 2236690 
32768 3595938 
32768 4390287 
32768 3501950 
32768 5368404 
32768 4307129 
32768 3245149 
32768 3812190 
32768 4276293 
32768 4101471 
32768 4365233 
32768 3042823 
32768 3825939 
32768 2249429 
32768 2601049 
32768 3049817 
32768 2357607 
32768 2787249 
32768 4712640 
32768 4468850 
32768 2208108 
32768 3224790 
32768 5866417 
32768 4144115 
32768 4358955 
32768 2364976 
32768 4562152 
32768 1590772 
32768 3431831 
32768 5589505 
32768 4314235 
32768 1982196 
32768 3130717 
32768 2921256 
32768 3841263 
32768 2539207 
32768 3055852 
32768 3488903 
32768 2018526 
32768 8343977 
32768 4801877 
32768 2225491 
32768 3983144 
32768 2698698 
32768 3788578 
32768 2852287 
32768 4158503 
32768 3581257 
32768 2235872 
32768 5267494 
32768 3114711 
32768 1916211 
32768 2504121 
32768 4293495 
32768 7000258 
32768 3687478 
32768 3789295 
32768 4095697 
32768 3730868 
32768 5572572 
32768 4861030 
32768 3835125 
32768 4020690 
32768 3438869 
32768 2177348 
32768 4304891 
32768 8878644 
32768 3137285 
32768 2551300 
32768 2084196 
32768 3479050 
32768 4086632 
32768 2992321 
32768 3418830 
32768 3353842 
32768 3397546 
32768 4021432 
32768 4755683 
32768 3311098 
32768 2218182 
32768 4276793 
32768 5202456 
32768 3797905 
32768 3031095 
32768 2768972 
32768 5754402 
32768 3916129 
32768 6100067 
32768 6554707 
32768 2942117 
32768 1860524 
32768 3461560 
32768 6933607 
32768 6563603 
32768 3343679 
32768 4954711 
32768 5797913 
32768 3856878 
32768 8644049 
32768 4819992 
32768 3863835 
32768 3924984 
32768 3076553 
32768 2490032 
32768 5100376 
32768 1882730 
32768 1882828 
32768 5054570 
32768 3008197 
32768 2005914 
32768 3949178 
32768 7444288 
32768 4539752 
32768 3857812 
32768 2749457 
32768 4537610 
32768 4820981 
32768 4635686 
32768 7968488 
32768 3592512 
32768 2507748 
32768 4665797 
32768 4932709 
32768 3338153 
32768 5891613 
32768 1519066 
32768 4211148 
32768 2517858 
32768 5697394 
32768 4088848 
32768 2665872 
32768 6066957 
32768 5084469 
32768 2398553 
32768 3915549 
32768 3517014 
32768 2406626 
32768 4484014 
32768 2928497 
32768 6632522 
32768 4206920 
32768 2368931 
32768 2117874 
32768 6716415 
32768 4506843 
32768 4947109 
32768 2434380 
32768 4131688 
32768 2506122 
32768 2715572 
32768 6320111 
32768 3641563 
32768 3358415 
32768 1779638 
32768 2708473 
32768 3295155 
32768 3086201 
32768 3695474 
32768 2761304 
32768 6218091 
32768 3789543 
32768 4457071 
32768 2554502 
32768 4174495 
32768 3189982 
32768 4132188 
32768 1793126 
32768 4569469 
32768 4216350 
32768 2386714 
32768 4436960 
32768 2179790 
32768 2952025 
32768 2147354 
32768 6304261 
32768 5798826 
32768 3263759 
32768 5378213 
32768 4283296 
32768 7095374 
32768 3376402 
32768 3186856 
32768 3564523 
32768 7274112 
32768 3310082 
32768 2538644 
32768 5307037 
32768 2184797 
32768 2142450 
32768 4347511 
32768 4652770 
32768 5243359 
32768 2913015 
32768 3470820 
32768 3310808 
32768 2775277 
32768 2646094 
32768 6022296 
32768 8326015 
32768 3030610 
32768 5023968 
32768 3158002 
32768 1886504 
32768 5932705 
32768 2882319 
32768 5699360 
32768 5270965 
32768 2736028 
32768 2415172 
32768 3668988 
32768 3434916 
32768 3917455 
32768 4299987 
32768 3982519 
32768 3604867 
32768 3285290 
32768 5338578 
32768 4818127 
32768 4907369 
32768 6284464 
32768 3243709 
32768 3283585 
32768 4850795 
32768 3759226 
32768 5264293 
32768 4809834 
32768 4021832 
32768 2535939 
32768 2764569 
32768 4587388 
32768 3233964 
32768 3662129 
32768 3206891 
32768 7442235 
32768 2741358 
32768 3794721 
32768 2964058 
32768 2966632 
32768 2175289 
32768 4337542 
32768 4870761 
32768 5666021 
32768 2479289 
32768 4898622 
32768 4740851 
32768 2758018 
32768 3219637 
32768 3251321 
32768 2123154 
32768 3957617 
32768 3631242 
32768 4979457 
32768 5314144 
32768 3637729 
32768 3459385 
32768 3396486 
32768 3458423 
32768 2324363 
32768 2198167 
32768 2574245 
32768 2214537 
32768 2936171 
32768 5224071 
32768 5499132 
32768 4229766 
32768 4804367 
32768 2970990 
32768 1479335 
32768 2161623 
32768 3140071 
32768 5444867 
32768 3276230 
32768 5491459 
32768 4368983 
32768 2742884 
32768 3849993 
32768 5097164 
32768 5862982 
32768 3791258 
32768 2462874 
32768 2304287 
32768 3124927 
32768 4559013 
32768 4416710 
32768 2741628 
32768 3666265 
32768 4295205 
32768 4775631 
32768 3497794 
32768 3528594 
32768 4977935 
32768 3494416 
32768 5693283 
32768 4147218 
32768 4613902 
32768 4494117 
32768 3273522 
32768 4441464 
32768 5032676 
32768 8711065 
32768 6096092 
32768 2881974 
32768 3531180 
32768 4339750 
32768 3163678 
32768 2071967 
32768 3728799 
32768 3015546 
32768 2314964 
32768 3624697 
32768 2852723 
32768 1709125 
32768 4236690 
32768 2980418 
32768 8867573 
32768 4188204 
32768 5991451 
32768 3647738 
32768 4478622 
32768 2685974 
32768 6223723 
32768 1743099 
32768 5191964 
32768 3502625 
32768 2211027 
32768 6570983 
32768 3833874 
32768 3952704 
32768 3373738 
32768 2863965 
32768 3981912 
32768 5588165 
32768 3965200 
32768 8848661 
32768 2187231 
32768 6821416 
32768 4083067 
32768 2471448 
32768 5001094 
32768 3332358 
32768 2886723 
32768 4129878 
32768 8299859 
32768 4232106 
32768 3614192 
32768 3523481 
32768 3511254 
32768 3751287 
32768 2623154 
32768 5731873 
32768 3465228 
32768 3568805 
32768 2885070 
32768 4528831 
32768 4000449 
32768 10356614 
32768 5285031 
32768 3115196 
32768 6268370 
32768 3039171 
32768 970896 
32768 3618699 
32768 3948203 
32768 5660479 
32768 3899074 
32768 6508480 
32768 5526781 
32768 4206766 
32768 3036216 
32768 2173138 
32768 2738943 
32768 2769371 
32768 9834101 
32768 2445057 
32768 3845406 
32768 3444487 
32768 4280662 
32768 2336902 
32768 3102697 
32768 4563154 
32768 8332139 
32768 7435221 
32768 5406158 
32768 6072832 
32768 3392883 
32768 3655053 
32768 4139764 
32768 3944112 
32768 2689554 
32768 2279525 
32768 4588473 
32768 5182061 
32768 2852726 
32768 1850903 
32768 5243160 
32768 3185767 
32768 4808088 
32768 3535584 
32768 4638760 
32768 3949773 
32768 4247048 
32768 3472592 
32768 9194932 
32768 3886680 
32768 5493371 
32768 2399305 
32768 3684527 
32768 4637616 
32768 2167031 
32768 6621101 
32768 5089041 
32768 2986914 
32768 5826959 
32768 5311251 
32768 2555468 
32768 3621303 
32768 2831781 
32768 3121056 
32768 4836465 
32768 3644234 
32768 2455476 
32768 3411589 
32768 4839619 
32768 4274199 
32768 2844438 
32768 2963680 
32768 2942183 
32768 1741110 
32768 5130280 
32768 4636174 
32768 4995052 
32768 4052428 
32768 3965550 
32768 7019484 
32768 4442941 
32768 2465478 
32768 4049915 
32768 2759730 
32768 5041245 
32768 2272165 
32768 2614027 
32768 4796419 
32768 3624369 
32768 6003602 
32768 2478531 
32768 4504214 
32768 4721784 
32768 5147797 
32768 2502894 
32768 5408829 
32768 3536455 
32768 5886671 
32768 4346684 
32768 5816290 
32768 2788832 
32768 2856653 
32768 3061658 
32768 5345851 
32768 1600934 
32768 2751233 
32768 5373707 
32768 4851063 
32768 2352934 
32768 2738261 
32768 3856012 
32768 2726094 
32768 5183806 
32768 3277880 
32768 2841759 
32768 2699466 
32768 2150187 
32768 6713473 
32768 4380770 
32768 3071499 
32768 2478912 
32768 2048792 
32768 3774841 
32768 2810377 
32768 2329919 
32768 2594615 
32768 6559877 
32768 4955861 
32768 3448156 
32768 4941452 
32768 6548772 
32768 2483517 
32768 5061291 
32768 2868653 
32768 2828816 
32768 1114892 
32768 4278835 
32768 3525548 
32768 3185488 
32768 5087516 
32768 2991290 
32768 2281969 
32768 5802650 
32768 3507135 
32768 6141455 
32768 2622019 
32768 2081127 
32768 3410434 
32768 4152433 
32768 1892159 
32768 3281422 
32768 3305710 
32768 2490285 
32768 5494963 
32768 4146713 
32768 3161198 
32768 3852067 
32768 4639385 
32768 4296030 
32768 3193381 
32768 3782421 
32768 4443569 
32768 4553698 
32768 4208154 
32768 3480956 
32768 3219296 
32768 4583549 
32768 3811404 
32768 4385065 
32768 3224393 
32768 2328772 
32768 1217053 
32768 5734604 
32768 3132734 
32768 1901026 
32768 5769760 
32768 6640233 
32768 2701225 
32768 5803301 
32768 3216058 
32768 5519293 
32768 3391144 
32768 2572320 
32768 2167272 
32768 4724021 
32768 4875582 
32768 2140864 
32768 3560497 
32768 3473118 
32768 5033264 
32768 4814605 
32768 4467257 
32768 3378386 
32768 4145851 
32768 2486440 
32768 3889433 
32768 2688371 
32768 5401945 
32768 4132900 
32768 2293238 
32768 1607030 
32768 3564380 
32768 7488668 
32768 6661192 
32768 4829615 
32768 6277876 
32768 6855308 
32768 3463989 
32768 3130139 
32768 3018997 
32768 3346880 
32768 3516504 
32768 4594423 
32768 3178858 
32768 5240656 
32768 4310013 
32768 2272994 
32768 2130683 
32768 2416446 
32768 6047866 
32768 4957845 
32768 2952863 
32768 3504544 
32768 4088878 
32768 2728310 
32768 2817075 
32768 3507094 
32768 3898229 
32768 3498509 
32768 3757600 
32768 2237369 
32768 3476796 
32768 9053997 
32768 4079380 
32768 2205794 
32768 5161140 
32768 3494741 
32768 5072755 
32768 3404869 
32768 2924378 
32768 5347548 
32768 3847818 
32768 4790327 
32768 5623460 
32768 6582199 
32768 5926714 
32768 2851140 
32768 2750965 
32768 4945382 
32768 5253565 
32768 2975226 
32768 2110105 
32768 3317161 
32768 3328068 
32768 4733091 
32768 3189895 
32768 2693895 
32768 5210308 
32768 2978512 
32768 4659435 
32768 2567369 
32768 4125993 
32768 1940696 
32768 3750205 
32768 2240162 
32768 2304490 
32768 5794026 
32768 3807746 
32768 2936896 
32768 8435110 
32768 3163475 
32768 7036079 
32768 3571132 
32768 3769485 
32768 2669784 
32768 3641564 
32768 3878105 
32768 2521997 
32768 2855102 
32768 1592761 
32768 4766675 
32768 4080005 
32768 3858094 
32768 2545054 
32768 3416531 
32768 3895997 
32768 1802859 
32768 1164727 
32768 3178055 
32768 4378938 
32768 6824825 
32768 5892688 
32768 4634195 
32768 4838705 
32768 3267987 
32768 3467868 
32768 4692210 
32768 5368112 
32768 5296385 
32768 4137432 
32768 3164040 
32768 3901696 
32768 2833643 
32768 8379717 
32768 5137202 
32768 5259365 
32768 2718667 
32768 3834674 
32768 4978420 
32768 5411177 
32768 3292053 
32768 3802394 
32768 5397418 
32768 3301423 
32768 3144028 
32768 5303303 
32768 4212671 
32768 4935489 
32768 2150021 
32768 4881856 
32768 4391385 
32768 5159184 
32768 5173526 
32768 4712453 
32768 4783087 
32768 2000210 
32768 2575553 
32768 3248110 
32768 4191164 
32768 3689480 
32768 2250809 
32768 5817399 
32768 5294778 
32768 2062398 
32768 5957310 
32768 5333375 
32768 4631928 
32768 3715455 
32768 4844569 
32768 2557654 
32768 6798959 
32768 3131346 
32768 3338573 
32768 4668652 
32768 3719450 
32768 2378242 
32768 8037566 
32768 2209838 
32768 4137647 
32768 5649806 
32768 3349787 
32768 4370142 
32768 4351612 
32768 3181362 
32768 4217520 
32768 3353313 
32768 3958907 
32768 3304989 
32768 4024719 
32768 3835203 
32768 4417004 
32768 3917342 
32768 2183264 
32768 2869434 
32768 3251970 
32768 3474482 
32768 3257607 
32768 2518746 
32768 2329954 
32768 5275443 
32768 4899515 
32768 3986647 
32768 3760695 
32768 5738635 
32768 4057657 
32768 4413393 
32768 4260751 
32768 4441009 
32768 2032991 
32768 5221624 
32768 7227448 
32768 4707151 
32768 3806430 
32768 4745596 
32768 3757622 
32768 3342582 
32768 4105104 
32768 4017688 
32768 2874230 
32768 5464123 
32768 2246488 
32768 3694790 
32768 6160812 
32768 4911738 
32768 6029857 
32768 3487071 
32768 6172296 
32768 3228351 
32768 5695316 
32768 2635198 
32768 2643388 
32768 2099835 
32768 4198766 
32768 3500583 
32768 4553066 
32768 4802494 
32768 3002002 
32768 3714207 
32768 2273733 
32768 3183755 
32768 3062877 
32768 2233878 
32768 3043933 
32768 2238123 
32768 4201346 
32768 3283245 
32768 4774414 
32768 3563683 
32768 5711823 
32768 4099161 
32768 3016350 
32768 5524108 
32768 3415529 
