1024 2262443 
1024 4469546 
1024 3576748 
1024 2626004 
1024 2611258 
1024 2386939 
1024 2243302 
1024 2125636 
1024 3900501 
1024 4704168 
1024 4477792 
1024 3975657 
1024 3314269 
1024 3443860 
1024 5092543 
1024 3261451 
1024 2781416 
1024 3235282 
1024 4932940 
1024 2428685 
1024 5210186 
1024 7174244 
1024 6329987 
1024 6148628 
1024 4866906 
1024 2146057 
1024 1937021 
1024 5423914 
1024 6996803 
1024 5786138 
1024 2656306 
1024 6397733 
1024 3438867 
1024 6427086 
1024 3436596 
1024 2452318 
1024 5701625 
1024 2724810 
1024 4538547 
1024 1645714 
1024 2224990 
1024 2843515 
1024 3620468 
1024 5485423 
1024 3821783 
1024 3377460 
1024 4682245 
1024 4308495 
1024 1436980 
1024 7910362 
1024 5060490 
1024 2301599 
1024 1813059 
1024 2953089 
1024 2062018 
1024 3820794 
1024 3031578 
1024 3404100 
1024 2222066 
1024 4905686 
1024 3793957 
1024 6326278 
1024 4673695 
1024 5418613 
1024 5021701 
1024 3057568 
1024 2221436 
1024 3117052 
1024 1984415 
1024 4380640 
1024 2458175 
1024 3392578 
1024 1996688 
1024 2370764 
1024 3058946 
1024 2341461 
1024 3376711 
1024 3468968 
1024 2029859 
1024 1803487 
1024 4377457 
1024 3890664 
1024 3941750 
1024 5917360 
1024 2915824 
1024 2780887 
1024 2031090 
1024 2127151 
1024 2828760 
1024 4873880 
1024 6107706 
1024 3282653 
1024 3605279 
1024 4698212 
1024 4043479 
1024 3403499 
1024 5447887 
1024 5276135 
1024 3429576 
1024 3588166 
1024 3265242 
1024 3691957 
1024 4225748 
1024 5270453 
1024 3173622 
1024 2905054 
1024 4362223 
1024 5636985 
1024 2278807 
1024 2446103 
1024 4469001 
1024 1785096 
1024 2359853 
1024 3445602 
1024 4237570 
1024 2705562 
1024 4703794 
1024 3390986 
1024 3400991 
1024 2501124 
1024 3811738 
1024 4648642 
1024 2816847 
1024 3703388 
1024 2359379 
1024 3990503 
1024 2414831 
1024 4370614 
1024 2934275 
1024 2696908 
1024 3142782 
1024 5038571 
1024 3485933 
1024 3311879 
1024 2797824 
1024 2772699 
1024 5394112 
1024 4531345 
1024 5736932 
1024 3319492 
1024 3336617 
1024 2258061 
1024 5936203 
1024 4829353 
1024 2880158 
1024 2032345 
1024 3581256 
1024 4925806 
1024 3857744 
1024 1517536 
1024 5106117 
1024 4489089 
1024 4762272 
1024 5403695 
1024 3672843 
1024 4673032 
1024 2823394 
1024 2388183 
1024 2147793 
1024 1735484 
1024 3187483 
1024 3251615 
1024 2913469 
1024 4859489 
1024 3606702 
1024 1705544 
1024 5104217 
1024 3817690 
1024 4175422 
1024 4685408 
1024 2727370 
1024 5576676 
1024 2569402 
1024 4890912 
1024 4243105 
1024 6903640 
1024 3397293 
1024 3611109 
1024 3963379 
1024 3302502 
1024 3571845 
1024 3524707 
1024 2861925 
1024 6049805 
1024 3482403 
1024 1896967 
1024 4255097 
1024 3353600 
1024 5041860 
1024 3664563 
1024 2164220 
1024 4004773 
1024 4459798 
1024 1859311 
1024 4672609 
1024 3972476 
1024 3130232 
1024 6464798 
1024 4677026 
1024 1787741 
1024 3567445 
1024 3878112 
1024 3857669 
1024 3446896 
1024 5024803 
1024 4085555 
1024 2756298 
1024 3448517 
1024 2736037 
1024 5961633 
1024 2702798 
1024 2775727 
1024 5474215 
1024 2911625 
1024 2156406 
1024 6136994 
1024 1370179 
1024 2835835 
1024 5415685 
1024 2671983 
1024 3734642 
1024 7296083 
1024 3025604 
1024 2160088 
1024 3474809 
1024 3776959 
1024 3047558 
1024 5225918 
1024 4487348 
1024 2539838 
1024 3910740 
1024 4296378 
1024 4142220 
1024 3710781 
1024 3065141 
1024 3121193 
1024 2264220 
1024 2062317 
1024 2901987 
1024 1929129 
1024 2794732 
1024 3910230 
1024 4244830 
1024 2114590 
1024 2780724 
1024 5936007 
1024 4209591 
1024 4057749 
1024 2193173 
1024 3632052 
1024 1782540 
1024 3096802 
1024 4875627 
1024 3865719 
1024 2219142 
1024 2943267 
1024 2767128 
1024 3851320 
1024 2197716 
1024 2605384 
1024 3200689 
1024 2095504 
1024 6825743 
1024 5170897 
1024 1932686 
1024 3686168 
1024 2695014 
1024 3512217 
1024 2527504 
1024 4072286 
1024 3607587 
1024 1900388 
1024 5460570 
1024 2720624 
1024 1586143 
1024 2679055 
1024 4493646 
1024 6179022 
1024 4222396 
1024 4183493 
1024 4747018 
1024 3472295 
1024 5096092 
1024 4842824 
1024 4041795 
1024 4112375 
1024 3711366 
1024 2146840 
1024 4661525 
1024 7838216 
1024 3562770 
1024 2528684 
1024 2222572 
1024 3046889 
1024 4311607 
1024 2988446 
1024 3966338 
1024 3322893 
1024 3498464 
1024 3438838 
1024 6697254 
1024 3015413 
1024 2295721 
1024 3909671 
1024 5435827 
1024 3827991 
1024 2737238 
1024 2517063 
1024 5396956 
1024 3438629 
1024 5801132 
1024 5736579 
1024 3110261 
1024 1630768 
1024 3668530 
1024 6632755 
1024 5757762 
1024 3206679 
1024 5815263 
1024 5166150 
1024 3524683 
1024 7670845 
1024 4505530 
1024 4198037 
1024 4089487 
1024 2939699 
1024 2250934 
1024 4491666 
1024 2022428 
1024 1745083 
1024 4636717 
1024 2816275 
1024 2176701 
1024 3846700 
1024 7152282 
1024 4607051 
1024 3968336 
1024 2445980 
1024 4114533 
1024 4202440 
1024 4390726 
1024 6970247 
1024 3766703 
1024 2354938 
1024 4200074 
1024 4535601 
1024 3279131 
1024 5697092 
1024 1385727 
1024 4357822 
1024 2476820 
1024 5923429 
1024 4068047 
1024 2655662 
1024 6249677 
1024 4649083 
1024 2212132 
1024 3905424 
1024 3674165 
1024 2421664 
1024 4294185 
1024 2785112 
1024 5725167 
1024 3885101 
1024 2504464 
1024 2161066 
1024 5787731 
1024 4953071 
1024 4609203 
1024 2413697 
1024 3568322 
1024 2625879 
1024 2522382 
1024 5715977 
1024 3632603 
1024 2928912 
1024 1854110 
1024 2872874 
1024 3380136 
1024 3129004 
1024 3641146 
1024 2923030 
1024 6016777 
1024 4120823 
1024 3964374 
1024 2585783 
1024 4132492 
1024 3384650 
1024 4225747 
1024 1658554 
1024 4294245 
1024 3724520 
1024 2218783 
1024 4630185 
1024 1858800 
1024 2803698 
1024 2112437 
1024 5901509 
1024 6776554 
1024 3573928 
1024 5159340 
1024 4256169 
1024 7234711 
1024 3593239 
1024 2798962 
1024 3472342 
1024 6418118 
1024 3144132 
1024 2345738 
1024 5587560 
1024 2219137 
1024 2349606 
1024 3940719 
1024 4737498 
1024 5014277 
1024 3100575 
1024 3298968 
1024 3136214 
1024 2936325 
1024 2566379 
1024 6087534 
1024 8755762 
1024 2911150 
1024 4506568 
1024 2975172 
1024 1779624 
1024 6464243 
1024 2908057 
1024 5819682 
1024 4995905 
1024 3193994 
1024 2408529 
1024 3255692 
1024 3084866 
1024 3833826 
1024 4380433 
1024 4157235 
1024 3365211 
1024 2923086 
1024 5156081 
1024 4598824 
1024 5322071 
1024 5981587 
1024 2954086 
1024 3642099 
1024 4404422 
1024 3482286 
1024 4881681 
1024 4536240 
1024 3588498 
1024 2296465 
1024 2510631 
1024 4414049 
1024 3111446 
1024 3234288 
1024 2623015 
1024 6713500 
1024 2486381 
1024 3811372 
1024 2659050 
1024 3009188 
1024 2274092 
1024 4060932 
1024 4529289 
1024 6103579 
1024 2343083 
1024 4840938 
1024 4964069 
1024 2650017 
1024 3578394 
1024 3527799 
1024 2118925 
1024 4061957 
1024 3344457 
1024 5205695 
1024 5038608 
1024 3373584 
1024 3109445 
1024 3484156 
1024 3966817 
1024 2191651 
1024 2310761 
1024 2943911 
1024 2174019 
1024 2700004 
1024 5590326 
1024 5374638 
1024 4315425 
1024 4433716 
1024 2597044 
1024 1470281 
1024 1979068 
1024 3470533 
1024 5163934 
1024 3299406 
1024 4963515 
1024 4015954 
1024 2872293 
1024 4098411 
1024 5129503 
1024 5239704 
1024 3348117 
1024 2481837 
1024 2110318 
1024 2723859 
1024 3989129 
1024 3953344 
1024 2317901 
1024 3836463 
1024 3624546 
1024 4391783 
1024 3050561 
1024 3458976 
1024 4578072 
1024 3578484 
1024 5105098 
1024 4336836 
1024 4654678 
1024 3947168 
1024 2981008 
1024 4600067 
1024 4415846 
1024 7907310 
1024 5184661 
1024 2626637 
1024 3043816 
1024 3971551 
1024 3078265 
1024 2230686 
1024 3627609 
1024 3209833 
1024 2025409 
1024 3088681 
1024 2707800 
1024 1459820 
1024 3980945 
1024 2911071 
1024 7780547 
1024 4299843 
1024 5729384 
1024 3057178 
1024 4399458 
1024 2539402 
1024 5882550 
1024 1532323 
1024 4473752 
1024 3421272 
1024 2090742 
1024 5255665 
1024 3859213 
1024 3976077 
1024 3584619 
1024 3193187 
1024 4205781 
1024 5454198 
1024 3776837 
1024 7547260 
1024 2136512 
1024 5658155 
1024 3555097 
1024 2249862 
1024 5193634 
1024 3093082 
1024 2918143 
1024 3722488 
1024 6878199 
1024 3765957 
1024 3766975 
1024 3773317 
1024 3022829 
1024 3462485 
1024 2170102 
1024 5141562 
1024 3019533 
1024 3578825 
1024 2343340 
1024 3745805 
1024 3477780 
1024 8558988 
1024 5018204 
1024 3026360 
1024 6269471 
1024 3030637 
1024 916551 
1024 3331528 
1024 3381911 
1024 5294126 
1024 3563808 
1024 5934712 
1024 4680497 
1024 4282050 
1024 2932447 
1024 2274873 
1024 2781663 
1024 2637392 
1024 9441570 
1024 2420335 
1024 3391436 
1024 3227435 
1024 3919082 
1024 2502496 
1024 2647919 
1024 3903006 
1024 7571568 
1024 5993019 
1024 4601726 
1024 6184330 
1024 3459509 
1024 3487028 
1024 4197847 
1024 3501429 
1024 2492047 
1024 2376142 
1024 4004295 
1024 4523660 
1024 3039446 
1024 1776757 
1024 4656276 
1024 2654987 
1024 4311227 
1024 3372584 
1024 4018442 
1024 3661833 
1024 4052844 
1024 3142161 
1024 8974866 
1024 3803881 
1024 5422763 
1024 2515605 
1024 3721616 
1024 4411842 
1024 1953415 
1024 5976655 
1024 5363410 
1024 3062858 
1024 6038522 
1024 5228459 
1024 2297946 
1024 3593274 
1024 2608576 
1024 2747322 
1024 5071327 
1024 3109798 
1024 2500590 
1024 2999457 
1024 4684318 
1024 3699534 
1024 2788548 
1024 2786895 
1024 2506206 
1024 1882277 
1024 4804442 
1024 5176916 
1024 4293138 
1024 3856698 
1024 3983913 
1024 6518883 
1024 3825043 
1024 2115894 
1024 3883769 
1024 2928410 
1024 5373751 
1024 2240472 
1024 2662748 
1024 4249048 
1024 3475067 
1024 5031244 
1024 2204294 
1024 4778211 
1024 5036702 
1024 4494494 
1024 2763878 
1024 4665339 
1024 3519133 
1024 5727505 
1024 4207787 
1024 5724766 
1024 2552063 
1024 2461466 
1024 2973308 
1024 4686704 
1024 1682963 
1024 2816987 
1024 5689144 
1024 4680804 
1024 2227779 
1024 2449918 
1024 4016558 
1024 2857829 
1024 5072456 
1024 2779258 
1024 2715614 
1024 2830150 
1024 2189639 
1024 6855504 
1024 3793758 
1024 3414527 
1024 2159066 
1024 2030596 
1024 3547147 
1024 3058294 
1024 2207162 
1024 2756327 
1024 6197060 
1024 4439177 
1024 3019871 
1024 5515196 
1024 6683622 
1024 2776603 
1024 4546493 
1024 2925728 
1024 2603592 
1024 1110912 
1024 3778249 
1024 3603898 
1024 3289227 
1024 5159817 
1024 2810279 
1024 2455328 
1024 5921250 
1024 3702450 
1024 6145873 
1024 2829542 
1024 2042171 
1024 3311270 
1024 4155601 
1024 1755822 
1024 3393354 
1024 2896230 
1024 2185348 
1024 5299192 
1024 4340984 
1024 2811837 
1024 4249866 
1024 3846982 
1024 3911392 
1024 3281092 
1024 3666092 
1024 4014064 
1024 5317361 
1024 4077585 
1024 3032046 
1024 3662916 
1024 5098199 
1024 4043582 
1024 4257360 
1024 2970836 
1024 2078718 
1024 1195572 
1024 5507898 
1024 2757812 
1024 1900201 
1024 5654703 
1024 5654694 
1024 2788253 
1024 5307307 
1024 2922041 
1024 5778213 
1024 3229697 
1024 2176408 
1024 2306204 
1024 4829419 
1024 4319387 
1024 2509465 
1024 3160334 
1024 3321883 
1024 5001919 
1024 4097102 
1024 4739058 
1024 3113060 
1024 4033205 
1024 2156468 
1024 3425369 
1024 2624711 
1024 5579758 
1024 3884115 
1024 2354264 
1024 1687098 
1024 3681194 
1024 7825728 
1024 7098996 
1024 5291434 
1024 5795714 
1024 5907409 
1024 3719675 
1024 2833498 
1024 3142026 
1024 3379859 
1024 3550029 
1024 4430966 
1024 2825670 
1024 5226422 
1024 3956439 
1024 2147036 
1024 2099633 
1024 2527267 
1024 5608787 
1024 5070272 
1024 2513569 
1024 3706941 
1024 3562603 
1024 2689350 
1024 2622241 
1024 3968728 
1024 3742604 
1024 3343363 
1024 4179057 
1024 2374910 
1024 3770837 
1024 8894500 
1024 4015595 
1024 2016741 
1024 5705706 
1024 3505664 
1024 5864928 
1024 3136031 
1024 2584308 
1024 5617409 
1024 3498785 
1024 4226088 
1024 6312967 
1024 5567498 
1024 5305220 
1024 2805692 
1024 2633847 
1024 5018306 
1024 5805086 
1024 3019492 
1024 1987348 
1024 3602358 
1024 3382270 
1024 4148320 
1024 3216962 
1024 2881069 
1024 5360083 
1024 2959715 
1024 4796412 
1024 2664000 
1024 3427072 
1024 2105079 
1024 3517781 
1024 2586988 
1024 2307792 
1024 6263033 
1024 3483532 
1024 2762043 
1024 7314376 
1024 3080287 
1024 6283963 
1024 3142819 
1024 3638214 
1024 2786996 
1024 3637278 
1024 3780964 
1024 2426458 
1024 2495442 
1024 1581992 
1024 4239291 
1024 3530061 
1024 3492773 
1024 2537825 
1024 3841228 
1024 3815438 
1024 1649173 
1024 1274815 
1024 3280385 
1024 4647133 
1024 6640516 
1024 5382776 
1024 4161906 
1024 4609549 
1024 3495798 
1024 3918687 
1024 4777491 
1024 5578785 
1024 5599313 
1024 4570598 
1024 3133925 
1024 4054593 
1024 3101216 
1024 8825066 
1024 5123174 
1024 4822382 
1024 2311765 
1024 3223206 
1024 4128875 
1024 5066226 
1024 2984488 
1024 3799852 
1024 5315220 
1024 3460416 
1024 2983915 
1024 4481437 
1024 3567312 
1024 4965399 
1024 2037630 
1024 4541721 
1024 3844479 
1024 5288201 
1024 4874662 
1024 4024294 
1024 4244830 
1024 1728628 
1024 2621228 
1024 3080690 
1024 3824780 
1024 3492357 
1024 2110683 
1024 5481136 
1024 4731830 
1024 1717372 
1024 5685657 
1024 5182540 
1024 3982168 
1024 3890207 
1024 4754304 
1024 2431614 
1024 5550900 
1024 2988448 
1024 2965749 
1024 4038724 
1024 3471406 
1024 2830686 
1024 7701995 
1024 2342392 
1024 3687022 
1024 5223512 
1024 3175592 
1024 4410434 
1024 3730752 
1024 2913146 
1024 3628484 
1024 2875432 
1024 3743178 
1024 2811321 
1024 3582676 
1024 3765892 
1024 4264655 
1024 3536160 
1024 2211970 
1024 2423406 
1024 3403147 
1024 3092172 
1024 2671434 
1024 2274470 
1024 2097673 
1024 4863214 
1024 4145368 
1024 3600808 
1024 3746750 
1024 5213537 
1024 4110639 
1024 3955418 
1024 3504608 
1024 4148196 
1024 2006652 
1024 4739203 
1024 7247324 
1024 4737239 
1024 3125676 
1024 4628745 
1024 3614243 
1024 3435937 
1024 3536231 
1024 3760937 
1024 2704252 
1024 5550593 
1024 2236940 
1024 3990476 
1024 6242057 
1024 5193904 
1024 6083167 
1024 3218021 
1024 5259189 
1024 3171948 
1024 4693669 
1024 2649039 
1024 2429218 
1024 2292611 
1024 4051793 
1024 3423378 
1024 4238501 
1024 4624641 
1024 2558814 
1024 4046739 
1024 1953106 
1024 2916548 
1024 2563237 
1024 2254364 
1024 2897074 
1024 2461348 
1024 3528705 
1024 3029968 
1024 4364732 
1024 3390289 
1024 5899097 
1024 4155266 
1024 2977933 
1024 4622176 
1024 3517448 
