128 3951001 
128 3164334 
128 4519003 
128 6776945 
128 4902964 
128 9819888 
128 2186148 
128 6670836 
128 3906993 
128 2974183 
128 5054274 
128 3422368 
128 3273821 
128 4126935 
128 8475067 
128 4415075 
128 3887731 
128 4077626 
128 2999519 
128 3625574 
128 2689751 
128 6849613 
128 3717105 
128 3796462 
128 2564302 
128 4253314 
128 3831083 
128 10284695 
128 5503383 
128 3407700 
128 6829406 
128 3930039 
128 1140698 
128 4179566 
128 4257952 
128 6048276 
128 3859328 
128 7182204 
128 5896821 
128 4617291 
128 3414071 
128 2764094 
128 3084722 
128 2883687 
128 11063276 
128 2750386 
128 4084352 
128 3815603 
128 4625350 
128 2650059 
128 3133703 
128 4349255 
128 7831785 
128 7204861 
128 5368935 
128 6384241 
128 4784313 
128 3768131 
128 4320591 
128 4556061 
128 2747518 
128 2449483 
128 4823912 
128 4995128 
128 3206210 
128 1950124 
128 5517947 
128 3628148 
128 5052194 
128 3475430 
128 4811932 
128 3610774 
128 4440378 
128 3514396 
128 10239077 
128 4319115 
128 5692118 
128 2615359 
128 3747040 
128 4897116 
128 2215906 
128 6633173 
128 6206834 
128 3225724 
128 6748677 
128 6847633 
128 2748475 
128 4216585 
128 3150322 
128 2896220 
128 5595559 
128 3993021 
128 3275883 
128 3521482 
128 5089169 
128 4412595 
128 3404672 
128 3032469 
128 2970706 
128 2236189 
128 6350497 
128 5992664 
128 4845374 
128 4546734 
128 4569484 
128 7273772 
128 4263495 
128 2860922 
128 4358207 
128 2946004 
128 6336944 
128 2876639 
128 3166034 
128 4807863 
128 3632355 
128 6005945 
128 2610265 
128 5466954 
128 5456192 
128 4982023 
128 3447804 
128 5569069 
128 3977551 
128 6322952 
128 4613720 
128 6618074 
128 3302643 
128 3163976 
128 3141985 
128 5110091 
128 1933799 
128 2807360 
128 5856770 
128 5210702 
128 2437390 
128 2668513 
128 4949168 
128 3174586 
128 5157263 
128 3405265 
128 3251983 
128 3229937 
128 2687248 
128 7474310 
128 4529502 
128 3604494 
128 2230430 
128 2425485 
128 3819943 
128 3185337 
128 2255975 
128 3087954 
128 6452009 
128 5250067 
128 3507873 
128 7194535 
128 8094358 
128 3142015 
128 5527091 
128 3310785 
128 2948021 
128 1295709 
128 4204596 
128 3983140 
128 4130503 
128 5553723 
128 3566407 
128 2679411 
128 6437621 
128 4648491 
128 6836599 
128 3139275 
128 2116659 
128 3396761 
128 4433831 
128 1942221 
128 3746806 
128 3417956 
128 2565042 
128 8826069 
128 4667005 
128 3041983 
128 4997955 
128 4369222 
128 5024976 
128 3529319 
128 4118272 
128 4310618 
128 5551254 
128 4317258 
128 3983875 
128 4067805 
128 4921736 
128 4174019 
128 4662529 
128 3212130 
128 2176595 
128 1374003 
128 5724812 
128 3321467 
128 2209929 
128 6310504 
128 7311408 
128 2868296 
128 5546714 
128 3249423 
128 6232823 
128 4012408 
128 2360441 
128 2432981 
128 5583787 
128 4511319 
128 2507955 
128 3439288 
128 3175150 
128 5377139 
128 5331423 
128 5058476 
128 3293790 
128 4535256 
128 2501561 
128 3661328 
128 2978244 
128 6469554 
128 4445236 
128 2541641 
128 2151368 
128 4553116 
128 7925350 
128 7351640 
128 5660398 
128 6613724 
128 6092203 
128 4521324 
128 3034776 
128 3381609 
128 3620943 
128 3986279 
128 4829180 
128 3233295 
128 5949351 
128 4341930 
128 2057867 
128 2658499 
128 3504376 
128 7157540 
128 6130936 
128 2907278 
128 4474716 
128 4426651 
128 3176905 
128 3182139 
128 4345666 
128 3745547 
128 3724694 
128 4536765 
128 2226935 
128 4153251 
128 9229201 
128 5111858 
128 2247738 
128 5669305 
128 5582899 
128 5846546 
128 3374219 
128 2932643 
128 6468700 
128 4299047 
128 4602708 
128 5803274 
128 6178247 
128 6458190 
128 3104265 
128 3161199 
128 5543677 
128 5907660 
128 3143676 
128 2034891 
128 4243335 
128 4175924 
128 4675973 
128 4173079 
128 2990155 
128 5905270 
128 3757858 
128 5211119 
128 3060777 
128 4199429 
128 2372776 
128 4513889 
128 2534092 
128 2649374 
128 6664828 
128 3588222 
128 3005455 
128 7823029 
128 3443881 
128 6808406 
128 3254765 
128 4282739 
128 3145930 
128 3951001 
128 3969007 
128 2540564 
128 2887749 
128 2160131 
128 4650999 
128 3973674 
128 4022425 
128 3429054 
128 4753633 
128 4588968 
128 1912539 
128 1366443 
128 3529761 
128 5061017 
128 7270002 
128 6318145 
128 4308155 
128 5212907 
128 3344396 
128 3912688 
128 6062930 
128 5762741 
128 6154392 
128 5418899 
128 3229760 
128 4527006 
128 3145796 
128 9977226 
128 6335656 
128 5217915 
128 2684696 
128 3599724 
128 4638158 
128 5358449 
128 3316476 
128 4995018 
128 6483310 
128 4156301 
128 3398896 
128 4777139 
128 4033670 
128 5400504 
128 2269782 
128 4748002 
128 3976630 
128 5974205 
128 5055292 
128 4737411 
128 5211250 
128 2022230 
128 2949625 
128 3617109 
128 4311838 
128 4204522 
128 2570481 
128 7228259 
128 5484630 
128 2167174 
128 7214187 
128 6150556 
128 5112275 
128 4394126 
128 5468218 
128 2744245 
128 7014405 
128 3401543 
128 3388485 
128 4283497 
128 4642003 
128 2805852 
128 9025002 
128 2876536 
128 3973015 
128 5641889 
128 3636370 
128 4417667 
128 4188605 
128 3169673 
128 3931883 
128 3451117 
128 4118771 
128 3269045 
128 4067437 
128 4227936 
128 5091615 
128 3869396 
128 2470747 
128 2544992 
128 3869045 
128 3479363 
128 3342605 
128 2928016 
128 2396976 
128 6310559 
128 4499989 
128 4355433 
128 4431961 
128 5733478 
128 4435110 
128 4295581 
128 4548127 
128 4206315 
128 2031943 
128 5016185 
128 8511413 
128 5414063 
128 3908921 
128 5442328 
128 3681137 
128 4258300 
128 4304059 
128 3762548 
128 3157522 
128 6841522 
128 2574221 
128 3989281 
128 7134094 
128 6096308 
128 7168226 
128 3565974 
128 5796031 
128 4015044 
128 5802194 
128 3292670 
128 2615038 
128 2255777 
128 4481785 
128 4386852 
128 5064134 
128 5291111 
128 3051229 
128 5400697 
128 2314244 
128 2808107 
128 2964381 
128 3018337 
128 3235745 
128 2683415 
128 4033293 
128 3207802 
128 5003741 
128 3936322 
128 6439521 
128 4632532 
128 3213470 
128 5360175 
128 3831344 
