16384 2943270 
16384 5173933 
16384 5619290 
16384 3155953 
16384 3325340 
16384 2736737 
16384 2926182 
16384 2508129 
16384 5036229 
16384 6916596 
16384 6346349 
16384 4994480 
16384 4113427 
16384 4754303 
16384 7099508 
16384 4750324 
16384 3810167 
16384 4915856 
16384 7044996 
16384 3560438 
16384 6559782 
16384 9157918 
16384 6780331 
16384 7267717 
16384 4937726 
16384 3248141 
16384 2178179 
16384 5016742 
16384 8098663 
16384 7240393 
16384 3189199 
16384 8768370 
16384 4240881 
16384 8738672 
16384 4812698 
16384 2989902 
16384 6580815 
16384 3009932 
16384 5091022 
16384 1946503 
16384 2658039 
16384 3586658 
16384 5319647 
16384 7057274 
16384 3797683 
16384 4846797 
16384 5122218 
16384 4936624 
16384 1253445 
16384 9679135 
16384 6156966 
16384 2537647 
16384 2254246 
16384 4306886 
16384 3328485 
16384 4594646 
16384 3498113 
16384 4262294 
16384 3561477 
16384 5904672 
16384 4386066 
16384 7546312 
16384 6516152 
16384 6916867 
16384 5388296 
16384 3655040 
16384 3006657 
16384 4434888 
16384 2427006 
16384 5176661 
16384 3765277 
16384 4890303 
16384 2264455 
16384 2933662 
16384 4513615 
16384 2611689 
16384 3887141 
16384 4784897 
16384 2776776 
16384 2027563 
16384 4864189 
16384 4682546 
16384 4513883 
16384 8061529 
16384 4484703 
16384 3434429 
16384 2363306 
16384 2523265 
16384 3170836 
16384 6454325 
16384 8128069 
16384 4659287 
16384 4232926 
16384 5728675 
16384 4571034 
16384 4336083 
16384 6544791 
16384 6649873 
16384 4060719 
16384 4254899 
16384 8309794 
16384 4532696 
16384 4760759 
16384 6096539 
16384 4498126 
16384 4187252 
16384 6378057 
16384 6263819 
16384 2703860 
16384 2911531 
16384 5798294 
16384 2375250 
16384 3623393 
16384 5285547 
16384 5292600 
16384 3070971 
16384 6821214 
16384 5029432 
16384 4510249 
16384 2713594 
16384 4168507 
16384 6635409 
16384 3265955 
16384 5061027 
16384 2766388 
16384 4725313 
16384 2681336 
16384 5304982 
16384 4559433 
16384 3268647 
16384 4430467 
16384 7104643 
16384 4763645 
16384 4921129 
16384 3394100 
16384 3049246 
16384 7390698 
16384 5063834 
16384 6672931 
16384 4645366 
16384 3904267 
16384 3315795 
16384 6731985 
16384 6303661 
16384 3620165 
16384 3436853 
16384 4268662 
16384 5575471 
16384 4704045 
16384 1914885 
16384 9184954 
16384 5197355 
16384 5664646 
16384 6980336 
16384 5407949 
16384 5813143 
16384 4083028 
16384 2977353 
16384 2747483 
16384 2879208 
16384 3863033 
16384 4489975 
16384 3468662 
16384 5984252 
16384 3788315 
16384 2124575 
16384 6926747 
16384 4351245 
16384 5546102 
16384 5679528 
16384 3281004 
16384 7063780 
16384 3215086 
16384 5326958 
16384 5882130 
16384 7556667 
16384 3824332 
16384 4824685 
16384 4540049 
16384 3618271 
16384 4601934 
16384 4703113 
16384 3026816 
16384 6889701 
16384 3997517 
16384 3277421 
16384 4840059 
16384 4148248 
16384 6282230 
16384 4592927 
16384 2616921 
16384 6797893 
16384 5386982 
16384 2451175 
16384 6235068 
16384 5684894 
16384 3358164 
16384 7270434 
16384 6244403 
16384 2123236 
16384 3758628 
16384 5588255 
16384 4134135 
16384 4953845 
16384 5959202 
16384 4490041 
16384 3478191 
16384 4076308 
16384 3153347 
16384 7161333 
16384 3201543 
16384 3435967 
16384 6126035 
16384 3261497 
16384 2618887 
16384 7015724 
16384 1575936 
16384 3320160 
16384 6783519 
16384 3144164 
16384 5206019 
16384 8731127 
16384 3702338 
16384 2723340 
16384 4136012 
16384 4526183 
16384 3675785 
16384 6560180 
16384 6194790 
16384 3011430 
16384 4770243 
16384 4841365 
16384 5602408 
16384 4152925 
16384 3580717 
16384 3730204 
16384 2976127 
16384 2486683 
16384 3529627 
16384 2592502 
16384 3294912 
16384 4585185 
16384 4732045 
16384 2384757 
16384 3241516 
16384 6214626 
16384 4467250 
16384 5803912 
16384 2610904 
16384 5810676 
16384 1980307 
16384 3459842 
16384 6304962 
16384 4297068 
16384 2436781 
16384 3617616 
16384 7289398 
16384 5128625 
16384 2528154 
16384 3015624 
16384 3632366 
16384 3126283 
16384 7218829 
16384 5886760 
16384 2973088 
16384 4624498 
16384 3227184 
16384 4045950 
16384 2593622 
16384 4689415 
16384 4129812 
16384 2296586 
16384 6542898 
16384 3312610 
16384 2272914 
16384 3018401 
16384 4947702 
16384 8507006 
16384 4333723 
16384 4656592 
16384 5392168 
16384 4654862 
16384 6540562 
16384 4901421 
16384 4924412 
16384 4434531 
16384 5002630 
16384 2983288 
16384 5968640 
16384 8983256 
16384 3550572 
16384 3560050 
16384 2373149 
16384 3305090 
16384 5625557 
16384 3309750 
16384 4224676 
16384 3309983 
16384 3804990 
16384 3776223 
16384 5928049 
16384 3403452 
16384 2656470 
16384 4566998 
16384 7330201 
16384 4249165 
16384 3185308 
16384 3008431 
16384 6045210 
16384 4990647 
16384 7473805 
16384 6301691 
16384 3440617 
16384 1945344 
16384 3699634 
16384 7692840 
16384 7446470 
16384 3560776 
16384 7355324 
16384 6632293 
16384 3762156 
16384 9075661 
16384 5519399 
16384 4877702 
16384 4515392 
16384 3251642 
16384 2369762 
16384 5211242 
16384 2258539 
16384 1938405 
16384 6197194 
16384 3057817 
16384 2346923 
16384 3964338 
16384 8762999 
16384 5062292 
16384 4720402 
16384 3132274 
16384 4899699 
16384 4821991 
16384 4527711 
16384 7746991 
16384 5093097 
16384 3372402 
16384 4983320 
16384 5052317 
16384 3675444 
16384 5905194 
16384 1522428 
16384 4441076 
16384 3088397 
16384 6580538 
16384 4384313 
16384 2853114 
16384 6605605 
16384 5744440 
16384 2462742 
16384 4664378 
16384 3823557 
16384 2807357 
16384 4712902 
16384 2911633 
16384 6629079 
16384 4263613 
16384 2720184 
16384 2562939 
16384 6505568 
16384 4973041 
16384 4982684 
16384 2713790 
16384 4519813 
16384 3025462 
16384 2597529 
16384 6277999 
16384 4406464 
16384 3163185 
16384 2035792 
16384 3158421 
16384 3519842 
16384 3993565 
16384 4148650 
16384 3219083 
16384 6690377 
16384 5043889 
16384 4384552 
16384 3209218 
16384 4848857 
16384 3785508 
16384 5438773 
16384 1943051 
16384 4418016 
16384 4370707 
16384 2442047 
16384 5030962 
16384 2113016 
16384 3071562 
16384 2339677 
16384 6308870 
16384 6500109 
16384 3692473 
16384 5273313 
16384 5288074 
16384 7726701 
16384 3651637 
16384 3203711 
16384 3954917 
16384 7082045 
16384 4421852 
16384 2546210 
16384 6263869 
16384 3281590 
16384 2484788 
16384 4156753 
16384 5192071 
16384 5325225 
16384 3169179 
16384 3491448 
16384 4338500 
16384 3630165 
16384 2932951 
16384 6660606 
16384 9890051 
16384 3226499 
16384 5045805 
16384 3461618 
16384 2333982 
16384 7006743 
16384 3692278 
16384 6346089 
16384 5640451 
16384 3145714 
16384 2823497 
16384 3581090 
16384 3503136 
16384 4408724 
16384 4600079 
16384 4634326 
16384 4065672 
16384 3211363 
16384 5596185 
16384 4911568 
16384 5119688 
16384 6459434 
16384 3253156 
16384 3772196 
16384 4783589 
16384 3797628 
16384 5045454 
16384 5187284 
16384 3916834 
16384 2941434 
16384 2796638 
16384 5962261 
16384 4609952 
16384 3616702 
16384 3031881 
16384 8097194 
16384 2846960 
16384 4314404 
16384 3099583 
16384 4312248 
16384 2371279 
16384 4377977 
16384 5103875 
16384 6340349 
16384 2769654 
16384 5311609 
16384 5125775 
16384 2851151 
16384 4386197 
16384 4543578 
16384 3074341 
16384 4631678 
16384 4254419 
16384 5684844 
16384 5839742 
16384 3806225 
16384 3858574 
16384 3999534 
16384 5093899 
16384 2625085 
16384 2478461 
16384 3222438 
16384 2528194 
16384 2997277 
16384 6785477 
16384 7292575 
16384 4907690 
16384 5428209 
16384 2948816 
16384 1633348 
16384 1934097 
16384 4651511 
16384 5367938 
16384 4057528 
16384 5470479 
16384 4842868 
16384 3315361 
16384 4660037 
16384 6382450 
16384 5764037 
16384 4172049 
16384 3204777 
16384 2237708 
16384 3119672 
16384 4332692 
16384 4446972 
16384 3570513 
16384 4287966 
16384 4394927 
16384 4578506 
16384 3702028 
16384 3781153 
16384 5147879 
16384 3920364 
16384 6704809 
16384 4535261 
16384 5220795 
16384 4430781 
16384 4103449 
16384 5001238 
16384 5321476 
16384 8595359 
16384 6728286 
16384 2897573 
16384 3695881 
16384 4365060 
16384 4404873 
16384 3110260 
16384 5077614 
16384 3397424 
16384 2331698 
16384 3572654 
16384 3206612 
16384 1880351 
16384 4887777 
16384 3320633 
16384 9474099 
16384 4795601 
16384 6601328 
16384 4330148 
16384 5178968 
16384 3014921 
16384 6471722 
16384 1924207 
16384 5791728 
16384 3958672 
16384 2365770 
16384 5965575 
16384 4719307 
16384 4361270 
16384 4774655 
16384 3323287 
16384 4595836 
16384 6118822 
16384 4310088 
16384 8500269 
16384 2504603 
16384 6879340 
16384 4080176 
16384 2565528 
16384 5108634 
16384 3324853 
16384 3526204 
16384 4109273 
16384 8441020 
16384 4325566 
16384 4222986 
16384 5066902 
16384 3293660 
16384 4140599 
16384 2436289 
16384 5859984 
16384 3637248 
16384 3910727 
16384 2733348 
16384 4547721 
16384 4832329 
16384 10542988 
16384 6372425 
16384 3394657 
16384 6675125 
16384 3532460 
16384 1769198 
16384 4266019 
16384 3809918 
16384 7086664 
16384 3707510 
16384 7138711 
16384 5554022 
16384 4828022 
16384 3436560 
16384 2648236 
16384 3226436 
16384 2984401 
16384 11283220 
16384 2658915 
16384 3796992 
16384 4540010 
16384 4491001 
16384 2712664 
16384 3564955 
16384 4492329 
16384 7982038 
16384 6896846 
16384 6206349 
16384 6687290 
16384 4933606 
16384 4205074 
16384 4670079 
16384 4713714 
16384 3507678 
16384 3310828 
16384 5304377 
16384 5084090 
16384 3380601 
16384 1926783 
16384 6250144 
16384 3055596 
16384 4900278 
16384 3960540 
16384 4634871 
16384 4678053 
16384 4541223 
16384 3548601 
16384 9558173 
16384 4170787 
16384 6445835 
16384 2639768 
16384 3812508 
16384 5487138 
16384 2188919 
16384 7094718 
16384 6469605 
16384 3366906 
16384 6658905 
16384 6171288 
16384 2735145 
16384 4212340 
16384 3019578 
16384 3365053 
16384 6189474 
16384 3696658 
16384 2952423 
16384 3500281 
16384 5769396 
16384 4879799 
16384 3369231 
16384 3345063 
16384 3083688 
16384 2097305 
16384 5897447 
16384 6518354 
16384 4973089 
16384 4272104 
16384 4621974 
16384 7943509 
16384 4350520 
16384 2378432 
16384 4448456 
16384 3214899 
16384 5898531 
16384 2745529 
16384 3188313 
16384 4957905 
16384 3745936 
16384 6151365 
16384 2759105 
16384 5067894 
16384 5641823 
16384 5210237 
16384 2871936 
16384 5754823 
16384 4330333 
16384 6258770 
16384 4958681 
16384 6365518 
16384 3261250 
16384 2891526 
16384 3436981 
16384 5513909 
16384 1858155 
16384 3158250 
16384 6769478 
16384 5476889 
16384 2727551 
16384 2771603 
16384 4463629 
16384 3616990 
16384 5399562 
16384 3416902 
16384 3168244 
16384 3368616 
16384 2430532 
16384 7685581 
16384 4651721 
16384 3524218 
16384 2727951 
16384 2458215 
16384 3923163 
16384 3455571 
16384 2564567 
16384 3097928 
16384 6673035 
16384 5178604 
16384 3269444 
16384 6178858 
16384 7562087 
16384 3058724 
16384 5229562 
16384 3649969 
16384 3007381 
16384 1358727 
16384 4266407 
16384 4583916 
16384 3586732 
16384 6407078 
16384 3502193 
16384 2757848 
16384 7624433 
16384 4291685 
16384 6918088 
16384 3461260 
16384 2377978 
16384 3625005 
16384 4722477 
16384 1998232 
16384 4100200 
16384 3315136 
16384 3278442 
16384 5650156 
16384 4981269 
16384 3262776 
16384 4666762 
16384 4489327 
16384 4555707 
16384 3640075 
16384 4436980 
16384 4573610 
16384 5762079 
16384 4928755 
16384 3747325 
16384 4623917 
16384 6160157 
16384 4440801 
16384 4853826 
16384 3395281 
16384 2161871 
16384 1430008 
16384 7110336 
16384 3286813 
16384 2276562 
16384 6293085 
16384 6367727 
16384 3166709 
16384 6011357 
16384 3193524 
16384 6421252 
16384 3494548 
16384 2601679 
16384 2706074 
16384 6059254 
16384 5273576 
16384 2694649 
16384 3629941 
16384 4273845 
16384 5119505 
16384 4810939 
16384 5756958 
16384 3525129 
16384 4483254 
16384 2585734 
16384 4132795 
16384 3127567 
16384 7128481 
16384 4507736 
16384 2616507 
16384 2006109 
16384 4393179 
16384 9349664 
16384 8116151 
16384 6719077 
16384 6874043 
16384 6750596 
16384 4128918 
16384 3372133 
16384 3526363 
16384 4493569 
16384 4277115 
16384 5451328 
16384 3458039 
16384 6103604 
16384 5048847 
16384 2188253 
16384 2392422 
16384 2953245 
16384 6532134 
16384 6470305 
16384 2807191 
16384 4932007 
16384 3895761 
16384 2867201 
16384 3035797 
16384 4285361 
16384 4294696 
16384 4677516 
16384 4991605 
16384 2447924 
16384 4484755 
16384 9876530 
16384 4470934 
16384 3076226 
16384 7183302 
16384 4277596 
16384 6770277 
16384 3371639 
16384 2927071 
16384 7236759 
16384 4084221 
16384 4588415 
16384 5855723 
16384 6798406 
16384 6906840 
16384 3085841 
16384 3121945 
16384 6022584 
16384 6659473 
16384 3242863 
16384 2119175 
16384 4058149 
16384 4921279 
16384 5422605 
16384 4559063 
16384 3018197 
16384 6086612 
16384 4211078 
16384 5301459 
16384 3201373 
16384 4186834 
16384 2372316 
16384 4726905 
16384 2699722 
16384 2829543 
16384 7080865 
16384 4003240 
16384 3210976 
16384 8504775 
16384 3559535 
16384 6833978 
16384 3942990 
16384 4142925 
16384 3256417 
16384 3922938 
16384 4086760 
16384 2689093 
16384 3001594 
16384 1790156 
16384 4917865 
16384 4485037 
16384 4690496 
16384 2833860 
16384 4829139 
16384 4414788 
16384 1843942 
16384 1451168 
16384 4883800 
16384 5099007 
16384 8583335 
16384 7017580 
16384 4842305 
16384 5040136 
16384 3575452 
16384 4146809 
16384 5568463 
16384 5937994 
16384 5981952 
16384 5677318 
16384 3708288 
16384 4672065 
16384 3212886 
16384 10433152 
16384 7287356 
16384 6241747 
16384 2718422 
16384 3983445 
16384 4937638 
16384 5831704 
16384 4279628 
16384 4277232 
16384 6961710 
16384 3825189 
16384 4272528 
16384 5131419 
16384 4295375 
16384 5317803 
16384 2677470 
16384 5054095 
16384 4202828 
16384 5970487 
16384 5362821 
16384 4694386 
16384 4896329 
16384 1905556 
16384 2934968 
16384 3808292 
16384 4076278 
16384 4091884 
16384 2248831 
16384 6262917 
16384 5250755 
16384 2025558 
16384 6674366 
16384 7105358 
16384 4639246 
16384 4233154 
16384 6429436 
16384 2828744 
16384 6721935 
16384 4348195 
16384 3340847 
16384 4500393 
16384 4816395 
16384 2774013 
16384 8997039 
16384 2523921 
16384 4228083 
16384 5759757 
16384 3758575 
16384 4833274 
16384 4360547 
16384 3254123 
16384 4127712 
16384 3503751 
16384 4336961 
16384 3245732 
16384 4633932 
16384 4369115 
16384 6370507 
16384 3974745 
16384 3287096 
16384 2693108 
16384 3805701 
16384 4273503 
16384 2992082 
16384 2604135 
16384 2404802 
16384 5357719 
16384 4659015 
16384 4929919 
16384 4175484 
16384 6683278 
16384 4463360 
16384 4394729 
16384 4075206 
16384 5343877 
16384 2300178 
16384 5147437 
16384 8922125 
16384 5527583 
16384 3702441 
16384 5229157 
16384 3922906 
16384 3830627 
16384 3961906 
16384 4220294 
16384 3161294 
16384 6547816 
16384 2588339 
16384 4242999 
16384 7763991 
16384 6001061 
16384 7110666 
16384 3606376 
16384 5707720 
16384 4034540 
16384 6233817 
16384 2799758 
16384 2673929 
16384 2468515 
16384 4471708 
16384 4041989 
16384 5985843 
16384 5270442 
16384 2966763 
16384 4565694 
16384 2122545 
16384 3326675 
16384 3057403 
16384 2581474 
16384 3443144 
16384 3403095 
16384 4065788 
16384 3323744 
16384 5712288 
16384 4651006 
16384 6407738 
16384 4835928 
16384 3190090 
16384 5650953 
16384 4965387 
