512 2845048 
512 5276084 
512 5575352 
512 3069396 
512 3668888 
512 2858111 
512 2673847 
512 2611680 
512 5204274 
512 6894789 
512 5688384 
512 5040092 
512 4310950 
512 4293062 
512 7532913 
512 4942091 
512 4416936 
512 5096370 
512 7087287 
512 3713298 
512 6342991 
512 8589211 
512 7120647 
512 7136483 
512 5230341 
512 2921362 
512 2340663 
512 6403764 
512 8935424 
512 6970365 
512 3135362 
512 8549420 
512 4141052 
512 8499059 
512 4457937 
512 3016289 
512 6635658 
512 2952223 
512 5648363 
512 2002936 
512 2679246 
512 3557458 
512 5072396 
512 7183622 
512 4702360 
512 4950869 
512 5274280 
512 5097151 
512 1516965 
512 10250655 
512 6302230 
512 3391311 
512 2171928 
512 3883606 
512 3275366 
512 4523711 
512 3421803 
512 4279079 
512 3298411 
512 6932217 
512 4481215 
512 7369757 
512 6126107 
512 6974035 
512 5172459 
512 3866072 
512 3382754 
512 6313445 
512 3027360 
512 5093875 
512 3042898 
512 4189986 
512 2376376 
512 2806531 
512 4153538 
512 3228491 
512 4722863 
512 3765086 
512 2812882 
512 2022329 
512 5369072 
512 4696566 
512 4728587 
512 7040158 
512 4164399 
512 3362716 
512 2595973 
512 3247221 
512 3254717 
512 6494037 
512 6817100 
512 4544505 
512 4705055 
512 6506687 
512 4987282 
512 3940871 
512 6280128 
512 6604490 
512 4919674 
512 4300402 
512 4534165 
512 4088780 
512 5106080 
512 6690141 
512 4234084 
512 3209084 
512 6549398 
512 6369654 
512 2664930 
512 2809244 
512 4969202 
512 2153210 
512 2830046 
512 4854496 
512 5012287 
512 3039841 
512 6539588 
512 5341933 
512 4639327 
512 2794031 
512 4551109 
512 5420943 
512 3387109 
512 5185397 
512 2678842 
512 4377317 
512 2847887 
512 4988668 
512 3768183 
512 3339393 
512 3386872 
512 5719567 
512 4798956 
512 4730686 
512 3405965 
512 3268800 
512 7387210 
512 5525782 
512 6229144 
512 4392753 
512 3541818 
512 2960905 
512 7056610 
512 6345210 
512 3516866 
512 2563333 
512 4264512 
512 9728920 
512 4798705 
512 1790127 
512 7131738 
512 5110498 
512 5370356 
512 7155762 
512 5344952 
512 5194547 
512 3327855 
512 2773605 
512 2956084 
512 1935802 
512 4609672 
512 4617681 
512 3377939 
512 6489292 
512 4338597 
512 2005587 
512 6203192 
512 4374995 
512 5093054 
512 6285647 
512 3272352 
512 7214224 
512 3030504 
512 5340781 
512 4494633 
512 7689985 
512 4357116 
512 4527600 
512 4512044 
512 3781509 
512 5124752 
512 4942060 
512 3962147 
512 6644181 
512 4005361 
512 2903172 
512 6906835 
512 4178655 
512 5167318 
512 4392059 
512 2663774 
512 5359796 
512 5754231 
512 2575085 
512 6552165 
512 4936646 
512 3591809 
512 7171597 
512 5206564 
512 2371817 
512 4551926 
512 4582878 
512 5527083 
512 4777548 
512 6796253 
512 4828409 
512 3427553 
512 3917738 
512 3084449 
512 7034235 
512 3798054 
512 3384287 
512 6375727 
512 3424756 
512 2471249 
512 7172313 
512 1919765 
512 4214872 
512 6647102 
512 3262014 
512 4330468 
512 9396065 
512 3579672 
512 3412140 
512 4466807 
512 4883491 
512 3870271 
512 6741874 
512 5120255 
512 3049201 
512 4392037 
512 4787390 
512 5113780 
512 4604468 
512 4501828 
512 4025682 
512 2704769 
512 2428780 
512 3999323 
512 3033881 
512 3340857 
512 4484637 
512 4914286 
512 2503781 
512 3174538 
512 7241930 
512 4564029 
512 5108663 
512 2526518 
512 4812543 
512 2202738 
512 3634815 
512 6537000 
512 4223748 
512 2787132 
512 3493324 
512 3147113 
512 5325569 
512 2446373 
512 3371711 
512 3642040 
512 2268569 
512 7251311 
512 5895600 
512 2707510 
512 4363709 
512 3668333 
512 4371242 
512 2477795 
512 5404422 
512 4417225 
512 2957561 
512 7141510 
512 3532417 
512 1802304 
512 3580565 
512 4279363 
512 6956905 
512 4813383 
512 4749648 
512 5328450 
512 4957026 
512 6753417 
512 5130325 
512 4574059 
512 4366786 
512 4454264 
512 2657105 
512 5481598 
512 8696398 
512 4351975 
512 2968918 
512 4107548 
512 3614433 
512 5064708 
512 3490622 
512 4971004 
512 3377627 
512 4897399 
512 4694974 
512 5189365 
512 3276827 
512 2616584 
512 4682887 
512 6389060 
512 4557507 
512 3407598 
512 2984040 
512 6978928 
512 5128137 
512 6861953 
512 6219751 
512 3576392 
512 1891963 
512 4231553 
512 6748536 
512 7149810 
512 3253007 
512 7156330 
512 6615616 
512 3798527 
512 10749371 
512 5622802 
512 4960480 
512 4719917 
512 3233413 
512 2428092 
512 4770919 
512 2187859 
512 1875390 
512 6439967 
512 3232118 
512 2438105 
512 5152158 
512 8480288 
512 5721263 
512 4233541 
512 2752326 
512 4908690 
512 4999601 
512 4834818 
512 8661367 
512 4830305 
512 2653089 
512 5552433 
512 5123434 
512 3607183 
512 7171892 
512 1518648 
512 4683451 
512 2757419 
512 6318566 
512 4523168 
512 2876069 
512 6573580 
512 4950986 
512 2493247 
512 4303224 
512 4685300 
512 2757443 
512 4701160 
512 3011267 
512 7534258 
512 4181506 
512 3023674 
512 2965628 
512 6832545 
512 5139429 
512 5324180 
512 2754198 
512 3917896 
512 2961108 
512 2830980 
512 6345015 
512 4718782 
512 3488529 
512 1998985 
512 3082147 
512 3808458 
512 4065580 
512 4004065 
512 3054210 
512 7134837 
512 4501858 
512 4470965 
512 2902783 
512 4928868 
512 3661181 
512 5221262 
512 1783813 
512 4350021 
512 4273179 
512 2302211 
512 5141032 
512 2184901 
512 2904719 
512 2237642 
512 6657956 
512 6983773 
512 4055597 
512 6109668 
512 5135722 
512 8338150 
512 4337145 
512 3010436 
512 3929084 
512 7519486 
512 3498465 
512 2341392 
512 6176010 
512 2236360 
512 2479235 
512 4210411 
512 5202109 
512 5525950 
512 3394481 
512 3624944 
512 3621451 
512 3033969 
512 3363900 
512 7557157 
512 9267180 
512 3186231 
512 5916594 
512 3174784 
512 2353617 
512 7231150 
512 3321640 
512 6397657 
512 6159174 
512 2844049 
512 3120078 
512 4516386 
512 3320427 
512 4125431 
512 4960109 
512 4382650 
512 4926236 
512 3216200 
512 5028298 
512 4792335 
512 5589706 
512 6852714 
512 3162055 
512 3676347 
512 4501834 
512 4637921 
512 6267817 
512 5372347 
512 4082075 
512 2530185 
512 2583228 
512 6095041 
512 3537240 
512 3453310 
512 3304735 
512 7158289 
512 2943063 
512 4292627 
512 2769826 
512 3375067 
512 2558525 
512 4432874 
512 4770145 
512 6365909 
512 2728159 
512 5450115 
512 5421835 
512 2835091 
512 3767693 
512 3884529 
512 2223403 
512 4586795 
512 3507011 
512 5557802 
512 5355489 
512 3936269 
512 3399408 
512 4500491 
512 3956403 
512 2413322 
512 2588021 
512 3221016 
512 3223401 
512 3793565 
512 6524926 
512 6086127 
512 4778288 
512 4730389 
512 3435901 
512 1468574 
512 2017756 
512 4059690 
512 5099712 
512 3277430 
512 5716621 
512 4379242 
512 3244649 
512 5157210 
512 5672618 
512 5812637 
512 3693081 
512 2734737 
512 2357175 
512 3541951 
512 4218918 
512 5560883 
512 2506830 
512 4137577 
512 4864030 
512 4623598 
512 3478840 
512 4078761 
512 5415379 
512 4178842 
512 6377715 
512 4714077 
512 5031405 
512 4636201 
512 3399353 
512 5642640 
512 4837853 
512 9625095 
512 6558852 
512 3059888 
512 3433581 
512 4791477 
512 3565062 
512 2431150 
512 4458035 
512 3168748 
512 2160109 
512 3425288 
512 3084518 
512 1792461 
512 3970134 
512 4040857 
512 8605444 
512 5363692 
512 9102166 
512 3640069 
512 5319464 
512 3094750 
512 6367210 
512 1583254 
512 5400762 
512 3932431 
512 2182053 
512 5896782 
512 4431864 
512 4415565 
512 3790015 
512 3106488 
512 4867791 
512 6230049 
512 5226877 
512 8382161 
512 2301656 
512 6565459 
512 3966760 
512 2600045 
512 5334738 
512 3274240 
512 3293094 
512 3997428 
512 7669242 
512 4897843 
512 3977056 
512 4195396 
512 3409897 
512 3651868 
512 2484171 
512 5865217 
512 4450436 
512 3763247 
512 3188335 
512 4319619 
512 4222293 
512 11690210 
512 6396603 
512 3288243 
512 6669913 
512 3665449 
512 1176782 
512 4352290 
512 4877178 
512 6328799 
512 4044780 
512 6884870 
512 5810522 
512 4476357 
512 3443654 
512 2710723 
512 3967115 
512 2955270 
512 10141146 
512 2797813 
512 3615256 
512 4305124 
512 4390130 
512 2646397 
512 2972232 
512 4795015 
512 7985906 
512 7108380 
512 6270906 
512 6957353 
512 3906598 
512 3826486 
512 4600807 
512 3988891 
512 2962613 
512 2457684 
512 4602191 
512 5181668 
512 3196056 
512 2252296 
512 6182984 
512 3311866 
512 4740592 
512 3934708 
512 4676162 
512 4214802 
512 4586233 
512 3371125 
512 10603359 
512 5114169 
512 5611236 
512 2621140 
512 3966760 
512 5259559 
512 2371914 
512 6980370 
512 6162536 
512 3336158 
512 6482785 
512 5939668 
512 3319406 
512 4073175 
512 2986743 
512 3565570 
512 5632171 
512 3502206 
512 3617535 
512 3591058 
512 5422234 
512 4231769 
512 3472313 
512 3223792 
512 2939064 
512 2099083 
512 5947887 
512 6490879 
512 5032703 
512 4145422 
512 4622917 
512 7071089 
512 4303917 
512 2614335 
512 4554836 
512 3344856 
512 6696318 
512 2601436 
512 3182548 
512 4669570 
512 3649453 
512 6464888 
512 2535279 
512 6044587 
512 5462073 
512 5854928 
512 2959058 
512 5783558 
512 4286317 
512 6291524 
512 4760642 
512 6574308 
512 2921505 
512 3003343 
512 3399737 
512 5713817 
512 1833491 
512 3345089 
512 7366485 
512 5456556 
512 2667093 
512 2688122 
512 4613485 
512 3755113 
512 5691167 
512 3353496 
512 2935966 
512 4077664 
512 3206933 
512 8166317 
512 4758649 
512 3579223 
512 2401458 
512 2489386 
512 4000623 
512 3450776 
512 2585996 
512 3112730 
512 7312634 
512 5296704 
512 3951766 
512 6777888 
512 7827912 
512 3152470 
512 5067537 
512 3569762 
512 3075026 
512 1186562 
512 4489757 
512 4298681 
512 3736379 
512 5748807 
512 3667474 
512 2637166 
512 7363570 
512 4186974 
512 7607672 
512 3283842 
512 2375586 
512 4055709 
512 5111668 
512 2385952 
512 3791067 
512 3564754 
512 2511799 
512 5808592 
512 5274685 
512 3236138 
512 5209110 
512 5233669 
512 4486058 
512 3934213 
512 5332297 
512 4994745 
512 5806807 
512 4533126 
512 3480291 
512 3567064 
512 5516722 
512 4457944 
512 4742860 
512 3279657 
512 2556181 
512 1365534 
512 6439562 
512 3199002 
512 2691513 
512 6138998 
512 6953833 
512 3219537 
512 6838443 
512 3198347 
512 6309260 
512 3521234 
512 2465739 
512 2680679 
512 5220705 
512 4854239 
512 2666163 
512 4289889 
512 3838570 
512 6181564 
512 4678840 
512 6273919 
512 3297012 
512 4515286 
512 2544824 
512 4334268 
512 2910039 
512 6216902 
512 4910494 
512 2690927 
512 2204449 
512 4602443 
512 8230433 
512 7695136 
512 6174002 
512 6128262 
512 6576335 
512 4157113 
512 3135101 
512 3409943 
512 3876527 
512 4858231 
512 5162576 
512 3446620 
512 6014981 
512 4480716 
512 2169731 
512 2298609 
512 2969963 
512 6322968 
512 6418283 
512 2820043 
512 4136603 
512 4767580 
512 3220817 
512 3101298 
512 5606627 
512 4010917 
512 4016119 
512 5647907 
512 2577336 
512 3985100 
512 9880962 
512 4533281 
512 2229125 
512 6197526 
512 4137798 
512 6144797 
512 3380513 
512 2923768 
512 6546022 
512 4433317 
512 4649531 
512 5698746 
512 6919441 
512 6003211 
512 3234781 
512 3554526 
512 5514734 
512 6207975 
512 3610826 
512 2362421 
512 3718619 
512 4458237 
512 4555202 
512 3861439 
512 3002331 
512 6834593 
512 3933524 
512 6036247 
512 3248374 
512 3890877 
512 2212621 
512 4128019 
512 2626688 
512 2739861 
512 7266353 
512 3727058 
512 3699282 
512 9126908 
512 3299684 
512 6947452 
512 4212832 
512 4116072 
512 3107155 
512 3588965 
512 4248700 
512 2583460 
512 3240198 
512 2170663 
512 4771961 
512 4341214 
512 3638577 
512 3258337 
512 3866456 
512 4653060 
512 1837604 
512 1334762 
512 4084697 
512 6031747 
512 7343596 
512 6090687 
512 4578132 
512 5150028 
512 3604786 
512 4564013 
512 6448481 
512 7068149 
512 5752268 
512 5020909 
512 3539197 
512 4481592 
512 3220450 
512 9963073 
512 6556804 
512 5919499 
512 2829700 
512 3774077 
512 4746346 
512 5388437 
512 3371674 
512 4472468 
512 5913329 
512 3839381 
512 3452566 
512 5341256 
512 4023238 
512 5659110 
512 2396393 
512 4733779 
512 4096619 
512 6463648 
512 5850044 
512 4906890 
512 5402039 
512 2015593 
512 3157173 
512 4086490 
512 4173505 
512 4796014 
512 2577948 
512 6429166 
512 5288073 
512 2303743 
512 6364771 
512 5962849 
512 4407303 
512 4145549 
512 5976123 
512 2723822 
512 6392321 
512 3493251 
512 3332203 
512 5064526 
512 4046611 
512 3214612 
512 8572045 
512 2587810 
512 4857212 
512 6672167 
512 3908159 
512 4840224 
512 5004584 
512 3331965 
512 4718482 
512 3505216 
512 4417381 
512 3158823 
512 3885298 
512 4906966 
512 5118720 
512 4687059 
512 2371916 
512 2615001 
512 4069014 
512 3493768 
512 2754132 
512 3292846 
512 2286666 
512 5165147 
512 4569415 
512 4911888 
512 4279930 
512 5960934 
512 5304483 
512 4363531 
512 4573646 
512 4212014 
512 2365099 
512 5066497 
512 8485406 
512 5196261 
512 3588269 
512 5064719 
512 4745880 
512 3803039 
512 4989276 
512 4050221 
512 3071416 
512 6294788 
512 2784917 
512 4179626 
512 7253655 
512 5492174 
512 7617552 
512 3428816 
512 5778321 
512 3914518 
512 5414401 
512 3243517 
512 2486902 
512 2980325 
512 4528618 
512 3935694 
512 4858683 
512 5441012 
512 2925851 
512 4247912 
512 2353546 
512 3202477 
512 2932011 
512 2902582 
512 3565375 
512 2935811 
512 4878932 
512 3356340 
512 5099033 
512 3587620 
512 6438368 
512 4847827 
512 3276988 
512 5234779 
512 3896533 
