32768 3025088 
32768 5313273 
32768 5621558 
32768 3159024 
32768 3444284 
32768 3069629 
32768 3045840 
32768 2598102 
32768 5544581 
32768 7042131 
32768 6194233 
32768 4850708 
32768 4671791 
32768 4968028 
32768 7367679 
32768 4922617 
32768 4529282 
32768 4960214 
32768 7024803 
32768 2671080 
32768 6301206 
32768 9491550 
32768 8008121 
32768 7113674 
32768 6032175 
32768 3368929 
32768 2230844 
32768 6256061 
32768 8973069 
32768 6421894 
32768 3402726 
32768 7726049 
32768 4093231 
32768 8710729 
32768 4876738 
32768 3043840 
32768 5566508 
32768 3174327 
32768 5504283 
32768 2074701 
32768 3289736 
32768 3565140 
32768 4217268 
32768 10033159 
32768 5565803 
32768 5085231 
32768 5427673 
32768 5081872 
32768 2226302 
32768 9918530 
32768 5532464 
32768 3446784 
32768 2189859 
32768 4561066 
32768 2454337 
32768 4748251 
32768 4433972 
32768 5145730 
32768 2504783 
32768 5980509 
32768 4768066 
32768 7274958 
32768 6135366 
32768 6572742 
32768 5224434 
32768 3712133 
32768 2903665 
32768 3640478 
32768 3317466 
32768 5247000 
32768 2837621 
32768 4224830 
32768 2242188 
32768 2860874 
32768 4958265 
32768 2593421 
32768 3885537 
32768 3869777 
32768 2314048 
32768 2136353 
32768 5521913 
32768 5590898 
32768 5339111 
32768 7534234 
32768 4865123 
32768 3743784 
32768 2498925 
32768 3384546 
32768 3267346 
32768 6438728 
32768 7239991 
32768 5095783 
32768 4313825 
32768 6450289 
32768 4629677 
32768 4510822 
32768 6580536 
32768 6570820 
32768 5008436 
32768 4179059 
32768 4879047 
32768 4537201 
32768 4947438 
32768 6858712 
32768 3904122 
32768 3210900 
32768 5418359 
32768 6295256 
32768 2788449 
32768 2776971 
32768 5466328 
32768 1936416 
32768 2832412 
32768 4537976 
32768 4880675 
32768 3249012 
32768 6398404 
32768 4446418 
32768 4584478 
32768 2878455 
32768 4345873 
32768 5620158 
32768 3312992 
32768 5036011 
32768 2889932 
32768 4430465 
32768 2746463 
32768 5029117 
32768 3610127 
32768 3211119 
32768 3549681 
32768 7057253 
32768 4383312 
32768 3933614 
32768 4153795 
32768 3133372 
32768 7280519 
32768 6063869 
32768 6798573 
32768 4134273 
32768 3532225 
32768 2635662 
32768 8524783 
32768 5494435 
32768 4384504 
32768 2512945 
32768 4277124 
32768 6469697 
32768 4780664 
32768 1969796 
32768 6353105 
32768 5272607 
32768 6601216 
32768 6398942 
32768 5214457 
32768 5617096 
32768 3847992 
32768 2747280 
32768 3052279 
32768 2725277 
32768 4683279 
32768 4588585 
32768 3443221 
32768 5786278 
32768 3877777 
32768 2197496 
32768 6195722 
32768 4385380 
32768 6876024 
32768 5677891 
32768 3277417 
32768 6352551 
32768 2887265 
32768 6472412 
32768 5110719 
32768 7975929 
32768 4657338 
32768 3997318 
32768 4588003 
32768 4279329 
32768 4441009 
32768 5034084 
32768 3354951 
32768 7653717 
32768 3850115 
32768 3284596 
32768 5978097 
32768 4352154 
32768 5852533 
32768 5162746 
32768 2705186 
32768 5339434 
32768 6466249 
32768 2853434 
32768 5640920 
32768 4863650 
32768 3554142 
32768 7948548 
32768 5314399 
32768 2218281 
32768 3765384 
32768 4698873 
32768 4533774 
32768 4332044 
32768 6605243 
32768 4714269 
32768 3407698 
32768 4174071 
32768 3724910 
32768 8120794 
32768 3287344 
32768 3684538 
32768 6219991 
32768 3315074 
32768 2671215 
32768 7253586 
32768 1713677 
32768 3956819 
32768 6636893 
32768 3167340 
32768 4651677 
32768 8405323 
32768 3768634 
32768 2657254 
32768 4011057 
32768 4590847 
32768 3689481 
32768 7250912 
32768 5269243 
32768 3066616 
32768 5823450 
32768 4811109 
32768 5136151 
32768 5180917 
32768 3586532 
32768 3975093 
32768 2849497 
32768 2465399 
32768 3327220 
32768 3109565 
32768 3449602 
32768 4820295 
32768 5011091 
32768 3170376 
32768 3417328 
32768 7118654 
32768 4797847 
32768 4938399 
32768 2664356 
32768 4072504 
32768 1877716 
32768 3381293 
32768 6010877 
32768 4958753 
32768 3371005 
32768 3604413 
32768 3114374 
32768 4512797 
32768 2590661 
32768 2771363 
32768 3660834 
32768 2710307 
32768 8149490 
32768 5606640 
32768 3060909 
32768 3956969 
32768 3213721 
32768 4110300 
32768 3368052 
32768 4703746 
32768 4175512 
32768 2376525 
32768 6491437 
32768 3303011 
32768 1889766 
32768 3210689 
32768 4320364 
32768 7077032 
32768 4662481 
32768 4453397 
32768 6141922 
32768 3923204 
32768 7022963 
32768 5188696 
32768 4624231 
32768 4569593 
32768 4281358 
32768 2930646 
32768 5980029 
32768 10484449 
32768 3721365 
32768 3059096 
32768 2861595 
32768 3552044 
32768 5059988 
32768 3314806 
32768 5385463 
32768 3513362 
32768 3813864 
32768 4469964 
32768 5002268 
32768 3378161 
32768 3255816 
32768 4946829 
32768 6626539 
32768 4370373 
32768 3629965 
32768 3248843 
32768 6362233 
32768 4741461 
32768 6811651 
32768 6296886 
32768 3591420 
32768 1850846 
32768 3890315 
32768 6961624 
32768 7595794 
32768 3274441 
32768 6317220 
32768 5704514 
32768 3652024 
32768 9540548 
32768 5390360 
32768 5057660 
32768 4389083 
32768 3276171 
32768 2500047 
32768 4790544 
32768 2881079 
32768 1938270 
32768 5237521 
32768 3249124 
32768 2522364 
32768 4083475 
32768 9194042 
32768 5368115 
32768 4889323 
32768 2837699 
32768 4721799 
32768 4765806 
32768 4822580 
32768 8737693 
32768 3944064 
32768 2556861 
32768 4767657 
32768 5142835 
32768 3740495 
32768 6198614 
32768 1533173 
32768 5558517 
32768 3352890 
32768 6474363 
32768 4450119 
32768 2928054 
32768 6632386 
32768 5307453 
32768 2372936 
32768 4458843 
32768 4143553 
32768 2780558 
32768 4597840 
32768 3139961 
32768 7361651 
32768 5068620 
32768 2762615 
32768 2455611 
32768 7567231 
32768 6674689 
32768 4880131 
32768 2633435 
32768 4069064 
32768 3823117 
32768 2658537 
32768 6079910 
32768 3975944 
32768 3180469 
32768 1981944 
32768 4212116 
32768 3761576 
32768 4233427 
32768 4194756 
32768 3369363 
32768 7099190 
32768 4473724 
32768 5158825 
32768 2972414 
32768 4772732 
32768 3654262 
32768 4793017 
32768 1801016 
32768 4396372 
32768 4288895 
32768 2287554 
32768 6044860 
32768 2091116 
32768 3219605 
32768 2331103 
32768 6695295 
32768 6116833 
32768 3729133 
32768 6230637 
32768 4807578 
32768 8600431 
32768 3781584 
32768 3219176 
32768 3812161 
32768 7798453 
32768 3806459 
32768 3349433 
32768 6130959 
32768 2368839 
32768 2380134 
32768 4881698 
32768 6153860 
32768 5225498 
32768 3287438 
32768 3610000 
32768 4257854 
32768 3089034 
32768 2810319 
32768 7256623 
32768 9377963 
32768 3183104 
32768 5116353 
32768 3394296 
32768 2275593 
32768 8401516 
32768 3194642 
32768 6675446 
32768 6400983 
32768 3351139 
32768 2778020 
32768 3518405 
32768 4508648 
32768 4724470 
32768 4593056 
32768 4412577 
32768 4743593 
32768 3157250 
32768 5139563 
32768 5234027 
32768 5486678 
32768 6439065 
32768 3130284 
32768 3769426 
32768 4839646 
32768 3895139 
32768 5788639 
32768 5384599 
32768 4112605 
32768 2727403 
32768 2594466 
32768 4923487 
32768 4658227 
32768 3711372 
32768 3070629 
32768 8282096 
32768 2791890 
32768 4870938 
32768 2857044 
32768 3354000 
32768 2390387 
32768 4506656 
32768 5389994 
32768 6385583 
32768 2941311 
32768 5106150 
32768 5241677 
32768 3040453 
32768 3401005 
32768 3876794 
32768 2261095 
32768 4437773 
32768 4345210 
32768 5704404 
32768 5504712 
32768 4661151 
32768 3381363 
32768 4513171 
32768 4873364 
32768 2422895 
32768 2625601 
32768 3248983 
32768 2600209 
32768 3070836 
32768 5930111 
32768 7416904 
32768 6016973 
32768 5406196 
32768 2931538 
32768 1595102 
32768 2077673 
32768 3587244 
32768 5302504 
32768 3300389 
32768 5314559 
32768 4325330 
32768 3226019 
32768 5305081 
32768 6517042 
32768 6810810 
32768 4448288 
32768 2755393 
32768 2317861 
32768 3208140 
32768 4456810 
32768 4948973 
32768 2628800 
32768 4328141 
32768 4185360 
32768 4773855 
32768 4184160 
32768 3911101 
32768 6470651 
32768 3764466 
32768 5872896 
32768 4660280 
32768 5925073 
32768 4521637 
32768 3340554 
32768 5164682 
32768 6057509 
32768 9088552 
32768 6598212 
32768 3111419 
32768 3395839 
32768 4555812 
32768 3602647 
32768 2418881 
32768 4244871 
32768 4274216 
32768 2279642 
32768 3346400 
32768 3104119 
32768 1729624 
32768 4221447 
32768 3435791 
32768 9806975 
32768 4700915 
32768 7376389 
32768 3439997 
32768 5218025 
32768 3097187 
32768 7184249 
32768 1725203 
32768 5349866 
32768 3894124 
32768 2250278 
32768 6055096 
32768 4745268 
32768 4704720 
32768 4163834 
32768 4054360 
32768 4576288 
32768 6168839 
32768 4396379 
32768 8335146 
32768 2557245 
32768 6722757 
32768 4268947 
32768 2647141 
32768 5251549 
32768 3443129 
32768 3340102 
32768 4150466 
32768 8557472 
32768 4170865 
32768 4007032 
32768 4083995 
32768 3517490 
32768 4555853 
32768 3272020 
32768 5763812 
32768 3330079 
32768 4843042 
32768 2704847 
32768 4431300 
32768 4597801 
32768 11039398 
32768 6527518 
32768 4210947 
32768 7683218 
32768 3528331 
32768 1061733 
32768 4265819 
32768 4061492 
32768 5875917 
32768 3614055 
32768 6978977 
32768 5971664 
32768 4873331 
32768 3402007 
32768 2498433 
32768 3176622 
32768 2925389 
32768 11870294 
32768 2655650 
32768 4702789 
32768 4317976 
32768 4116760 
32768 2804689 
32768 2927317 
32768 4407444 
32768 9057286 
32768 7131736 
32768 5460674 
32768 7098818 
32768 3993889 
32768 3893963 
32768 4664606 
32768 4144252 
32768 2606594 
32768 2471638 
32768 4726840 
32768 6111617 
32768 3340650 
32768 2049370 
32768 6159105 
32768 2957785 
32768 4868694 
32768 4711197 
32768 5035461 
32768 3872078 
32768 4812250 
32768 3336207 
32768 10432966 
32768 4380266 
32768 6570943 
32768 2732044 
32768 3861488 
32768 6150257 
32768 2329610 
32768 6813891 
32768 6146162 
32768 3378484 
32768 6976695 
32768 6011730 
32768 2672142 
32768 4309320 
32768 3036029 
32768 3216774 
32768 6842068 
32768 3511951 
32768 2972432 
32768 3518584 
32768 5021291 
32768 4408613 
32768 3537926 
32768 3380189 
32768 2872782 
32768 2113578 
32768 5726004 
32768 5827080 
32768 5091284 
32768 4071641 
32768 4324264 
32768 7353759 
32768 4483876 
32768 2350067 
32768 4162947 
32768 3079208 
32768 6990662 
32768 2692628 
32768 3141070 
32768 4839875 
32768 3725784 
32768 5996438 
32768 2678365 
32768 5893549 
32768 5927061 
32768 5153691 
32768 3143691 
32768 5423422 
32768 4338828 
32768 6652570 
32768 4740762 
32768 6811410 
32768 3068368 
32768 2925914 
32768 3348260 
32768 5494971 
32768 1997163 
32768 3215895 
32768 6247673 
32768 5384566 
32768 2715418 
32768 2718595 
32768 4435343 
32768 3343848 
32768 6162056 
32768 3554663 
32768 3312493 
32768 3445567 
32768 2446952 
32768 7761429 
32768 4470160 
32768 3716268 
32768 2525354 
32768 2740629 
32768 4051617 
32768 4489592 
32768 2331879 
32768 3019082 
32768 7886264 
32768 4947550 
32768 3349388 
32768 6302765 
32768 8262896 
32768 3187629 
32768 5045587 
32768 3369663 
32768 2883146 
32768 1211175 
32768 4285624 
32768 4286900 
32768 3935866 
32768 6166960 
32768 3265627 
32768 2743296 
32768 7186801 
32768 4134582 
32768 7218598 
32768 3193872 
32768 2413142 
32768 3833203 
32768 4777227 
32768 2015954 
32768 3867587 
32768 3382989 
32768 2510914 
32768 6818660 
32768 4798951 
32768 3296357 
32768 5006522 
32768 4572617 
32768 4592909 
32768 3628171 
32768 3922924 
32768 4464484 
32768 6224824 
32768 4666681 
32768 5423106 
32768 3827509 
32768 5510585 
32768 4839487 
32768 4727980 
32768 3269993 
32768 2301587 
32768 1462646 
32768 6468521 
32768 3289417 
32768 4242514 
32768 6839964 
32768 6627708 
32768 2951309 
32768 6676458 
32768 3411298 
32768 6429291 
32768 3711375 
32768 2633552 
32768 2694912 
32768 5379188 
32768 5005004 
32768 2719325 
32768 4347457 
32768 4190404 
32768 6189504 
32768 5016837 
32768 6376222 
32768 3501018 
32768 4534885 
32768 2659794 
32768 4095265 
32768 3086583 
32768 6017328 
32768 4777157 
32768 2842260 
32768 1932775 
32768 4305326 
32768 9418424 
32768 7656157 
32768 5644672 
32768 7156277 
32768 6600544 
32768 4297911 
32768 3228266 
32768 3659495 
32768 3918966 
32768 4797994 
32768 5087581 
32768 3330896 
32768 6786057 
32768 4404070 
32768 2390649 
32768 2464039 
32768 3031243 
32768 6788259 
32768 6736882 
32768 2783943 
32768 4179043 
32768 3777493 
32768 2893327 
32768 3037212 
32768 4536708 
32768 4029846 
32768 3810979 
32768 4576127 
32768 3104539 
32768 4058169 
32768 10160037 
32768 4360742 
32768 3027195 
32768 6673634 
32768 4063277 
32768 6309410 
32768 3504137 
32768 3246931 
32768 6562916 
32768 4054814 
32768 4811061 
32768 6976392 
32768 6242740 
32768 5950557 
32768 3171292 
32768 3203890 
32768 6712762 
32768 6212652 
32768 3377543 
32768 2962572 
32768 3930653 
32768 3939399 
32768 4825824 
32768 4630112 
32768 2979420 
32768 6020216 
32768 4463059 
32768 6433336 
32768 2966118 
32768 4226432 
32768 2258480 
32768 4207752 
32768 2823560 
32768 2661119 
32768 7199130 
32768 4514218 
32768 3240889 
32768 8436018 
32768 3813153 
32768 7472849 
32768 3675288 
32768 4328402 
32768 3432588 
32768 3953960 
32768 3996927 
32768 2738977 
32768 3034363 
32768 1801501 
32768 4823437 
32768 4182738 
32768 4490254 
32768 2970320 
32768 3996563 
32768 4609098 
32768 1900999 
32768 1417638 
32768 3725464 
32768 5133631 
32768 8845728 
32768 6887057 
32768 4889024 
32768 4854170 
32768 4029204 
32768 4195766 
32768 5696362 
32768 5784678 
32768 6605839 
32768 5151746 
32768 4326625 
32768 4578887 
32768 3257236 
32768 10218378 
32768 5999560 
32768 6123099 
32768 2554396 
32768 3901632 
32768 4983932 
32768 6172815 
32768 3633480 
32768 4359548 
32768 6402997 
32768 3801697 
32768 4385391 
32768 5923042 
32768 4420784 
32768 6332259 
32768 2367259 
32768 5656712 
32768 4446737 
32768 6717611 
32768 5377659 
32768 4855016 
32768 4848046 
32768 1907338 
32768 3089993 
32768 3705203 
32768 4358018 
32768 4081856 
32768 2374094 
32768 6570775 
32768 5086065 
32768 1918867 
32768 6376538 
32768 5940342 
32768 4505934 
32768 4255358 
32768 5344866 
32768 2953735 
32768 7680627 
32768 3476146 
32768 3377251 
32768 4459997 
32768 4374133 
32768 2770540 
32768 9990405 
32768 2439097 
32768 5053412 
32768 6598081 
32768 3900542 
32768 4860992 
32768 4341417 
32768 3256356 
32768 4135031 
32768 3403964 
32768 4551765 
32768 3393085 
32768 3989183 
32768 4524145 
32768 4696692 
32768 4258157 
32768 2579694 
32768 2744481 
32768 3818296 
32768 3607347 
32768 3086111 
32768 2535477 
32768 2361945 
32768 5287277 
32768 4514160 
32768 3911595 
32768 4218325 
32768 5669013 
32768 4665181 
32768 4541070 
32768 4465402 
32768 5016321 
32768 2544820 
32768 5234037 
32768 9189825 
32768 6125385 
32768 4469601 
32768 5177857 
32768 3730519 
32768 4625054 
32768 4072853 
32768 4938921 
32768 3175531 
32768 6341316 
32768 2498550 
32768 4217625 
32768 7067125 
32768 6319695 
32768 6808535 
32768 3506234 
32768 6941678 
32768 3818842 
32768 5715572 
32768 3062934 
32768 2601881 
32768 2337280 
32768 4474159 
32768 4007760 
32768 6107630 
32768 5222648 
32768 2957279 
32768 4215767 
32768 2204416 
32768 3357169 
32768 3145867 
32768 2488503 
32768 3446269 
32768 2610017 
32768 4010783 
32768 3954138 
32768 6001501 
32768 3730865 
32768 6503091 
32768 4910837 
32768 3348305 
32768 6207658 
32768 3846806 
