8192 2654218 
8192 4995865 
8192 4157992 
8192 2943855 
8192 2802472 
8192 2675725 
8192 2653158 
8192 2157402 
8192 4923247 
8192 5176002 
8192 4617183 
8192 4020484 
8192 3975536 
8192 3599397 
8192 5443758 
8192 3046540 
8192 3479188 
8192 3685293 
8192 6223051 
8192 2352482 
8192 5945424 
8192 7880832 
8192 7023908 
8192 6161969 
8192 4984044 
8192 2097894 
8192 2149294 
8192 5164907 
8192 7142300 
8192 5523233 
8192 2696824 
8192 6433417 
8192 3938369 
8192 7457717 
8192 3803571 
8192 2568492 
8192 5028399 
8192 2568439 
8192 4813961 
8192 1676476 
8192 2267140 
8192 2933036 
8192 4496616 
8192 5708649 
8192 3804545 
8192 3734040 
8192 5277857 
8192 3673537 
8192 1165808 
8192 8909367 
8192 5133798 
8192 2163477 
8192 2545367 
8192 3091263 
8192 2226728 
8192 4116417 
8192 2704314 
8192 3568692 
8192 2169216 
8192 5125944 
8192 4687961 
8192 6619073 
8192 4511266 
8192 6081408 
8192 4490488 
8192 3645898 
8192 2252129 
8192 3334541 
8192 1983887 
8192 5677161 
8192 2539288 
8192 3741463 
8192 1992034 
8192 2604045 
8192 3105953 
8192 2259336 
8192 3468898 
8192 3433486 
8192 1860320 
8192 1853437 
8192 4613207 
8192 3708822 
8192 3694554 
8192 6707223 
8192 3299940 
8192 3187061 
8192 2118812 
8192 2414173 
8192 2980745 
8192 4955079 
8192 6371777 
8192 3337789 
8192 4046330 
8192 4808108 
8192 4142543 
8192 3411890 
8192 5252623 
8192 6021069 
8192 3750764 
8192 3846335 
8192 3151729 
8192 3514200 
8192 4742893 
8192 5876603 
8192 3497540 
8192 2765653 
8192 4631441 
8192 5471853 
8192 2647054 
8192 2451667 
8192 4189010 
8192 1987629 
8192 2460302 
8192 3907371 
8192 4099182 
8192 2754178 
8192 5188738 
8192 4116559 
8192 3506837 
8192 2575492 
8192 3683278 
8192 5101918 
8192 2775041 
8192 4194930 
8192 2304646 
8192 3907032 
8192 2489223 
8192 4353883 
8192 3135791 
8192 3043142 
8192 3159449 
8192 5543588 
8192 3523083 
8192 3186282 
8192 3177560 
8192 2849184 
8192 6601884 
8192 4809974 
8192 6265421 
8192 3713680 
8192 3183045 
8192 2186982 
8192 5670791 
8192 5631413 
8192 3301659 
8192 2427700 
8192 3699471 
8192 4936970 
8192 4261258 
8192 1686719 
8192 4716356 
8192 4458972 
8192 5021264 
8192 5995415 
8192 4183419 
8192 5086681 
8192 2578369 
8192 2513072 
8192 2548995 
8192 1761081 
8192 3174073 
8192 3623856 
8192 3050841 
8192 5803732 
8192 3265801 
8192 2004702 
8192 5739251 
8192 3947834 
8192 4180872 
8192 4815419 
8192 2881867 
8192 5798887 
8192 2576731 
8192 5067261 
8192 4240978 
8192 7090502 
8192 3477189 
8192 3710017 
8192 4186205 
8192 3421304 
8192 4013915 
8192 3959772 
8192 3027065 
8192 6218190 
8192 3739384 
8192 2106623 
8192 4826319 
8192 3814437 
8192 4768871 
8192 3678811 
8192 2782051 
8192 4188454 
8192 5431194 
8192 2001660 
8192 5393684 
8192 3950816 
8192 3334701 
8192 6678330 
8192 5025797 
8192 1781058 
8192 3482616 
8192 3949687 
8192 3975273 
8192 3370500 
8192 5089342 
8192 3958718 
8192 3158307 
8192 3618146 
8192 2811479 
8192 6712370 
8192 3052998 
8192 2977379 
8192 5626452 
8192 3220481 
8192 2093558 
8192 6346457 
8192 1450935 
8192 3102030 
8192 5843881 
8192 2650216 
8192 3738913 
8192 7571431 
8192 2957719 
8192 2504991 
8192 3252442 
8192 4200107 
8192 3096275 
8192 5655344 
8192 4303778 
8192 2592875 
8192 4065007 
8192 4671063 
8192 4171273 
8192 3571609 
8192 3399604 
8192 3479363 
8192 2457892 
8192 2048884 
8192 3207074 
8192 2194571 
8192 3217648 
8192 4270253 
8192 4194906 
8192 2148531 
8192 3100254 
8192 5610279 
8192 4062215 
8192 4544688 
8192 2531784 
8192 3626368 
8192 1650069 
8192 3199976 
8192 4754935 
8192 3811621 
8192 2135485 
8192 3223523 
8192 2988324 
8192 3727491 
8192 2292238 
8192 2510066 
8192 3488506 
8192 2087305 
8192 6984906 
8192 4710287 
8192 1941126 
8192 3453197 
8192 3106403 
8192 3633839 
8192 2442261 
8192 4361834 
8192 3744439 
8192 2151666 
8192 5746681 
8192 3100309 
8192 1604685 
8192 2851260 
8192 3986171 
8192 6146205 
8192 4095839 
8192 4365058 
8192 4592427 
8192 3351219 
8192 4772004 
8192 4869162 
8192 3828803 
8192 4258888 
8192 3522689 
8192 1897202 
8192 4712598 
8192 8181967 
8192 3332473 
8192 2834357 
8192 2106831 
8192 2940750 
8192 4306044 
8192 3318786 
8192 4020877 
8192 2928527 
8192 3566286 
8192 3425517 
8192 4417463 
8192 2890463 
8192 2367778 
8192 3942819 
8192 5500057 
8192 3875461 
8192 2723518 
8192 2781839 
8192 5483683 
8192 3574615 
8192 6026489 
8192 6230713 
8192 3081514 
8192 1700460 
8192 3903937 
8192 6628111 
8192 6081569 
8192 3224628 
8192 5370440 
8192 4690775 
8192 3578678 
8192 8141480 
8192 4594078 
8192 3871275 
8192 4074675 
8192 2805185 
8192 2411064 
8192 4059076 
8192 1875588 
8192 1883257 
8192 4305458 
8192 2721032 
8192 2133147 
8192 3874166 
8192 7072398 
8192 4487920 
8192 3731873 
8192 2660809 
8192 3888283 
8192 4588042 
8192 4559717 
8192 7119807 
8192 3353611 
8192 2739539 
8192 3961915 
8192 4312617 
8192 3607006 
8192 5014555 
8192 1457628 
8192 3858746 
8192 2017532 
8192 5374435 
8192 4202745 
8192 2640239 
8192 5976856 
8192 4563423 
8192 2080630 
8192 4090854 
8192 3352484 
8192 2690741 
8192 4148990 
8192 2889987 
8192 5642364 
8192 4043138 
8192 2217754 
8192 2439688 
8192 5400905 
8192 4899820 
8192 4230238 
8192 2591767 
8192 3761327 
8192 2978141 
8192 2303821 
8192 6486763 
8192 3640035 
8192 2790336 
8192 1712904 
8192 2768672 
8192 3020910 
8192 2998857 
8192 3482625 
8192 2959156 
8192 5462339 
8192 4075215 
8192 3691094 
8192 2542282 
8192 3776409 
8192 3138789 
8192 4004595 
8192 1764153 
8192 4134892 
8192 3704896 
8192 2114428 
8192 4608877 
8192 1818456 
8192 2851997 
8192 2050000 
8192 5664971 
8192 5740641 
8192 3308395 
8192 4573843 
8192 4531004 
8192 6571448 
8192 3295332 
8192 2688788 
8192 3240330 
8192 6894011 
8192 3105875 
8192 2419983 
8192 5445328 
8192 2293493 
8192 2227430 
8192 4005142 
8192 4941414 
8192 4991605 
8192 2880836 
8192 3519317 
8192 3187203 
8192 2830912 
8192 2383237 
8192 5681114 
8192 7842919 
8192 3126748 
8192 4301467 
8192 2999920 
8192 1722835 
8192 6767381 
8192 2677556 
8192 6214968 
8192 4703705 
8192 2793917 
8192 2299067 
8192 3209164 
8192 2689956 
8192 3948752 
8192 4110771 
8192 4226384 
8192 3457658 
8192 2976369 
8192 4580352 
8192 4379869 
8192 4816176 
8192 5526907 
8192 2643156 
8192 3308301 
8192 3975062 
8192 3411393 
8192 4907849 
8192 4561868 
8192 3672188 
8192 2520820 
8192 2160343 
8192 4851133 
8192 3279496 
8192 3136214 
8192 2490842 
8192 7340310 
8192 2539263 
8192 4189716 
8192 2418507 
8192 3122320 
8192 2350695 
8192 3689280 
8192 4553235 
8192 6218797 
8192 2601003 
8192 4615250 
8192 4531880 
8192 2573457 
8192 3155352 
8192 3202460 
8192 2032442 
8192 4225997 
8192 3090189 
8192 5254573 
8192 4727755 
8192 3168669 
8192 3219842 
8192 3211250 
8192 3521839 
8192 2047650 
8192 2227072 
8192 2579107 
8192 2409104 
8192 2731628 
8192 5132404 
8192 5554637 
8192 4692717 
8192 3876934 
8192 2604477 
8192 1412571 
8192 1677898 
8192 3466762 
8192 4323656 
8192 2711386 
8192 5154888 
8192 3876617 
8192 2722045 
8192 4225895 
8192 5570573 
8192 5324064 
8192 3236453 
8192 2596535 
8192 2452374 
8192 2542008 
8192 3665972 
8192 4240311 
8192 2488082 
8192 3626431 
8192 3576935 
8192 4213532 
8192 2765900 
8192 3273760 
8192 4537525 
8192 3392565 
8192 5046300 
8192 4402116 
8192 4304933 
8192 4172799 
8192 2726861 
8192 4534251 
8192 4437560 
8192 7768096 
8192 5163726 
8192 2552400 
8192 3076536 
8192 3749908 
8192 3233934 
8192 2180951 
8192 4039953 
8192 3110424 
8192 1981822 
8192 2859120 
8192 2799153 
8192 1403268 
8192 3626157 
8192 2707334 
8192 8446378 
8192 4169066 
8192 7366767 
8192 3052477 
8192 4717841 
8192 2483709 
8192 6206539 
8192 1417766 
8192 5114254 
8192 3251272 
8192 1928525 
8192 5055586 
8192 4400633 
8192 3618450 
8192 3322456 
8192 2763373 
8192 4498265 
8192 5266806 
8192 4263642 
8192 7382134 
8192 2225740 
8192 6320886 
8192 3589706 
8192 2231648 
8192 5153741 
8192 2739443 
8192 2873978 
8192 3503238 
8192 7655866 
8192 3532742 
8192 3799017 
8192 3731177 
8192 3488527 
8192 3223051 
8192 2351633 
8192 5108124 
8192 3046545 
8192 3270486 
8192 2584201 
8192 3787970 
8192 4522597 
8192 9607049 
8192 4640792 
8192 3035555 
8192 6151535 
8192 3318860 
8192 944433 
8192 3457307 
8192 3470158 
8192 5205771 
8192 3286621 
8192 6303921 
8192 4569324 
8192 3990452 
8192 3573813 
8192 2182287 
8192 3017469 
8192 2588906 
8192 10500558 
8192 2519778 
8192 3100319 
8192 3537122 
8192 3747798 
8192 2315060 
8192 2707014 
8192 3865167 
8192 6744431 
8192 6986557 
8192 5061371 
8192 6644954 
8192 3457362 
8192 3534890 
8192 4035342 
8192 3797083 
8192 2243641 
8192 2230875 
8192 4454783 
8192 4926080 
8192 3012789 
8192 1939302 
8192 5166065 
8192 2963795 
8192 4711850 
8192 3616662 
8192 4342913 
8192 3578498 
8192 4101534 
8192 3530651 
8192 8921351 
8192 4315859 
8192 5249773 
8192 2507382 
8192 3313144 
8192 4345124 
8192 1963206 
8192 6489577 
8192 5516985 
8192 2948865 
8192 6031453 
8192 5256092 
8192 2576285 
8192 3454481 
8192 2794129 
8192 2870433 
8192 5066436 
8192 3318426 
8192 2586548 
8192 2825966 
8192 4393729 
8192 3403762 
8192 3329109 
8192 2994311 
8192 3105664 
8192 1773040 
8192 5069618 
8192 5096877 
8192 4204912 
8192 3700424 
8192 3889579 
8192 6628270 
8192 3852924 
8192 2018026 
8192 3817154 
8192 2997088 
8192 5106689 
8192 2373875 
8192 2894082 
8192 4243289 
8192 3382173 
8192 5217745 
8192 2202919 
8192 4501991 
8192 5320375 
8192 4312966 
8192 2614296 
8192 4948528 
8192 3869710 
8192 5370252 
8192 4378965 
8192 5861753 
8192 2711159 
8192 2445767 
8192 3047388 
8192 4776396 
8192 1684061 
8192 2696276 
8192 5964508 
8192 4707756 
8192 2363284 
8192 2356872 
8192 4052978 
8192 2801878 
8192 4892831 
8192 2854329 
8192 2785590 
8192 2869814 
8192 2263020 
8192 6589200 
8192 3972982 
8192 3094386 
8192 2249601 
8192 2118332 
8192 3550457 
8192 2947615 
8192 2184680 
8192 2631019 
8192 6260114 
8192 4159274 
8192 3054016 
8192 5416110 
8192 7243140 
8192 2718344 
8192 4474353 
8192 3080581 
8192 2525788 
8192 1142083 
8192 3739877 
8192 3679392 
8192 3113319 
8192 4848602 
8192 3029972 
8192 2264989 
8192 6153481 
8192 3875241 
8192 6434612 
8192 2593394 
8192 2157712 
8192 3505313 
8192 3965614 
8192 1799529 
8192 3288040 
8192 3003564 
8192 2229355 
8192 5001338 
8192 4351899 
8192 2832433 
8192 4376863 
8192 4033275 
8192 4202290 
8192 2934693 
8192 3798792 
8192 3835433 
8192 4871052 
8192 4111776 
8192 3193650 
8192 3430421 
8192 4754911 
8192 4068347 
8192 4256036 
8192 2943210 
8192 2049828 
8192 1232782 
8192 5040698 
8192 2992465 
8192 1879059 
8192 5902963 
8192 5630633 
8192 2904901 
8192 5128017 
8192 3027837 
8192 5527254 
8192 3300052 
8192 2234462 
8192 2433114 
8192 4536906 
8192 4400451 
8192 2330136 
8192 3257276 
8192 3083620 
8192 4766746 
8192 4459793 
8192 4733107 
8192 3165924 
8192 3807420 
8192 2384092 
8192 3357737 
8192 2683368 
8192 5202921 
8192 4410326 
8192 2309343 
8192 1731911 
8192 3536252 
8192 7984785 
8192 6962165 
8192 5134922 
8192 5611303 
8192 5913974 
8192 3601619 
8192 2753605 
8192 3071130 
8192 3506214 
8192 3477581 
8192 4605614 
8192 3039926 
8192 5598511 
8192 3943186 
8192 2159505 
8192 2263527 
8192 2658691 
8192 5806802 
8192 5039604 
8192 2543203 
8192 3769833 
8192 3441975 
8192 2632830 
8192 2465094 
8192 4045387 
8192 3530204 
8192 3310525 
8192 4300367 
8192 1963687 
8192 3671520 
8192 8184468 
8192 3997336 
8192 1883848 
8192 5559035 
8192 3428982 
8192 5563963 
8192 3026199 
8192 2852894 
8192 5276196 
8192 3501294 
8192 4046898 
8192 5201675 
8192 5511193 
8192 5455562 
8192 2856433 
8192 2840564 
8192 5052872 
8192 5613729 
8192 2872748 
8192 2003228 
8192 3331513 
8192 3474978 
8192 4142249 
8192 3357127 
8192 2643371 
8192 5321046 
8192 2997337 
8192 4944694 
8192 2823184 
8192 3540674 
8192 2045063 
8192 3743781 
8192 2439776 
8192 2315746 
8192 6141503 
8192 3281434 
8192 2633294 
8192 7151512 
8192 3031897 
8192 5815098 
8192 3173532 
8192 3672200 
8192 2895152 
8192 3214944 
8192 3563668 
8192 2235183 
8192 2625435 
8192 1639522 
8192 4258019 
8192 3678540 
8192 3414524 
8192 2419927 
8192 3750147 
8192 4016205 
8192 1605377 
8192 999856 
8192 3360370 
8192 4538257 
8192 6972321 
8192 5163312 
8192 4473595 
8192 4476494 
8192 3293494 
8192 3444196 
8192 5089886 
8192 5490756 
8192 5439719 
8192 4264169 
8192 3224562 
8192 4040472 
8192 2975175 
8192 8217227 
8192 5271077 
8192 4958185 
8192 2410766 
8192 3234176 
8192 4314617 
8192 4896475 
8192 3111042 
8192 3580114 
8192 5356961 
8192 3301356 
8192 3010823 
8192 4542936 
8192 3643253 
8192 4644117 
8192 2052256 
8192 4213311 
8192 3757936 
8192 5263518 
8192 4850938 
8192 4090713 
8192 4566758 
8192 1593360 
8192 2681290 
8192 3120098 
8192 3821891 
8192 3563589 
8192 2246413 
8192 5624764 
8192 4652342 
8192 1714104 
8192 6385328 
8192 5371435 
8192 4026133 
8192 3782223 
8192 5003820 
8192 2464704 
8192 5915189 
8192 2909472 
8192 2995960 
8192 3899769 
8192 3947088 
8192 2385604 
8192 8160969 
8192 2150126 
8192 3485196 
8192 5395077 
8192 3291069 
8192 4333172 
8192 3771715 
8192 2912862 
8192 3505673 
8192 3206255 
8192 4028465 
8192 3092331 
8192 3402106 
8192 4039318 
8192 4426306 
8192 3580016 
8192 2370029 
8192 2349086 
8192 3186428 
8192 3284988 
8192 2591748 
8192 2434458 
8192 2075112 
8192 4867890 
8192 4051529 
8192 3710116 
8192 3771007 
8192 5122179 
8192 4047503 
8192 4093541 
8192 3647621 
8192 4137903 
8192 2112120 
8192 4604463 
8192 7504844 
8192 5005596 
8192 3315085 
8192 4866307 
8192 3399142 
8192 3671313 
8192 3632575 
8192 3540536 
8192 2750451 
8192 5700391 
8192 2272757 
8192 3998977 
8192 6537355 
8192 5013213 
8192 5945588 
8192 3256047 
8192 5243549 
8192 3634105 
8192 4953593 
8192 2769027 
8192 2469945 
8192 2198089 
8192 4135306 
8192 3665412 
8192 4352879 
8192 4833039 
8192 2684758 
8192 3962596 
8192 1925382 
8192 2971031 
8192 2755866 
8192 2397158 
8192 3005865 
8192 2397743 
8192 3580648 
8192 3080222 
8192 4578446 
8192 3232719 
8192 5784416 
8192 4439326 
8192 2964520 
8192 4975340 
8192 3453371 
