8192 2818586 
8192 5271243 
8192 5440187 
8192 2982840 
8192 3416306 
8192 2799199 
8192 2914639 
8192 2816782 
8192 5178967 
8192 7033426 
8192 5987394 
8192 4821831 
8192 4138251 
8192 4708745 
8192 7439823 
8192 4626252 
8192 4576953 
8192 4796368 
8192 7241664 
8192 3724272 
8192 6549736 
8192 8870108 
8192 7414818 
8192 7078354 
8192 4980135 
8192 3475973 
8192 2276265 
8192 6185324 
8192 8912773 
8192 7364586 
8192 3088645 
8192 8454947 
8192 3989120 
8192 8495560 
8192 4817396 
8192 2877233 
8192 6562565 
8192 3185346 
8192 5338351 
8192 1923814 
8192 2693666 
8192 3462674 
8192 5358574 
8192 7171217 
8192 4979988 
8192 4466995 
8192 5214961 
8192 5122239 
8192 1314830 
8192 10022363 
8192 6797570 
8192 3227062 
8192 2202803 
8192 4427216 
8192 3289365 
8192 4457919 
8192 3470407 
8192 4893131 
8192 3506017 
8192 6754995 
8192 4535164 
8192 7480288 
8192 6347936 
8192 6252928 
8192 4922704 
8192 3667449 
8192 2747488 
8192 3582485 
8192 3504139 
8192 5216529 
8192 2902402 
8192 4113557 
8192 2233942 
8192 3466092 
8192 3692469 
8192 2524766 
8192 4703993 
8192 4750402 
8192 3191434 
8192 1938770 
8192 5115628 
8192 4482720 
8192 4399397 
8192 6692680 
8192 3802514 
8192 3354289 
8192 3111529 
8192 3382746 
8192 3268049 
8192 6522288 
8192 7151554 
8192 3840144 
8192 4489001 
8192 6545612 
8192 4563577 
8192 3581243 
8192 6459095 
8192 6432030 
8192 5143343 
8192 4295865 
8192 4628548 
8192 4409293 
8192 4909731 
8192 7113167 
8192 4670086 
8192 3897451 
8192 5054074 
8192 6354592 
8192 2724416 
8192 3482897 
8192 6206833 
8192 2036482 
8192 2948329 
8192 5133386 
8192 4974513 
8192 3463863 
8192 6522934 
8192 4898571 
8192 4541478 
8192 2775508 
8192 5810804 
8192 6199402 
8192 3364413 
8192 5717559 
8192 2858513 
8192 4489810 
8192 2886171 
8192 5771147 
8192 3559610 
8192 3240991 
8192 3516535 
8192 6949158 
8192 5103497 
8192 4723107 
8192 3217986 
8192 3262918 
8192 6065595 
8192 5277482 
8192 7415136 
8192 4214248 
8192 3782418 
8192 3345972 
8192 6607228 
8192 6512372 
8192 3527730 
8192 2574520 
8192 4084499 
8192 6875405 
8192 5805835 
8192 2078175 
8192 6703442 
8192 4991059 
8192 6358163 
8192 6095640 
8192 4627695 
8192 5199560 
8192 3402058 
8192 2904389 
8192 2519085 
8192 1898034 
8192 4665123 
8192 4766084 
8192 3415970 
8192 5907863 
8192 4893253 
8192 2585273 
8192 6498707 
8192 4665897 
8192 5099137 
8192 5620029 
8192 3341444 
8192 6648375 
8192 2866956 
8192 5174175 
8192 5465803 
8192 8291034 
8192 4874142 
8192 3986239 
8192 4502289 
8192 3865335 
8192 4348959 
8192 5243834 
8192 3252563 
8192 6808534 
8192 4104972 
8192 3196997 
8192 5077902 
8192 5074399 
8192 5191747 
8192 4542601 
8192 2889491 
8192 4844976 
8192 6532379 
8192 2137634 
8192 5369692 
8192 4716044 
8192 3838591 
8192 7186555 
8192 5017924 
8192 2080178 
8192 3887288 
8192 5444387 
8192 4580633 
8192 5132291 
8192 6823287 
8192 4447759 
8192 3550567 
8192 4123213 
8192 3186960 
8192 6946759 
8192 3684256 
8192 3387572 
8192 7112771 
8192 3357306 
8192 2587777 
8192 7428261 
8192 1598166 
8192 3190399 
8192 6827611 
8192 3172325 
8192 5416275 
8192 8442449 
8192 3679222 
8192 3897777 
8192 4854040 
8192 4442749 
8192 3677130 
8192 6613909 
8192 5986192 
8192 3095921 
8192 4587591 
8192 4847428 
8192 4873575 
8192 5222636 
8192 3675667 
8192 4497341 
8192 3503094 
8192 2512807 
8192 4916744 
8192 3138858 
8192 3461258 
8192 4860015 
8192 4887666 
8192 2887469 
8192 3310926 
8192 6294961 
8192 4778994 
8192 4861892 
8192 3502690 
8192 3841197 
8192 1798013 
8192 3565789 
8192 6254248 
8192 4122596 
8192 3170998 
8192 3635916 
8192 3030515 
8192 5249604 
8192 2523699 
8192 2973278 
8192 3738745 
8192 3205374 
8192 7100988 
8192 6339118 
8192 3009422 
8192 3666581 
8192 3273526 
8192 3956366 
8192 2713480 
8192 4343605 
8192 4471992 
8192 3082792 
8192 6068182 
8192 3332932 
8192 1928341 
8192 3136431 
8192 5817586 
8192 7983411 
8192 4760775 
8192 4393154 
8192 5196187 
8192 3660038 
8192 6729208 
8192 5112119 
8192 4611334 
8192 4580839 
8192 4213378 
8192 3035231 
8192 4925203 
8192 9958696 
8192 3849288 
8192 3146761 
8192 3233902 
8192 3571931 
8192 5445204 
8192 3453542 
8192 4344934 
8192 4229046 
8192 4322353 
8192 3925289 
8192 5234137 
8192 3361460 
8192 2687125 
8192 5333633 
8192 6304778 
8192 4334729 
8192 3177842 
8192 2981553 
8192 6267456 
8192 5082738 
8192 7293657 
8192 6336656 
8192 4138035 
8192 1915995 
8192 4095696 
8192 7816916 
8192 6236195 
8192 3482412 
8192 7191589 
8192 5823079 
8192 3792422 
8192 7887666 
8192 5105916 
8192 5167364 
8192 4686685 
8192 3389561 
8192 2339267 
8192 4889393 
8192 3072364 
8192 1992037 
8192 5841707 
8192 3027428 
8192 2391624 
8192 4817551 
8192 8329952 
8192 5302060 
8192 5306351 
8192 2861774 
8192 4550890 
8192 4917699 
8192 4610801 
8192 8498177 
8192 5044926 
8192 3316087 
8192 4597869 
8192 4945176 
8192 3703544 
8192 6178655 
8192 1583962 
8192 4779817 
8192 2969962 
8192 6112423 
8192 5100537 
8192 2851620 
8192 7300748 
8192 5015706 
8192 3327558 
8192 4389855 
8192 4324070 
8192 2770732 
8192 4408199 
8192 3091376 
8192 6441955 
8192 3991905 
8192 2547037 
8192 2556701 
8192 6614916 
8192 4938941 
8192 4885239 
8192 2596683 
8192 4035803 
8192 2995758 
8192 2619992 
8192 9603965 
8192 4195757 
8192 3278624 
8192 2351167 
8192 3217486 
8192 3570117 
8192 4031537 
8192 4362422 
8192 3314820 
8192 6420418 
8192 5132701 
8192 4577393 
8192 3424126 
8192 5470718 
8192 3882373 
8192 4547907 
8192 1843974 
8192 5455115 
8192 4182371 
8192 3123877 
8192 5262143 
8192 2096865 
8192 3497536 
8192 3069865 
8192 6465542 
8192 6463342 
8192 3594069 
8192 6429507 
8192 5925276 
8192 8536911 
8192 4462800 
8192 3027254 
8192 4046613 
8192 7112037 
8192 3320096 
8192 2617073 
8192 5940769 
8192 3574871 
8192 2360539 
8192 4356585 
8192 5477459 
8192 5252978 
8192 3185019 
8192 3698232 
8192 3343085 
8192 3290247 
8192 2851804 
8192 7526039 
8192 10003722 
8192 3107259 
8192 5148734 
8192 3541369 
8192 1986720 
8192 7034137 
8192 3503277 
8192 6818512 
8192 6521122 
8192 3121548 
8192 2657157 
8192 4406488 
8192 4057857 
8192 4539281 
8192 4848706 
8192 4432920 
8192 4047671 
8192 3032429 
8192 5131345 
8192 5144652 
8192 6491857 
8192 7479703 
8192 3295000 
8192 3678844 
8192 4943302 
8192 3651207 
8192 5184100 
8192 5392305 
8192 4276058 
8192 2957293 
8192 2797800 
8192 5436550 
8192 3741237 
8192 3721928 
8192 3144733 
8192 8348039 
8192 2994721 
8192 4245605 
8192 2912947 
8192 3844998 
8192 2570692 
8192 5092518 
8192 5029757 
8192 6723732 
8192 3191808 
8192 5040886 
8192 5182448 
8192 2938153 
8192 3420824 
8192 3945969 
8192 2502576 
8192 4445542 
8192 3559461 
8192 6371778 
8192 6216624 
8192 4296270 
8192 3509890 
8192 4554521 
8192 3970736 
8192 2472228 
8192 2546578 
8192 3176496 
8192 2635683 
8192 2948424 
8192 6443830 
8192 6314926 
8192 4924372 
8192 5350174 
8192 2972954 
8192 1633849 
8192 1992327 
8192 3478287 
8192 5560970 
8192 3208791 
8192 6272034 
8192 4392030 
8192 3272596 
8192 4395761 
8192 5984301 
8192 5600517 
8192 4249972 
8192 2990975 
8192 2378648 
8192 3200616 
8192 5254326 
8192 5150325 
8192 2960289 
8192 5183685 
8192 4474154 
8192 5402203 
8192 3763207 
8192 3888132 
8192 5783087 
8192 3995246 
8192 5778889 
8192 4547254 
8192 5053237 
8192 4565294 
8192 3183776 
8192 5389077 
8192 5578797 
8192 9531056 
8192 6603781 
8192 2839548 
8192 3536139 
8192 4631286 
8192 4212744 
8192 2348367 
8192 4140964 
8192 3289743 
8192 2440025 
8192 3457112 
8192 2956845 
8192 1698158 
8192 4105291 
8192 3320809 
8192 10323337 
8192 5509153 
8192 7298093 
8192 3264681 
8192 5068500 
8192 2940945 
8192 6431992 
8192 1731685 
8192 5665836 
8192 4013432 
8192 2430210 
8192 6119462 
8192 4427636 
8192 4378436 
8192 3951737 
8192 3656891 
8192 4805690 
8192 6537466 
8192 6289792 
8192 9578238 
8192 2591835 
8192 7293456 
8192 3913157 
8192 2518788 
8192 5593519 
8192 3417064 
8192 3691850 
8192 4062721 
8192 8861182 
8192 4341207 
8192 3983325 
8192 5017376 
8192 3575018 
8192 4695868 
8192 3201069 
8192 12243198 
8192 3324133 
8192 4349796 
8192 3163781 
8192 4221516 
8192 4766695 
8192 9883286 
8192 6207635 
8192 3326325 
8192 6630672 
8192 4021547 
8192 1210716 
8192 4560018 
8192 3702774 
8192 6078729 
8192 3559273 
8192 7202493 
8192 4967515 
8192 5423835 
8192 3667839 
8192 2850346 
8192 3091990 
8192 2892256 
8192 10467071 
8192 2801450 
8192 3789226 
8192 4334334 
8192 4081845 
8192 2714505 
8192 2954474 
8192 5165345 
8192 7566835 
8192 6769955 
8192 5546748 
8192 7557277 
8192 4476821 
8192 4056679 
8192 4745815 
8192 4987587 
8192 3048388 
8192 2429208 
8192 5298182 
8192 5043540 
8192 3265865 
8192 2603063 
8192 5219384 
8192 3435129 
8192 5223283 
8192 3763611 
8192 4428033 
8192 4794684 
8192 4375897 
8192 3444899 
8192 10650935 
8192 4301443 
8192 6547896 
8192 2664399 
8192 4002664 
8192 4979968 
8192 2125368 
8192 7257509 
8192 6487746 
8192 3588598 
8192 6975725 
8192 7126288 
8192 2710299 
8192 4138344 
8192 2945510 
8192 3165160 
8192 5521439 
8192 3530360 
8192 2833329 
8192 3339041 
8192 4943259 
8192 4248975 
8192 4150791 
8192 3376505 
8192 2862935 
8192 1987360 
8192 6975026 
8192 5860219 
8192 5234494 
8192 4338007 
8192 4480809 
8192 7846395 
8192 5103137 
8192 2610122 
8192 4779707 
8192 3048229 
8192 6487732 
8192 3106029 
8192 3072546 
8192 5047828 
8192 4593200 
8192 7040190 
8192 2696492 
8192 5775705 
8192 6387808 
8192 5050833 
8192 3245448 
8192 6160249 
8192 4577060 
8192 6536423 
8192 4787058 
8192 6872192 
8192 2914891 
8192 3613771 
8192 3199283 
8192 5282062 
8192 2113660 
8192 3117677 
8192 6619393 
8192 5887095 
8192 2912811 
8192 3273237 
8192 4466693 
8192 3510557 
8192 5458231 
8192 3653132 
8192 3071874 
8192 3385956 
8192 3167627 
8192 7743475 
8192 4352081 
8192 3741443 
8192 2478188 
8192 3038867 
8192 4155884 
8192 3421336 
8192 3231504 
8192 3197507 
8192 6900717 
8192 5259828 
8192 3546587 
8192 6275516 
8192 8443671 
8192 2940082 
8192 5745756 
8192 4151658 
8192 2873776 
8192 1268999 
8192 4384949 
8192 4321627 
8192 3973827 
8192 5455580 
8192 3352792 
8192 2649964 
8192 7503615 
8192 4783618 
8192 7132884 
8192 3189183 
8192 3220721 
8192 3693704 
8192 4423371 
8192 2283680 
8192 3657680 
8192 3445613 
8192 2743893 
8192 6623618 
8192 5894709 
8192 3402232 
8192 5262996 
8192 5500647 
8192 4821079 
8192 3565893 
8192 5081960 
8192 4350637 
8192 5760919 
8192 5685756 
8192 4427983 
8192 4085925 
8192 5252136 
8192 4687370 
8192 5070167 
8192 3278975 
8192 2272671 
8192 1469709 
8192 6659557 
8192 3259476 
8192 2192282 
8192 6525799 
8192 6198470 
8192 3192290 
8192 6288390 
8192 4073628 
8192 6433801 
8192 4127844 
8192 2791441 
8192 2502399 
8192 6060435 
8192 4716818 
8192 3017599 
8192 4605966 
8192 3660933 
8192 4986080 
8192 4698187 
8192 6052613 
8192 3571617 
8192 4383115 
8192 2553650 
8192 3774280 
8192 2997465 
8192 5881009 
8192 4707994 
8192 2586160 
8192 1997658 
8192 4212344 
8192 8323926 
8192 8326156 
8192 5671393 
8192 6927245 
8192 6942051 
8192 4052740 
8192 3232502 
8192 3535157 
8192 4058590 
8192 5362313 
8192 5262318 
8192 3322256 
8192 6748432 
8192 5698863 
8192 2380686 
8192 2465269 
8192 3065885 
8192 6803379 
8192 6940740 
8192 2955725 
8192 5239637 
8192 5078909 
8192 2893363 
8192 3110297 
8192 4557307 
8192 4179985 
8192 3695214 
8192 5131465 
8192 2558720 
8192 3854978 
8192 8902868 
8192 4260949 
8192 2388375 
8192 5746067 
8192 4383104 
8192 6394620 
8192 3381689 
8192 3074545 
8192 6259351 
8192 4401845 
8192 4582834 
8192 5862230 
8192 6746908 
8192 6157681 
8192 3251034 
8192 3719990 
8192 5842285 
8192 6880261 
8192 3218619 
8192 2191571 
8192 4643812 
8192 4706290 
8192 4615781 
8192 4382747 
8192 3164156 
8192 6516487 
8192 3368295 
8192 5175449 
8192 3611992 
8192 4968231 
8192 2631706 
8192 4347771 
8192 2833122 
8192 2619994 
8192 8005791 
8192 3903248 
8192 3769192 
8192 8868955 
8192 3385039 
8192 7200864 
8192 3480119 
8192 4378647 
8192 3194854 
8192 4699125 
8192 4701572 
8192 2854444 
8192 2956342 
8192 1920764 
8192 4712105 
8192 4121079 
8192 4069766 
8192 3060515 
8192 4238836 
8192 4737387 
8192 1792022 
8192 1435815 
8192 4454990 
8192 5131292 
8192 8126451 
8192 6085219 
8192 4685148 
8192 4976469 
8192 4716028 
8192 5105151 
8192 6387398 
8192 6632579 
8192 5816438 
8192 5039595 
8192 3384664 
8192 5614872 
8192 3305571 
8192 9169628 
8192 5745824 
8192 6619770 
8192 2706474 
8192 4063069 
8192 4642637 
8192 5480552 
8192 3725132 
8192 4183158 
8192 7192808 
8192 3976415 
8192 4177075 
8192 5371802 
8192 4093106 
8192 5130625 
8192 2516050 
8192 4861250 
8192 4500003 
8192 6327569 
8192 5328751 
8192 5125699 
8192 4954724 
8192 1961448 
8192 3267824 
8192 3734682 
8192 4308029 
8192 4334344 
8192 2299181 
8192 6734501 
8192 5193794 
8192 2135071 
8192 6439439 
8192 6321706 
8192 4758846 
8192 4083566 
8192 5525327 
8192 2754817 
8192 6727954 
8192 3504034 
8192 3318701 
8192 4534414 
8192 4588714 
8192 2873087 
8192 9480834 
8192 2654130 
8192 4208196 
8192 5601285 
8192 3950118 
8192 4971884 
8192 4657945 
8192 3437061 
8192 4595350 
8192 4198456 
8192 4434044 
8192 3379157 
8192 4562379 
8192 4225506 
8192 4878814 
8192 3763949 
8192 2507857 
8192 3458750 
8192 3539915 
8192 4060814 
8192 2882826 
8192 3125427 
8192 2726516 
8192 5759512 
8192 5200228 
8192 3961209 
8192 4076732 
8192 5855060 
8192 5167007 
8192 4552059 
8192 4845548 
8192 4504135 
8192 2232594 
8192 5892364 
8192 7856261 
8192 5174094 
8192 4309369 
8192 5167836 
8192 3695545 
8192 3829840 
8192 3884051 
8192 4720837 
8192 3656389 
8192 6391998 
8192 2835742 
8192 4385110 
8192 7235420 
8192 6120211 
8192 6989192 
8192 3669589 
8192 6850649 
8192 4544698 
8192 5682514 
8192 3258498 
8192 2786280 
8192 3105366 
8192 5254469 
8192 4471497 
8192 5314282 
8192 5927956 
8192 3306011 
8192 4718426 
8192 2185501 
8192 3143744 
8192 2963127 
8192 3271101 
8192 3650755 
8192 2417908 
8192 4196670 
8192 3814408 
8192 6095814 
8192 4283833 
8192 6360398 
8192 4662685 
8192 3166260 
8192 6301497 
8192 4966127 
