512 3153129 
512 5675034 
512 4776928 
512 3321587 
512 3727670 
512 3105124 
512 2758631 
512 2815876 
512 6037757 
512 7135098 
512 5407244 
512 5204372 
512 4211675 
512 4193355 
512 7047868 
512 3604554 
512 3886338 
512 4802501 
512 8312472 
512 2649765 
512 5975339 
512 9281807 
512 8046929 
512 6924054 
512 5425291 
512 2850738 
512 2190813 
512 5516329 
512 7908373 
512 7344922 
512 3270240 
512 8858463 
512 4485007 
512 8326768 
512 3662020 
512 3707786 
512 6769182 
512 3465077 
512 5625073 
512 2102032 
512 2830186 
512 3583518 
512 4960951 
512 6085056 
512 4648783 
512 4089846 
512 5059444 
512 3965617 
512 1157022 
512 9443071 
512 5981414 
512 2715680 
512 2168325 
512 3899764 
512 2336095 
512 5193487 
512 3350614 
512 3972569 
512 2503096 
512 6084298 
512 4279715 
512 7344048 
512 5569642 
512 6646677 
512 4893519 
512 3987247 
512 2741007 
512 3541603 
512 2638948 
512 4806736 
512 2725508 
512 4003914 
512 2441377 
512 2753621 
512 3774763 
512 2698161 
512 3836884 
512 3786620 
512 2562313 
512 1920677 
512 5103604 
512 4293067 
512 4304185 
512 6753291 
512 3993391 
512 3259407 
512 2344654 
512 2288533 
512 3042477 
512 6313655 
512 6666946 
512 3899874 
512 4225252 
512 5600932 
512 5123075 
512 3957940 
512 6152810 
512 6353120 
512 4181120 
512 4296189 
512 4394334 
512 4396329 
512 4677776 
512 5734871 
512 3950182 
512 3145236 
512 4931959 
512 7094029 
512 2884421 
512 2933512 
512 5109796 
512 2302833 
512 2694559 
512 3949143 
512 4809051 
512 3034087 
512 5350716 
512 4114320 
512 3917293 
512 2798260 
512 4582149 
512 5546333 
512 3235169 
512 4275905 
512 2661868 
512 4694180 
512 2842251 
512 4995679 
512 3512390 
512 3157461 
512 3444584 
512 6150541 
512 4221697 
512 3734244 
512 3504326 
512 4032956 
512 7287875 
512 5006612 
512 6520791 
512 4376863 
512 3592284 
512 2413493 
512 6807584 
512 5278610 
512 3873399 
512 2650832 
512 3991209 
512 5672678 
512 4484121 
512 1819018 
512 5685391 
512 5540260 
512 5150371 
512 5863941 
512 4596867 
512 5290418 
512 3143722 
512 2904632 
512 2485626 
512 2046237 
512 3559232 
512 4380631 
512 3302665 
512 6030832 
512 4599608 
512 2102302 
512 6027390 
512 4505888 
512 4810108 
512 5627735 
512 3603367 
512 6342670 
512 2808436 
512 6031140 
512 4894212 
512 7423278 
512 4038339 
512 4154303 
512 4577996 
512 4097719 
512 4063690 
512 4236503 
512 3146549 
512 7062978 
512 3870001 
512 2617380 
512 4999621 
512 4260643 
512 5519572 
512 4334697 
512 2617446 
512 4626813 
512 6207775 
512 2101139 
512 5775080 
512 4580844 
512 3350197 
512 6937518 
512 5013169 
512 1884327 
512 3842419 
512 4430775 
512 4585133 
512 4095213 
512 6013059 
512 4766127 
512 3718492 
512 3786932 
512 3111712 
512 6929779 
512 3125039 
512 3378327 
512 6614767 
512 3199839 
512 2496190 
512 7223967 
512 1631962 
512 3209771 
512 6565732 
512 2871589 
512 4656856 
512 8292699 
512 3539479 
512 2491335 
512 3705746 
512 4171008 
512 3431444 
512 6038559 
512 5458385 
512 2904366 
512 4492618 
512 4866940 
512 5070557 
512 4147097 
512 3699621 
512 4008697 
512 2706365 
512 3055805 
512 3229703 
512 2329659 
512 3232052 
512 4699437 
512 4538984 
512 2600170 
512 3317127 
512 6274207 
512 4650054 
512 4815840 
512 2477026 
512 3874332 
512 1860974 
512 3527263 
512 5437489 
512 4165672 
512 2272270 
512 3463816 
512 2989614 
512 4132593 
512 2436310 
512 2898231 
512 3741155 
512 2310084 
512 7793136 
512 5901667 
512 2202527 
512 3697730 
512 3218378 
512 3748255 
512 2479438 
512 4631741 
512 4095034 
512 2225084 
512 6202895 
512 3233543 
512 1886617 
512 3009235 
512 4291176 
512 7283633 
512 4531531 
512 4936100 
512 5277352 
512 4006804 
512 5787476 
512 5287618 
512 5036860 
512 4453989 
512 4440437 
512 2152687 
512 5070575 
512 9923907 
512 3731062 
512 2884564 
512 2236731 
512 3320161 
512 5452813 
512 3229131 
512 4094552 
512 3201717 
512 3859697 
512 3988975 
512 5099658 
512 3768359 
512 2622956 
512 4658556 
512 6097265 
512 4329681 
512 3283187 
512 2869045 
512 6394623 
512 4018116 
512 7014078 
512 6252070 
512 3373216 
512 1797871 
512 4076020 
512 6754496 
512 6655808 
512 3227552 
512 6170716 
512 5974894 
512 3679856 
512 8383699 
512 4924080 
512 4641922 
512 4711650 
512 3240642 
512 2364358 
512 4929374 
512 2162845 
512 2011422 
512 5445612 
512 3014159 
512 2450502 
512 4099035 
512 8253172 
512 4827518 
512 4206724 
512 2788016 
512 4834599 
512 4800007 
512 4762235 
512 7886488 
512 4260410 
512 2453521 
512 4613080 
512 5174462 
512 3805943 
512 6307102 
512 1493710 
512 4438518 
512 2204023 
512 6543289 
512 4554933 
512 2863134 
512 6410091 
512 5354556 
512 2334724 
512 4455746 
512 3539016 
512 2748159 
512 4751447 
512 2875126 
512 6319105 
512 4284865 
512 2713582 
512 2365183 
512 6442066 
512 4982218 
512 4768009 
512 2780732 
512 4268659 
512 3036767 
512 2616731 
512 6134600 
512 3861134 
512 2995417 
512 2074585 
512 3095742 
512 3474253 
512 3314149 
512 3966598 
512 3324435 
512 6027528 
512 4243498 
512 4179965 
512 2775572 
512 4534937 
512 3459432 
512 4576999 
512 1876443 
512 4474466 
512 4049116 
512 2293205 
512 5460933 
512 2253810 
512 3037583 
512 2330239 
512 6678875 
512 6240758 
512 3742570 
512 5090440 
512 4901885 
512 7648750 
512 3518034 
512 2876078 
512 4122516 
512 7350975 
512 3513126 
512 2391721 
512 5938851 
512 2352751 
512 2565238 
512 4073657 
512 5247568 
512 5304564 
512 3095604 
512 3496750 
512 3507097 
512 3109086 
512 2883386 
512 6831745 
512 9488473 
512 3256498 
512 4831089 
512 3007192 
512 1978000 
512 6933472 
512 3263969 
512 7183294 
512 5716859 
512 2989897 
512 3023297 
512 3736085 
512 3519933 
512 4097010 
512 4566802 
512 4374191 
512 4242085 
512 2980322 
512 5347143 
512 4906958 
512 5242963 
512 6082808 
512 3190684 
512 3826318 
512 4746172 
512 3812869 
512 5357654 
512 5097690 
512 3827077 
512 2606538 
512 2760595 
512 5069183 
512 3725965 
512 3311542 
512 3032646 
512 7497371 
512 2825973 
512 4198940 
512 2719094 
512 3334669 
512 2461772 
512 4468337 
512 4672421 
512 6146501 
512 2671187 
512 4989727 
512 5050929 
512 2807401 
512 3875543 
512 3623384 
512 2279623 
512 4880452 
512 3343973 
512 6018947 
512 5710541 
512 3673956 
512 3343705 
512 3973232 
512 4215364 
512 2350594 
512 2525823 
512 3070951 
512 2375055 
512 3353797 
512 5820792 
512 5974636 
512 4687059 
512 4878809 
512 2923140 
512 1562489 
512 2040915 
512 3980530 
512 4967753 
512 3364370 
512 5383136 
512 4594824 
512 3002553 
512 4946332 
512 5786772 
512 6296616 
512 3713116 
512 2795961 
512 2299912 
512 3095840 
512 4233242 
512 4543733 
512 2675504 
512 4239993 
512 3891797 
512 4573830 
512 3230283 
512 3550650 
512 5550168 
512 3967071 
512 5694929 
512 4566103 
512 5312432 
512 4478822 
512 3107053 
512 4876580 
512 5083720 
512 8402316 
512 6275270 
512 2808817 
512 3441938 
512 4369372 
512 3829024 
512 2284768 
512 4184749 
512 3298975 
512 2202884 
512 3330249 
512 3055596 
512 1692266 
512 4823832 
512 3472004 
512 9017316 
512 4322751 
512 6784159 
512 3278262 
512 4861938 
512 2894601 
512 6332817 
512 1678845 
512 5070700 
512 4240754 
512 2344258 
512 5969603 
512 4457804 
512 4235116 
512 3621895 
512 3197750 
512 4453230 
512 6211344 
512 4433448 
512 9141720 
512 2287399 
512 7576755 
512 4022676 
512 2442693 
512 5769274 
512 3319037 
512 3061639 
512 4123748 
512 8111993 
512 3980831 
512 3944782 
512 4191695 
512 3344334 
512 4055116 
512 2366902 
512 5757023 
512 3661390 
512 3796381 
512 2746399 
512 4496585 
512 3703652 
512 11181175 
512 5567605 
512 3746362 
512 6587679 
512 3678495 
512 999202 
512 3593204 
512 3978258 
512 6173928 
512 3774182 
512 7024786 
512 5503424 
512 5376088 
512 3330139 
512 2515110 
512 3483241 
512 3078647 
512 10472055 
512 2991537 
512 3498798 
512 3537981 
512 4133889 
512 2720618 
512 3025468 
512 4333434 
512 8234640 
512 7100760 
512 5279613 
512 7552251 
512 4383702 
512 4065146 
512 4693940 
512 3848838 
512 2604054 
512 3715374 
512 4588283 
512 6044363 
512 3374505 
512 1932986 
512 5774459 
512 2881372 
512 5305563 
512 4041320 
512 4504485 
512 4162893 
512 4468318 
512 3417513 
512 10105182 
512 4318469 
512 5746089 
512 2501537 
512 3833780 
512 6647974 
512 2135579 
512 6757343 
512 6366764 
512 3282126 
512 6375712 
512 6129328 
512 2644503 
512 4088119 
512 2947456 
512 3091481 
512 6104235 
512 3713989 
512 2890726 
512 3512560 
512 4865847 
512 4370784 
512 3786702 
512 3247744 
512 3003291 
512 2148857 
512 5497724 
512 6159516 
512 4850919 
512 4490828 
512 4398554 
512 7494710 
512 4592611 
512 2348813 
512 4140299 
512 2956467 
512 6289145 
512 2581693 
512 3199548 
512 5186387 
512 3801276 
512 6087343 
512 2699567 
512 5370618 
512 5814111 
512 4985341 
512 2878954 
512 5496689 
512 4021995 
512 6452284 
512 4813024 
512 6472054 
512 3069348 
512 2866380 
512 3308030 
512 5243059 
512 1941503 
512 3233776 
512 6131049 
512 5467048 
512 2478856 
512 2710576 
512 4366179 
512 3357553 
512 5550857 
512 3201520 
512 2999456 
512 3246530 
512 2323707 
512 7549054 
512 4431353 
512 3596773 
512 2452849 
512 2431000 
512 3967413 
512 3315690 
512 2417622 
512 2969926 
512 6623024 
512 4906321 
512 3376260 
512 5965273 
512 7551458 
512 3014700 
512 4807523 
512 3821688 
512 2872674 
512 1167400 
512 4215922 
512 3953435 
512 3785167 
512 5388877 
512 3256981 
512 2604033 
512 6924535 
512 4430188 
512 7106441 
512 3236905 
512 2335256 
512 3579625 
512 4404683 
512 1994077 
512 3776226 
512 3502830 
512 2513126 
512 5577204 
512 4879416 
512 3184168 
512 4763484 
512 4673031 
512 4789308 
512 3751909 
512 4047254 
512 4273432 
512 5418944 
512 4796503 
512 3670698 
512 3780462 
512 5845611 
512 4649018 
512 4801382 
512 3171982 
512 2147862 
512 1375639 
512 6416945 
512 3138460 
512 2311336 
512 6428147 
512 6457891 
512 3167971 
512 6051277 
512 3420087 
512 6056054 
512 3525174 
512 2543971 
512 2450303 
512 5093327 
512 4979250 
512 2699260 
512 3665749 
512 3880479 
512 5499580 
512 4801957 
512 5253823 
512 3483768 
512 4305760 
512 2805643 
512 3821762 
512 2930587 
512 6042949 
512 4875833 
512 2665068 
512 1938473 
512 4221211 
512 8706428 
512 7442253 
512 5633813 
512 6418894 
512 6548827 
512 3982532 
512 3151974 
512 3409763 
512 4166968 
512 3786036 
512 4981244 
512 3354624 
512 5998729 
512 4489180 
512 2612096 
512 2404059 
512 3024494 
512 6197619 
512 5637904 
512 2806837 
512 4867830 
512 3957122 
512 2949118 
512 3396723 
512 4293278 
512 4103318 
512 3686592 
512 4692356 
512 2167404 
512 3948658 
512 9041812 
512 4823312 
512 2247544 
512 5854249 
512 3889631 
512 6421702 
512 3247493 
512 2918011 
512 6332730 
512 4210833 
512 4638927 
512 5860236 
512 6230389 
512 5809174 
512 3181738 
512 3260057 
512 5994900 
512 6500436 
512 3234949 
512 2228097 
512 4096643 
512 4246937 
512 4651708 
512 3838856 
512 3246541 
512 5831944 
512 3507900 
512 5520854 
512 3037300 
512 3721585 
512 2199506 
512 3977579 
512 2763933 
512 2651473 
512 6686667 
512 3955934 
512 3005164 
512 8624323 
512 3244097 
512 7217390 
512 4065587 
512 4227810 
512 3076921 
512 3678511 
512 3944025 
512 2763975 
512 2935552 
512 1869250 
512 4717570 
512 4034896 
512 4106846 
512 2798301 
512 4047955 
512 4511564 
512 1865365 
512 1316234 
512 4085882 
512 5149778 
512 7594697 
512 6332744 
512 4458469 
512 4911910 
512 3996533 
512 4284055 
512 5396984 
512 6171597 
512 6035677 
512 4812562 
512 3278560 
512 4650401 
512 3355366 
512 9899676 
512 5939153 
512 5117719 
512 3134380 
512 3772663 
512 4995313 
512 5689789 
512 3462558 
512 4298429 
512 6128069 
512 3687170 
512 3713547 
512 5085025 
512 4053941 
512 5046024 
512 2323623 
512 5281875 
512 4138416 
512 6357684 
512 5359492 
512 4622800 
512 4761205 
512 1958245 
512 2925347 
512 3762211 
512 4071512 
512 4313759 
512 2336255 
512 6365813 
512 5046491 
512 2012592 
512 6446380 
512 6145922 
512 4554979 
512 4106025 
512 5409833 
512 2700205 
512 6470370 
512 3322386 
512 3330369 
512 4947241 
512 4499855 
512 2778635 
512 8504067 
512 2586408 
512 3953768 
512 5934145 
512 3629925 
512 4720551 
512 4353255 
512 3188676 
512 4197667 
512 3366061 
512 4636027 
512 3335710 
512 4020429 
512 4533492 
512 5095531 
512 3895807 
512 2448731 
512 2560158 
512 3520067 
512 3541445 
512 2945421 
512 2574386 
512 2232737 
512 5185675 
512 4528913 
512 3906148 
512 4062909 
512 5891010 
512 4390666 
512 4751859 
512 3968642 
512 4743316 
512 2277362 
512 4947393 
512 8605394 
512 5843053 
512 3763577 
512 5124919 
512 3951031 
512 3751266 
512 3993891 
512 4072962 
512 2914560 
512 6530702 
512 2506734 
512 4344142 
512 7263508 
512 5544913 
512 7004403 
512 3552288 
512 5574364 
512 4037442 
512 5128570 
512 2835435 
512 2522852 
512 2337198 
512 4774685 
512 3987218 
512 4963651 
512 5470074 
512 2775837 
512 4264944 
512 2220875 
512 3134757 
512 2951457 
512 2568497 
512 3201912 
512 2499057 
512 3871420 
512 3092373 
512 5311670 
512 3728262 
512 6049644 
512 4800639 
512 3421725 
512 5824733 
512 3880578 
