32768 2806308 
32768 5421923 
32768 5458119 
32768 3113092 
32768 3383959 
32768 2803888 
32768 2861805 
32768 2725784 
32768 5276411 
32768 6800849 
32768 6145518 
32768 5103092 
32768 4298302 
32768 4591325 
32768 7091547 
32768 4624003 
32768 3814075 
32768 4971680 
32768 6948776 
32768 3712939 
32768 6187734 
32768 10483569 
32768 7401726 
32768 7070297 
32768 5075139 
32768 3494029 
32768 2200378 
32768 6208802 
32768 9169252 
32768 6293741 
32768 3101016 
32768 7600691 
32768 4136002 
32768 8582639 
32768 3914886 
32768 2959312 
32768 6510713 
32768 3005219 
32768 5337216 
32768 1975456 
32768 2558160 
32768 4373850 
32768 4877353 
32768 6076370 
32768 3967573 
32768 4706463 
32768 5163944 
32768 4152148 
32768 1219858 
32768 9139063 
32768 6897253 
32768 3425609 
32768 2176961 
32768 4399412 
32768 2405111 
32768 4510815 
32768 3372406 
32768 4735660 
32768 3436301 
32768 6931464 
32768 4345047 
32768 7397248 
32768 6343427 
32768 6860967 
32768 5011275 
32768 3681512 
32768 2798154 
32768 3594877 
32768 3066706 
32768 4903862 
32768 2861552 
32768 4098096 
32768 2265920 
32768 2800017 
32768 4683953 
32768 2705844 
32768 3753605 
32768 3738859 
32768 2304872 
32768 2022418 
32768 4924107 
32768 4422985 
32768 4498748 
32768 6807340 
32768 4594729 
32768 3353291 
32768 2384516 
32768 2313762 
32768 3161368 
32768 6407925 
32768 8152715 
32768 4787600 
32768 5029140 
32768 9047485 
32768 4616009 
32768 3745354 
32768 6334395 
32768 6420633 
32768 4660912 
32768 4300664 
32768 7301546 
32768 4354644 
32768 7356942 
32768 6767332 
32768 3771302 
32768 3877612 
32768 5017417 
32768 6839898 
32768 2640369 
32768 2826778 
32768 5670422 
32768 2170217 
32768 3326587 
32768 4671212 
32768 4837089 
32768 3142829 
32768 5504791 
32768 4784427 
32768 3680513 
32768 2865794 
32768 4202804 
32768 6246876 
32768 4216425 
32768 5237830 
32768 3220566 
32768 5006664 
32768 2923021 
32768 5155155 
32768 3643466 
32768 4022277 
32768 4115553 
32768 6729970 
32768 5192023 
32768 4762535 
32768 3399900 
32768 2984424 
32768 5923809 
32768 5352896 
32768 7647525 
32768 4310027 
32768 3780754 
32768 3228239 
32768 6917219 
32768 6687552 
32768 3762060 
32768 2608629 
32768 4144932 
32768 6483017 
32768 4734704 
32768 1825938 
32768 6311685 
32768 5054785 
32768 5241182 
32768 6027190 
32768 4698371 
32768 5367030 
32768 3261675 
32768 2682542 
32768 3434658 
32768 1950803 
32768 4728877 
32768 4623123 
32768 4332784 
32768 6482753 
32768 3996221 
32768 2024030 
32768 6262140 
32768 5678290 
32768 6247617 
32768 5361729 
32768 3201266 
32768 7648160 
32768 2887152 
32768 6165234 
32768 5697921 
32768 8240268 
32768 3717548 
32768 4792957 
32768 4581441 
32768 3584024 
32768 4188173 
32768 4758223 
32768 3441575 
32768 6618226 
32768 3868177 
32768 2667404 
32768 5033113 
32768 5184996 
32768 5965359 
32768 4528673 
32768 2698386 
32768 4685432 
32768 5507323 
32768 2758041 
32768 5993028 
32768 4498881 
32768 3449747 
32768 7541138 
32768 5386186 
32768 2107191 
32768 3905809 
32768 4529532 
32768 4586411 
32768 4373719 
32768 6769244 
32768 5611615 
32768 3287003 
32768 3919591 
32768 3101835 
32768 6876383 
32768 3587407 
32768 3228378 
32768 6873695 
32768 3219708 
32768 2846673 
32768 7022781 
32768 1619571 
32768 3149018 
32768 6667144 
32768 3113780 
32768 5080889 
32768 8109386 
32768 4424227 
32768 2495631 
32768 4516988 
32768 4378658 
32768 3782004 
32768 5678548 
32768 5118926 
32768 2983676 
32768 4442134 
32768 4838702 
32768 5096119 
32768 4311112 
32768 3519426 
32768 3705502 
32768 2874938 
32768 2834313 
32768 3385252 
32768 3271663 
32768 3283253 
32768 5500107 
32768 8017677 
32768 2936458 
32768 3494184 
32768 7624980 
32768 5606612 
32768 5041725 
32768 3471642 
32768 3926920 
32768 1952873 
32768 3789646 
32768 5433690 
32768 4129907 
32768 2532712 
32768 3550020 
32768 3605596 
32768 5135600 
32768 2481944 
32768 2896763 
32768 3694076 
32768 2295124 
32768 7139060 
32768 5301109 
32768 2307272 
32768 4432351 
32768 3175396 
32768 4262758 
32768 2520382 
32768 4493840 
32768 4650335 
32768 2364036 
32768 6528150 
32768 3316040 
32768 1930125 
32768 3053947 
32768 4259335 
32768 6745156 
32768 4701536 
32768 4900582 
32768 5046997 
32768 3757354 
32768 6806053 
32768 4984669 
32768 4581311 
32768 4500614 
32768 4033109 
32768 2103795 
32768 5194183 
32768 9643108 
32768 4541739 
32768 2934944 
32768 2369885 
32768 3605866 
32768 5338195 
32768 3294747 
32768 4974100 
32768 3878410 
32768 3871352 
32768 3976180 
32768 5165553 
32768 3270265 
32768 2644172 
32768 4735206 
32768 6230069 
32768 4511888 
32768 3291606 
32768 2708438 
32768 6082549 
32768 7861350 
32768 6716900 
32768 6298584 
32768 3954133 
32768 1830009 
32768 3808779 
32768 6890719 
32768 6723685 
32768 3260446 
32768 6049910 
32768 5841721 
32768 3788853 
32768 9245876 
32768 4972165 
32768 4628052 
32768 4476751 
32768 3260965 
32768 2479996 
32768 4964867 
32768 2289359 
32768 1989056 
32768 5869469 
32768 3384394 
32768 2389508 
32768 5119292 
32768 7717638 
32768 5185275 
32768 4239296 
32768 2878894 
32768 4628097 
32768 4778492 
32768 4424517 
32768 7970171 
32768 4568542 
32768 2502600 
32768 4589041 
32768 5718041 
32768 3569027 
32768 9690743 
32768 1518004 
32768 4651230 
32768 3092380 
32768 6946832 
32768 4334376 
32768 2948859 
32768 6798616 
32768 4968518 
32768 3222152 
32768 4710946 
32768 3783382 
32768 2747044 
32768 4599914 
32768 2958191 
32768 7440921 
32768 4538523 
32768 2677601 
32768 2251172 
32768 7155380 
32768 5147393 
32768 4884258 
32768 2720287 
32768 4997857 
32768 2830711 
32768 2636363 
32768 6173533 
32768 4493028 
32768 3038401 
32768 2375162 
32768 3141274 
32768 4200351 
32768 3400857 
32768 4955484 
32768 3211382 
32768 6275131 
32768 4988133 
32768 5061675 
32768 2849506 
32768 4689182 
32768 3507982 
32768 5581808 
32768 1836420 
32768 4481967 
32768 4297518 
32768 2540710 
32768 5888305 
32768 2043161 
32768 3262335 
32768 2822574 
32768 6426812 
32768 6137931 
32768 3738583 
32768 6182307 
32768 4955289 
32768 7645338 
32768 4405834 
32768 3151703 
32768 3882220 
32768 8007010 
32768 3441768 
32768 2588282 
32768 6151725 
32768 2543773 
32768 2426561 
32768 4244569 
32768 5522982 
32768 5420045 
32768 3446242 
32768 3574649 
32768 3377529 
32768 3171439 
32768 2928103 
32768 6886619 
32768 9792706 
32768 3273969 
32768 5142977 
32768 3484442 
32768 2352470 
32768 7073828 
32768 3241584 
32768 6912017 
32768 6522902 
32768 2956056 
32768 2639207 
32768 3657000 
32768 3368775 
32768 4411212 
32768 4498803 
32768 4544621 
32768 4673687 
32768 3060725 
32768 5356020 
32768 4979144 
32768 5640708 
32768 7182023 
32768 3278257 
32768 4115397 
32768 4791312 
32768 4582838 
32768 5019909 
32768 5863913 
32768 3988244 
32768 2775805 
32768 2842037 
32768 6150065 
32768 3834572 
32768 3569128 
32768 3048232 
32768 8080500 
32768 2816790 
32768 4486242 
32768 2778191 
32768 4225772 
32768 2325032 
32768 4449489 
32768 4860952 
32768 6253029 
32768 2838794 
32768 5005452 
32768 5182375 
32768 2974585 
32768 3548701 
32768 4683592 
32768 2331541 
32768 4921484 
32768 4146538 
32768 5798164 
32768 5479548 
32768 3642346 
32768 3358740 
32768 3663881 
32768 4400315 
32768 2448955 
32768 2482381 
32768 3144068 
32768 2491201 
32768 3055341 
32768 6686068 
32768 6223262 
32768 4933967 
32768 5782195 
32768 2676741 
32768 1555135 
32768 2571393 
32768 3568007 
32768 5022340 
32768 3281863 
32768 6420797 
32768 5213751 
32768 2947647 
32768 4487562 
32768 6334445 
32768 5748509 
32768 3544829 
32768 2842410 
32768 2301086 
32768 3125980 
32768 4511832 
32768 5209218 
32768 2641508 
32768 5027154 
32768 3966310 
32768 4758096 
32768 3475741 
32768 3885641 
32768 5620606 
32768 3937730 
32768 5567287 
32768 4559052 
32768 5257211 
32768 4657268 
32768 3380161 
32768 5234416 
32768 4952754 
32768 8683403 
32768 6556496 
32768 3292875 
32768 3260365 
32768 4432510 
32768 3509377 
32768 2330360 
32768 4201038 
32768 3320410 
32768 2203349 
32768 3411012 
32768 3134177 
32768 1771640 
32768 4162209 
32768 3211328 
32768 8622629 
32768 4615868 
32768 6462048 
32768 3291489 
32768 5139028 
32768 2969797 
32768 6776325 
32768 1799989 
32768 5308531 
32768 3868991 
32768 2310072 
32768 6891727 
32768 4269486 
32768 4351980 
32768 4564687 
32768 3280700 
32768 4512562 
32768 6391418 
32768 4465698 
32768 8378939 
32768 2428696 
32768 7038817 
32768 4412598 
32768 3382958 
32768 5383459 
32768 3361450 
32768 3328123 
32768 4060178 
32768 8184656 
32768 4201847 
32768 4007930 
32768 4151328 
32768 3369471 
32768 4492048 
32768 2506586 
32768 5622182 
32768 3524632 
32768 3832901 
32768 2606876 
32768 4400213 
32768 5106275 
32768 10460772 
32768 6368635 
32768 3383024 
32768 6473301 
32768 3755871 
32768 1122888 
32768 3647626 
32768 3691713 
32768 6159286 
32768 4484417 
32768 6836104 
32768 5564077 
32768 4812472 
32768 3562411 
32768 2419448 
32768 3081579 
32768 3011228 
32768 11690891 
32768 2631241 
32768 3780888 
32768 3671711 
32768 4112004 
32768 2699856 
32768 3237054 
32768 4348107 
32768 7633530 
32768 7134068 
32768 5219246 
32768 6996264 
32768 3943649 
32768 3786102 
32768 4579716 
32768 4042299 
32768 2478639 
32768 2513702 
32768 4789979 
32768 5077258 
32768 3368464 
32768 2164634 
32768 5086620 
32768 3096049 
32768 4967465 
32768 3956008 
32768 4862519 
32768 4753425 
32768 4523507 
32768 3343035 
32768 9978762 
32768 4340493 
32768 6451215 
32768 2815269 
32768 3924747 
32768 5329864 
32768 2397934 
32768 6868646 
32768 6860211 
32768 3331976 
32768 7368272 
32768 6132574 
32768 2572936 
32768 4238425 
32768 2891623 
32768 3084051 
32768 5822711 
32768 3448513 
32768 3016294 
32768 3511100 
32768 5750763 
32768 3981195 
32768 3393486 
32768 3396958 
32768 2855458 
32768 2087685 
32768 6542771 
32768 5617760 
32768 6018492 
32768 4397165 
32768 4554557 
32768 7445532 
32768 4635687 
32768 2398896 
32768 4722475 
32768 2939798 
32768 6160995 
32768 2591402 
32768 3170831 
32768 4757573 
32768 3714968 
32768 5707725 
32768 2635176 
32768 5923739 
32768 5780639 
32768 5019678 
32768 3242212 
32768 5483895 
32768 3980995 
32768 6186203 
32768 5040525 
32768 6469961 
32768 3010840 
32768 2964693 
32768 4073115 
32768 5410334 
32768 1968813 
32768 3756106 
32768 7013461 
32768 5229440 
32768 3313733 
32768 2750307 
32768 4581841 
32768 3149780 
32768 5291790 
32768 3161520 
32768 3698803 
32768 3265224 
32768 3078329 
32768 8007457 
32768 5266514 
32768 3695082 
32768 2428999 
32768 2496968 
32768 3729099 
32768 3565162 
32768 3133345 
32768 3139326 
32768 6308231 
32768 4810749 
32768 3407226 
32768 7113014 
32768 8389901 
32768 2954680 
32768 5721900 
32768 3385516 
32768 2802546 
32768 1230830 
32768 4276541 
32768 4421933 
32768 4573372 
32768 5322289 
32768 3329693 
32768 2688009 
32768 7088319 
32768 4705382 
32768 7657678 
32768 3427998 
32768 2295378 
32768 3500613 
32768 4633271 
32768 1977617 
32768 3831142 
32768 4309320 
32768 2745114 
32768 6571024 
32768 4702243 
32768 3098326 
32768 4856526 
32768 4456156 
32768 4576157 
32768 4243050 
32768 3892486 
32768 4515420 
32768 6251636 
32768 4563650 
32768 4334070 
32768 3758844 
32768 5126368 
32768 5140932 
32768 4506888 
32768 3442324 
32768 2261317 
32768 1351639 
32768 6846781 
32768 3154152 
32768 2211937 
32768 6912683 
32768 6611070 
32768 3081665 
32768 6571241 
32768 3271510 
32768 6116632 
32768 3590240 
32768 3003944 
32768 2507502 
32768 5101228 
32768 5011447 
32768 2588973 
32768 3618386 
32768 3411494 
32768 5212329 
32768 4900700 
32768 5349374 
32768 4001432 
32768 4492720 
32768 2501364 
32768 3912702 
32768 2961628 
32768 5982377 
32768 4752680 
32768 2648339 
32768 2348119 
32768 4306116 
32768 8046997 
32768 7387610 
32768 5716543 
32768 6024384 
32768 6460281 
32768 3913517 
32768 3169009 
32768 3382789 
32768 4670545 
32768 3839611 
32768 5244525 
32768 4199186 
32768 6976266 
32768 5128187 
32768 2377819 
32768 2472323 
32768 2912238 
32768 6627921 
32768 5769679 
32768 3625895 
32768 4378774 
32768 3975840 
32768 2781468 
32768 2968506 
32768 4516515 
32768 3863489 
32768 3674841 
32768 4612965 
32768 2528081 
32768 4015218 
32768 9225965 
32768 4313794 
32768 3138615 
32768 6881803 
32768 4095366 
32768 7007667 
32768 3436073 
32768 2978768 
32768 6708611 
32768 4977046 
32768 4757492 
32768 6025981 
32768 6519439 
32768 6071029 
32768 3218589 
32768 3095716 
32768 6738060 
32768 6524436 
32768 3210347 
32768 2157551 
32768 4095709 
32768 4761574 
32768 4649244 
32768 4784611 
32768 3000137 
32768 5658511 
32768 3439947 
32768 6105062 
32768 3113596 
32768 3943982 
32768 3085211 
32768 4537236 
32768 2638227 
32768 2577402 
32768 6693459 
32768 4227840 
32768 3228410 
32768 8694931 
32768 3607173 
32768 7247726 
32768 3869948 
32768 5136851 
32768 3258572 
32768 3962485 
32768 4175136 
32768 2780601 
32768 3006603 
32768 1771285 
32768 5035755 
32768 4163082 
32768 3715934 
32768 3001556 
32768 4401164 
32768 5607691 
32768 1860892 
32768 1365547 
32768 3697273 
32768 5121802 
32768 8002897 
32768 7138426 
32768 4493590 
32768 4845684 
32768 3647880 
32768 4211394 
32768 5613139 
32768 7038361 
32768 6541916 
32768 4817429 
32768 3735662 
32768 4573931 
32768 3249158 
32768 9790485 
32768 6293150 
32768 5703217 
32768 2568679 
32768 3800134 
32768 5807663 
32768 5229654 
32768 3454576 
32768 4126709 
32768 6917843 
32768 3801572 
32768 3380821 
32768 4964713 
32768 4041453 
32768 6192960 
32768 2375819 
32768 4716674 
32768 5146776 
32768 6011433 
32768 4963808 
32768 4837043 
32768 4764149 
32768 1829309 
32768 2842814 
32768 3674914 
32768 4180911 
32768 4022249 
32768 2352381 
32768 6537517 
32768 5800620 
32768 2016980 
32768 6579552 
32768 6045129 
32768 4461731 
32768 4345885 
32768 6223060 
32768 2799987 
32768 6403353 
32768 3548626 
32768 3308071 
32768 4420486 
32768 4098883 
32768 2808103 
32768 9468036 
32768 2469831 
32768 4147726 
32768 6717532 
32768 3700688 
32768 4787650 
32768 4262641 
32768 3117367 
32768 5082704 
32768 3355142 
32768 4297387 
32768 3315629 
32768 5084205 
32768 4120547 
32768 4865977 
32768 4765218 
32768 2275588 
32768 2610070 
32768 3798305 
32768 3626167 
32768 5293693 
32768 2522966 
32768 2326267 
32768 5953961 
32768 4527202 
32768 5150127 
32768 4149951 
32768 6612957 
32768 4486872 
32768 4316173 
32768 4243098 
32768 4399272 
32768 2277755 
32768 4841604 
32768 8050213 
32768 5358573 
32768 3626513 
32768 5203195 
32768 3671308 
32768 3951746 
32768 4747987 
32768 3980233 
32768 3101225 
32768 6163897 
32768 3234551 
32768 4232616 
32768 7868817 
32768 5630054 
32768 6675363 
32768 3486522 
32768 6598625 
32768 3815474 
32768 6380766 
32768 3002818 
32768 2656052 
32768 2327483 
32768 4614594 
32768 3843826 
32768 5083413 
32768 5109820 
32768 2905103 
32768 4263374 
32768 2180324 
32768 4048011 
32768 2955052 
32768 2606761 
32768 4247092 
32768 2684432 
32768 4875630 
32768 3274962 
32768 5055717 
32768 3545463 
32768 6432920 
32768 4728970 
32768 3240563 
32768 5381848 
32768 3925394 
