512 2806861 
512 5188441 
512 5419929 
512 2932385 
512 3304920 
512 2902520 
512 2785315 
512 2564176 
512 5240939 
512 7179287 
512 5814202 
512 4821557 
512 4600641 
512 4554362 
512 6036807 
512 3643469 
512 3764062 
512 4778230 
512 7508690 
512 3691156 
512 6355413 
512 9314915 
512 7087023 
512 6953532 
512 5088999 
512 2746195 
512 2239727 
512 6409081 
512 8668074 
512 6400996 
512 3071271 
512 8396335 
512 4081372 
512 8336524 
512 4935109 
512 2845696 
512 5919478 
512 3312401 
512 5468565 
512 1948432 
512 2650822 
512 3462990 
512 5345251 
512 6871662 
512 4705016 
512 5041141 
512 5502517 
512 5001224 
512 1267949 
512 9712701 
512 6469522 
512 3524018 
512 2123274 
512 4235535 
512 2497588 
512 4534164 
512 3521534 
512 4694804 
512 2527559 
512 6669554 
512 4578730 
512 7725733 
512 5262655 
512 7017147 
512 4993914 
512 3946005 
512 2646028 
512 3490450 
512 2854796 
512 5219860 
512 2827510 
512 4119230 
512 2366145 
512 2789809 
512 4394665 
512 2622309 
512 4770937 
512 3780992 
512 2190433 
512 1913070 
512 5237880 
512 4769179 
512 4455087 
512 6948807 
512 4703745 
512 3826246 
512 3146513 
512 2414981 
512 3137775 
512 6904730 
512 7680323 
512 4797266 
512 4302171 
512 6458907 
512 5258106 
512 4224544 
512 6238514 
512 6948180 
512 5156501 
512 5325441 
512 3716737 
512 4544340 
512 4847869 
512 6903670 
512 3626878 
512 3129361 
512 4998590 
512 6183243 
512 2624236 
512 2720207 
512 4937009 
512 2015346 
512 2647080 
512 4919207 
512 4805190 
512 2986796 
512 6248075 
512 4950608 
512 4545497 
512 3442010 
512 4974290 
512 6442939 
512 3288328 
512 4271199 
512 2763923 
512 4485789 
512 3455919 
512 5135949 
512 3541033 
512 3262032 
512 3415431 
512 7006891 
512 5016866 
512 9598551 
512 3216185 
512 3374399 
512 6694726 
512 5131306 
512 7194203 
512 3981600 
512 3630007 
512 2884130 
512 7084412 
512 6468461 
512 3416587 
512 2553377 
512 4227727 
512 6318155 
512 4671539 
512 1942070 
512 6360889 
512 5502215 
512 6565969 
512 6960100 
512 5537177 
512 5109358 
512 3353631 
512 3741938 
512 3156592 
512 2133164 
512 4487091 
512 4600279 
512 3535184 
512 5950862 
512 4646177 
512 2055447 
512 6048090 
512 4379698 
512 4924545 
512 6446898 
512 3091711 
512 7292338 
512 3447890 
512 5573628 
512 4570628 
512 8279573 
512 4986015 
512 4440603 
512 4323828 
512 3641055 
512 4250948 
512 4661079 
512 3318191 
512 6862208 
512 3862012 
512 2605668 
512 4844159 
512 5180576 
512 6110807 
512 5268366 
512 3026616 
512 4885098 
512 5616449 
512 2082449 
512 6390645 
512 5678219 
512 3423605 
512 9214360 
512 5066820 
512 2209707 
512 4011988 
512 4729618 
512 4623696 
512 4890347 
512 6979418 
512 4627400 
512 3281420 
512 4027002 
512 3271393 
512 6959850 
512 3837571 
512 3469326 
512 7438189 
512 3244691 
512 2620352 
512 7562369 
512 1430861 
512 3155864 
512 6629548 
512 3083821 
512 4746949 
512 8762504 
512 4032912 
512 2592195 
512 3703891 
512 4307737 
512 3676231 
512 6603208 
512 6206164 
512 3142812 
512 4325433 
512 4819075 
512 6004258 
512 5152032 
512 4724676 
512 4053655 
512 2611082 
512 3219216 
512 3276728 
512 3111925 
512 3315498 
512 4739652 
512 5569170 
512 2999415 
512 3091683 
512 6259390 
512 4559575 
512 4866066 
512 3083574 
512 3897529 
512 1843886 
512 3526852 
512 5390919 
512 4110198 
512 2895774 
512 4155658 
512 3158141 
512 5030243 
512 2503558 
512 2900127 
512 3883231 
512 2788431 
512 7047453 
512 5894182 
512 2775376 
512 4150094 
512 3250249 
512 3981338 
512 2441219 
512 5636595 
512 4769122 
512 2135764 
512 6414749 
512 3230428 
512 1870769 
512 2868857 
512 4572980 
512 6797887 
512 4409579 
512 4855663 
512 5230498 
512 4798281 
512 5819607 
512 5906989 
512 4752066 
512 4563853 
512 4077862 
512 2175992 
512 5608000 
512 8732821 
512 3780452 
512 3685620 
512 2305856 
512 3312922 
512 4777426 
512 3444961 
512 5113058 
512 3272695 
512 4717193 
512 3730566 
512 5196862 
512 4346684 
512 2503374 
512 4801990 
512 6518706 
512 4628636 
512 3318392 
512 2839506 
512 6944515 
512 4540633 
512 6823701 
512 6333128 
512 3534787 
512 2051017 
512 4618235 
512 6668406 
512 6698359 
512 3505489 
512 7384563 
512 6959790 
512 3887494 
512 8092558 
512 4976987 
512 4790032 
512 4385432 
512 3160019 
512 2465892 
512 4736293 
512 2169120 
512 2028568 
512 5667132 
512 3079354 
512 2354667 
512 4824491 
512 8786992 
512 5279881 
512 5155461 
512 2906143 
512 4717604 
512 4813557 
512 4674111 
512 8271064 
512 4000582 
512 2507920 
512 5121952 
512 6056086 
512 4194896 
512 5777049 
512 1595745 
512 4790727 
512 2714773 
512 6799503 
512 4404004 
512 2864693 
512 7488826 
512 5364235 
512 2424645 
512 4415498 
512 5099203 
512 2933286 
512 5203056 
512 2887664 
512 7134712 
512 4324672 
512 2688764 
512 2349260 
512 7367107 
512 5373030 
512 4860605 
512 2881709 
512 4036751 
512 3096706 
512 2570698 
512 6270470 
512 3955788 
512 3199369 
512 1867818 
512 3161449 
512 3766151 
512 4065009 
512 4033382 
512 4169329 
512 6696199 
512 4192667 
512 4559016 
512 3363932 
512 4496716 
512 3537621 
512 4607589 
512 1777425 
512 4416946 
512 4468711 
512 3219169 
512 4916853 
512 2106239 
512 3162496 
512 3216606 
512 6168600 
512 5989199 
512 4065951 
512 5293090 
512 4915690 
512 8328551 
512 4170880 
512 3436495 
512 4572893 
512 6943146 
512 3408887 
512 2441320 
512 6027455 
512 2767250 
512 2950939 
512 4125198 
512 6141762 
512 5397852 
512 3226603 
512 3614442 
512 3444983 
512 3205284 
512 2891067 
512 6311089 
512 9848144 
512 3126457 
512 4957229 
512 3318322 
512 2112284 
512 7292189 
512 3207960 
512 6222538 
512 6146892 
512 3618735 
512 3424634 
512 4018239 
512 3370002 
512 4269542 
512 4535563 
512 5272066 
512 4593219 
512 2974123 
512 6058390 
512 4922918 
512 5116752 
512 6399900 
512 3022318 
512 3803398 
512 4733484 
512 3953959 
512 5214073 
512 5552752 
512 3954980 
512 2535288 
512 3189170 
512 5859775 
512 3710962 
512 3519814 
512 3169840 
512 8034728 
512 3296716 
512 4392718 
512 2711968 
512 3924455 
512 2519306 
512 5127372 
512 4986587 
512 7515891 
512 3057593 
512 5595874 
512 6078665 
512 3046398 
512 3820302 
512 3720621 
512 2236720 
512 4641672 
512 4350517 
512 5516859 
512 5488785 
512 4467826 
512 3615317 
512 4783493 
512 4846880 
512 2867378 
512 2632631 
512 3062427 
512 2521842 
512 3336442 
512 6794883 
512 6243981 
512 4735558 
512 4940351 
512 2792252 
512 1618519 
512 2125943 
512 3581168 
512 6133131 
512 3219320 
512 5161773 
512 5060468 
512 3085640 
512 5239098 
512 5298796 
512 6350745 
512 3667324 
512 3247470 
512 2321190 
512 3165016 
512 4321900 
512 4828684 
512 2794462 
512 4388910 
512 4828017 
512 5544573 
512 3467481 
512 4269618 
512 5265815 
512 4780195 
512 6403313 
512 4624927 
512 5316445 
512 4543611 
512 4016602 
512 4977649 
512 4787302 
512 9303784 
512 5615955 
512 2992294 
512 4060167 
512 6145577 
512 3619547 
512 2299170 
512 4270850 
512 3304572 
512 2212485 
512 3370056 
512 3186697 
512 1794065 
512 4113732 
512 3346239 
512 9047418 
512 4921095 
512 6948918 
512 3556519 
512 5175462 
512 3186507 
512 6572498 
512 1819182 
512 5178818 
512 4423883 
512 2337962 
512 6048992 
512 5301731 
512 5098457 
512 4694408 
512 3488719 
512 4773211 
512 6620666 
512 5092320 
512 9836732 
512 2483014 
512 7102450 
512 4879615 
512 2632317 
512 6166951 
512 3227136 
512 3323961 
512 5058128 
512 8050942 
512 4215741 
512 4126094 
512 4561326 
512 3503912 
512 4425248 
512 2630440 
512 5569985 
512 3678944 
512 3725258 
512 2812460 
512 4372691 
512 4749766 
512 10034915 
512 6141191 
512 3379242 
512 6956344 
512 3864216 
512 1064860 
512 4763884 
512 4353920 
512 6376227 
512 4367833 
512 6765172 
512 5583265 
512 4522404 
512 3431535 
512 2799064 
512 3220424 
512 2970496 
512 11441698 
512 2936445 
512 3889433 
512 4196809 
512 4632229 
512 3613784 
512 3062802 
512 4585173 
512 8520520 
512 6864191 
512 5240829 
512 6680577 
512 4261254 
512 4004479 
512 4498899 
512 3833583 
512 2998215 
512 2865470 
512 5565361 
512 5004220 
512 3818858 
512 2307383 
512 6438269 
512 3007306 
512 4941601 
512 3971693 
512 4835997 
512 4604877 
512 4521446 
512 3231012 
512 9961460 
512 5056415 
512 6510483 
512 2682625 
512 4810320 
512 5315622 
512 2542227 
512 7013890 
512 5998004 
512 3492322 
512 7631691 
512 6234869 
512 2759194 
512 4110192 
512 3060176 
512 3123933 
512 5974563 
512 3745039 
512 3039524 
512 3697480 
512 5035198 
512 4065858 
512 3376740 
512 3706036 
512 2865175 
512 2031429 
512 6486850 
512 6101771 
512 6128335 
512 5257522 
512 4485844 
512 7125294 
512 4380229 
512 2323753 
512 4157787 
512 3242557 
512 6824932 
512 2729806 
512 3290942 
512 4905721 
512 3660632 
512 6680591 
512 2649717 
512 5856937 
512 5595848 
512 4955131 
512 3051611 
512 5983638 
512 4186349 
512 6273213 
512 4605130 
512 7333221 
512 2962550 
512 3342502 
512 3666220 
512 5270082 
512 1816732 
512 3841529 
512 7195141 
512 5197075 
512 2417422 
512 3088091 
512 4653492 
512 3252927 
512 5173682 
512 3430664 
512 2986518 
512 3092754 
512 2676459 
512 7482781 
512 4385785 
512 4000713 
512 2334531 
512 2538120 
512 4440006 
512 3615212 
512 2347682 
512 3140665 
512 7014655 
512 5574433 
512 3509230 
512 5908952 
512 8535093 
512 3102079 
512 4804711 
512 3674928 
512 3285151 
512 1486763 
512 4370391 
512 4475455 
512 3792081 
512 6208427 
512 3209954 
512 2581892 
512 6750890 
512 4266240 
512 7796313 
512 3554047 
512 2575237 
512 4554621 
512 4625937 
512 2222935 
512 4284710 
512 3448909 
512 3014677 
512 5845260 
512 4732909 
512 3272085 
512 5038702 
512 4492110 
512 4500129 
512 3747148 
512 3914482 
512 4798061 
512 6402909 
512 4617340 
512 3641828 
512 4495994 
512 5343695 
512 5259792 
512 4631911 
512 3296135 
512 2897113 
512 1384831 
512 5898195 
512 3187137 
512 2308649 
512 6448046 
512 6299039 
512 2997815 
512 6514812 
512 3351824 
512 6748648 
512 4294874 
512 2516161 
512 2820603 
512 6125908 
512 5692364 
512 2886260 
512 4520524 
512 3660541 
512 5500597 
512 4813055 
512 5919255 
512 3419166 
512 4342003 
512 2557475 
512 3836360 
512 2912225 
512 5814437 
512 4947777 
512 2641215 
512 2117597 
512 4313982 
512 9287757 
512 7691553 
512 5492476 
512 6937523 
512 6673866 
512 4007915 
512 3077196 
512 3737648 
512 3914622 
512 4838215 
512 4939010 
512 3247284 
512 6345383 
512 5001276 
512 2702360 
512 2307730 
512 2983829 
512 6501844 
512 6565482 
512 2944240 
512 4340080 
512 4696169 
512 2922385 
512 2787292 
512 4253905 
512 3931167 
512 4217934 
512 5262936 
512 2446619 
512 4117917 
512 9275905 
512 4794650 
512 2726977 
512 5924815 
512 3957665 
512 6181385 
512 3765367 
512 3322722 
512 6297673 
512 3891589 
512 4731790 
512 6884009 
512 7088484 
512 5826966 
512 3249327 
512 3682756 
512 5301300 
512 7504787 
512 3208763 
512 2125003 
512 4887393 
512 3756870 
512 4965137 
512 3610378 
512 3122684 
512 7258454 
512 3623543 
512 6578291 
512 3020332 
512 4396413 
512 2617656 
512 4145024 
512 2789109 
512 2584207 
512 7106439 
512 4625999 
512 3375372 
512 8392733 
512 3814870 
512 7517634 
512 3398056 
512 4383710 
512 3323268 
512 4255944 
512 4141156 
512 2807003 
512 2798414 
512 1768213 
512 4849898 
512 4117995 
512 4057187 
512 2837857 
512 3926498 
512 5074468 
512 1894574 
512 1343715 
512 3841584 
512 5286597 
512 8406292 
512 5996915 
512 4924006 
512 5127158 
512 4117495 
512 4005809 
512 5829440 
512 5738479 
512 6581696 
512 4822822 
512 3768293 
512 4675400 
512 3397660 
512 9613246 
512 6392125 
512 5863188 
512 2515434 
512 4367972 
512 4700425 
512 6186383 
512 3499764 
512 4225607 
512 5933942 
512 3744458 
512 3401061 
512 5138876 
512 4667863 
512 5326408 
512 2447744 
512 5215784 
512 5113806 
512 5918719 
512 5330464 
512 4762093 
512 4636401 
512 1870805 
512 2924461 
512 4006395 
512 4253970 
512 4392694 
512 2250580 
512 6998353 
512 5371990 
512 2077100 
512 6680959 
512 6069754 
512 4542180 
512 4242950 
512 6156430 
512 2802971 
512 6916132 
512 4160597 
512 3622673 
512 4472505 
512 4647461 
512 3131080 
512 8365788 
512 2424769 
512 3933176 
512 6618093 
512 3640668 
512 4943354 
512 5122620 
512 3544140 
512 4000368 
512 4007682 
512 4673985 
512 3249840 
512 4309657 
512 4616474 
512 4772971 
512 4164556 
512 2370632 
512 2677067 
512 3534187 
512 3465916 
512 3207775 
512 3286116 
512 2508117 
512 5783325 
512 4676582 
512 4147805 
512 4144623 
512 6489943 
512 4439146 
512 4461242 
512 4096675 
512 5031091 
512 2379911 
512 5120841 
512 7829676 
512 5289241 
512 3655394 
512 5186440 
512 3756151 
512 4676181 
512 4040081 
512 4814233 
512 2963198 
512 6316710 
512 2436188 
512 4380209 
512 6825197 
512 6048357 
512 6710067 
512 3456583 
512 5927976 
512 3840282 
512 5232258 
512 3025785 
512 3316822 
512 2345429 
512 4495104 
512 4964920 
512 5355848 
512 5531994 
512 2862893 
512 4652120 
512 2082201 
512 3484229 
512 2984958 
512 2551304 
512 3146647 
512 2516287 
512 5034256 
512 3311308 
512 5064106 
512 4121877 
512 6633183 
512 4755243 
512 3393719 
512 5994396 
512 3937405 
