1024 2922513 
1024 5424952 
1024 5455463 
1024 3076633 
1024 3242085 
1024 2818977 
1024 2871459 
1024 2669978 
1024 5175424 
1024 6892543 
1024 5807353 
1024 4929923 
1024 4072315 
1024 4699016 
1024 7430563 
1024 4676560 
1024 4569990 
1024 4682302 
1024 7057119 
1024 3549932 
1024 6406799 
1024 8956855 
1024 7407728 
1024 7044534 
1024 5188366 
1024 3086490 
1024 3039019 
1024 6378284 
1024 8793803 
1024 7362031 
1024 3106836 
1024 8584337 
1024 4073546 
1024 8568657 
1024 4873645 
1024 2863015 
1024 6682067 
1024 3017882 
1024 5635258 
1024 1897686 
1024 2806265 
1024 3643322 
1024 5044849 
1024 6943893 
1024 4875358 
1024 4780073 
1024 5394946 
1024 4198394 
1024 1273437 
1024 9118540 
1024 6674019 
1024 2984844 
1024 2135129 
1024 4450652 
1024 3302711 
1024 4911869 
1024 3542138 
1024 3868314 
1024 3333970 
1024 6612792 
1024 4910639 
1024 7323211 
1024 6328170 
1024 7026158 
1024 5138849 
1024 3753876 
1024 2857947 
1024 3621208 
1024 2405676 
1024 5389562 
1024 2837364 
1024 4001890 
1024 2208363 
1024 2876714 
1024 4839030 
1024 2536198 
1024 4758871 
1024 4951109 
1024 2754567 
1024 2414651 
1024 5092228 
1024 4590629 
1024 4623524 
1024 6670134 
1024 4712990 
1024 3421124 
1024 2390387 
1024 2329909 
1024 2980727 
1024 6339515 
1024 8641661 
1024 4548569 
1024 4271729 
1024 6356098 
1024 4718371 
1024 4566129 
1024 7149101 
1024 6755380 
1024 5252108 
1024 4348520 
1024 4537387 
1024 4217807 
1024 4695343 
1024 6560176 
1024 4637475 
1024 3166171 
1024 5095198 
1024 6557828 
1024 2607626 
1024 2841953 
1024 4937646 
1024 2062709 
1024 2817003 
1024 4026004 
1024 5110094 
1024 3043119 
1024 6697499 
1024 4864393 
1024 4031703 
1024 2898786 
1024 4681144 
1024 5774863 
1024 3384815 
1024 5108837 
1024 2804847 
1024 4660572 
1024 2805615 
1024 4955070 
1024 3501126 
1024 3281604 
1024 3327786 
1024 6865310 
1024 4135254 
1024 5001004 
1024 7244668 
1024 3935987 
1024 7312452 
1024 5666390 
1024 7328991 
1024 4302625 
1024 3478568 
1024 3253515 
1024 6676992 
1024 5587074 
1024 3568367 
1024 2587895 
1024 4403844 
1024 6280070 
1024 4702920 
1024 1860920 
1024 6949516 
1024 4903254 
1024 5367126 
1024 6904204 
1024 4511785 
1024 5277497 
1024 4355649 
1024 2640442 
1024 3481152 
1024 2074589 
1024 4633970 
1024 4622949 
1024 4301814 
1024 6719195 
1024 3896177 
1024 2154269 
1024 6338496 
1024 4596259 
1024 5355665 
1024 6210352 
1024 3449547 
1024 6833477 
1024 2969605 
1024 5347761 
1024 4864526 
1024 7385866 
1024 4772043 
1024 10017012 
1024 4461153 
1024 3653054 
1024 4117634 
1024 4918807 
1024 3209497 
1024 6802708 
1024 4061053 
1024 3222580 
1024 5015846 
1024 4943389 
1024 5290285 
1024 4466225 
1024 2661660 
1024 4799161 
1024 6276876 
1024 2160883 
1024 6352898 
1024 4520002 
1024 3542414 
1024 7289087 
1024 5064772 
1024 2105325 
1024 5013752 
1024 4794433 
1024 5227611 
1024 4530512 
1024 6573127 
1024 4795214 
1024 3539042 
1024 4009503 
1024 3207002 
1024 7567061 
1024 3164816 
1024 3505779 
1024 6211436 
1024 3476624 
1024 2553654 
1024 7218867 
1024 1616436 
1024 3124338 
1024 6754773 
1024 3049059 
1024 5452167 
1024 8319433 
1024 4253828 
1024 3401637 
1024 4798350 
1024 4460039 
1024 3684193 
1024 6821015 
1024 5225527 
1024 2914982 
1024 4541230 
1024 4924707 
1024 4912693 
1024 4300050 
1024 4634411 
1024 3711667 
1024 2786764 
1024 2926614 
1024 3173198 
1024 3173112 
1024 4113364 
1024 4739116 
1024 5080685 
1024 2559920 
1024 3154390 
1024 6375271 
1024 5559041 
1024 5012603 
1024 2609706 
1024 4734254 
1024 1961908 
1024 3754379 
1024 6292000 
1024 4264073 
1024 2967639 
1024 3541242 
1024 3131663 
1024 5276749 
1024 2559807 
1024 2870208 
1024 3970181 
1024 2580543 
1024 7250472 
1024 6061723 
1024 2489739 
1024 3773679 
1024 3119909 
1024 4097653 
1024 2540452 
1024 5252161 
1024 4229625 
1024 2299889 
1024 6416360 
1024 3275032 
1024 1992395 
1024 2942141 
1024 4285164 
1024 6770249 
1024 4353121 
1024 5405719 
1024 4859778 
1024 4680670 
1024 6801627 
1024 4958742 
1024 4586203 
1024 4618839 
1024 4271603 
1024 2794293 
1024 5021610 
1024 9407569 
1024 4758627 
1024 3173344 
1024 2273643 
1024 3595525 
1024 4776536 
1024 3412937 
1024 5080933 
1024 3299617 
1024 3747187 
1024 4377874 
1024 5029212 
1024 3391751 
1024 2596093 
1024 4251535 
1024 6182381 
1024 4400808 
1024 3117349 
1024 2921310 
1024 7099694 
1024 4848320 
1024 7064252 
1024 6420931 
1024 3442714 
1024 1806354 
1024 4057039 
1024 7533832 
1024 7200898 
1024 3307176 
1024 6566236 
1024 6680836 
1024 3702748 
1024 8234554 
1024 5446725 
1024 4733190 
1024 4306566 
1024 3092324 
1024 2589680 
1024 4959684 
1024 3162826 
1024 1979677 
1024 5326971 
1024 3144138 
1024 2480887 
1024 3974352 
1024 9008832 
1024 5298435 
1024 4274302 
1024 2798283 
1024 4732338 
1024 4805092 
1024 4577855 
1024 8328479 
1024 4873819 
1024 2523102 
1024 4268039 
1024 5201328 
1024 3874392 
1024 6677148 
1024 1444353 
1024 4592744 
1024 2286546 
1024 6505266 
1024 4531683 
1024 3022964 
1024 6746525 
1024 4944238 
1024 3232737 
1024 4775894 
1024 4590657 
1024 2907769 
1024 4574723 
1024 3069155 
1024 7458691 
1024 5740210 
1024 2634981 
1024 2571613 
1024 7569719 
1024 5368422 
1024 4851811 
1024 2756588 
1024 4781304 
1024 2940386 
1024 2856730 
1024 6070261 
1024 4919712 
1024 3007625 
1024 2123551 
1024 3137584 
1024 4461635 
1024 3442354 
1024 3907205 
1024 3048770 
1024 6865939 
1024 4320294 
1024 4200500 
1024 2840904 
1024 4522847 
1024 4541476 
1024 4577094 
1024 2304623 
1024 4317230 
1024 4292812 
1024 2736935 
1024 5042043 
1024 2299905 
1024 3520588 
1024 2319793 
1024 6214112 
1024 6086864 
1024 4553418 
1024 5668470 
1024 5054578 
1024 8058239 
1024 4351766 
1024 3006530 
1024 4353103 
1024 7453470 
1024 3574878 
1024 2401152 
1024 6015553 
1024 3165755 
1024 2368055 
1024 4816356 
1024 5903972 
1024 5344068 
1024 4318105 
1024 3896375 
1024 3356178 
1024 3804595 
1024 2962980 
1024 6340240 
1024 10257102 
1024 3452395 
1024 4902940 
1024 3107383 
1024 2120848 
1024 7514669 
1024 3352459 
1024 6212262 
1024 5408002 
1024 3005025 
1024 2774871 
1024 3648814 
1024 3395694 
1024 4902288 
1024 4659174 
1024 4632644 
1024 4645474 
1024 3562811 
1024 6302085 
1024 5085921 
1024 5838564 
1024 7211159 
1024 3311140 
1024 4058152 
1024 4721371 
1024 3833145 
1024 6200161 
1024 5153383 
1024 4014065 
1024 2610187 
1024 2595940 
1024 5897152 
1024 3984344 
1024 3343311 
1024 2919186 
1024 8499312 
1024 3768636 
1024 4506917 
1024 3410432 
1024 3453756 
1024 2872691 
1024 5328799 
1024 4758945 
1024 7188269 
1024 2655316 
1024 5845741 
1024 4996568 
1024 2970608 
1024 3519760 
1024 3784532 
1024 2364996 
1024 4699286 
1024 4644222 
1024 6230099 
1024 5840302 
1024 3811083 
1024 3553829 
1024 3883826 
1024 4246314 
1024 2423634 
1024 2544630 
1024 3182638 
1024 2772818 
1024 3292880 
1024 6016775 
1024 6455785 
1024 5621999 
1024 4910728 
1024 3119732 
1024 1582338 
1024 2048629 
1024 3495287 
1024 6287176 
1024 3267470 
1024 6028172 
1024 4920023 
1024 3120398 
1024 4769536 
1024 6427370 
1024 5989779 
1024 3634761 
1024 3023662 
1024 2959223 
1024 3048706 
1024 4380863 
1024 4417038 
1024 3575760 
1024 4127403 
1024 5152029 
1024 4861508 
1024 3281386 
1024 4267682 
1024 5199281 
1024 4884841 
1024 5754192 
1024 4935026 
1024 5448167 
1024 4518010 
1024 3190139 
1024 6012769 
1024 4682495 
1024 8337773 
1024 6774699 
1024 3399590 
1024 3248766 
1024 4340561 
1024 3670065 
1024 2461593 
1024 4219063 
1024 3269551 
1024 2436820 
1024 3374691 
1024 3119491 
1024 1768599 
1024 4142730 
1024 3469978 
1024 9633862 
1024 5426588 
1024 6579986 
1024 3471235 
1024 4803002 
1024 3046565 
1024 6274459 
1024 1878385 
1024 5216009 
1024 4164552 
1024 2270243 
1024 5932011 
1024 4366626 
1024 4398662 
1024 3892692 
1024 3181800 
1024 5305727 
1024 6426089 
1024 4337064 
1024 8073459 
1024 2260030 
1024 6712406 
1024 4106323 
1024 2438000 
1024 6503771 
1024 3536213 
1024 3230995 
1024 4490078 
1024 7642343 
1024 4809619 
1024 4552419 
1024 5055434 
1024 3762144 
1024 4531856 
1024 2701274 
1024 5976957 
1024 3280933 
1024 3693485 
1024 2543995 
1024 4275705 
1024 3964587 
1024 10138586 
1024 6433642 
1024 3285469 
1024 6645695 
1024 3475445 
1024 1174949 
1024 4906820 
1024 4038828 
1024 5974156 
1024 3920495 
1024 6774854 
1024 5474281 
1024 4765188 
1024 3271076 
1024 2778141 
1024 3078884 
1024 3018395 
1024 10334841 
1024 2545582 
1024 3743435 
1024 4214990 
1024 4620436 
1024 2901753 
1024 3448269 
1024 4803400 
1024 8314103 
1024 6937307 
1024 5809856 
1024 6759270 
1024 4275322 
1024 4482729 
1024 4726049 
1024 4820438 
1024 2420313 
1024 2484547 
1024 4815323 
1024 4907493 
1024 3588884 
1024 2281724 
1024 5923766 
1024 2954208 
1024 5051491 
1024 4582774 
1024 4628253 
1024 4750699 
1024 4487944 
1024 3406479 
1024 10460082 
1024 4158716 
1024 6666011 
1024 2638386 
1024 4091302 
1024 5135794 
1024 2130628 
1024 7533930 
1024 6195471 
1024 3428947 
1024 6673006 
1024 6439398 
1024 2583336 
1024 4986087 
1024 3580524 
1024 3013574 
1024 5919170 
1024 3429026 
1024 3012234 
1024 3456805 
1024 4947313 
1024 3990153 
1024 3277755 
1024 3256821 
1024 3396889 
1024 2164931 
1024 5498726 
1024 5707841 
1024 4903608 
1024 4047958 
1024 5025499 
1024 7072247 
1024 4898179 
1024 2381496 
1024 5345692 
1024 3137941 
1024 7179611 
1024 2625158 
1024 2968911 
1024 4576517 
1024 3848880 
1024 6111008 
1024 2499141 
1024 5133575 
1024 6529531 
1024 5303761 
1024 2923518 
1024 5243873 
1024 4432325 
1024 5983521 
1024 5314126 
1024 6578402 
1024 2946611 
1024 3341729 
1024 3363677 
1024 5139577 
1024 2204268 
1024 3071810 
1024 6367836 
1024 6567532 
1024 2809188 
1024 2699557 
1024 4900034 
1024 3220364 
1024 5917904 
1024 3368584 
1024 3299460 
1024 3203405 
1024 2602818 
1024 7462356 
1024 4502886 
1024 3803155 
1024 2585953 
1024 2465498 
1024 3796292 
1024 3544543 
1024 2436578 
1024 2957462 
1024 6717779 
1024 6030745 
1024 3324857 
1024 6950204 
1024 7464079 
1024 3649142 
1024 4855219 
1024 4069510 
1024 3186007 
1024 1220348 
1024 4319460 
1024 4655140 
1024 4683078 
1024 6821676 
1024 3099511 
1024 2938788 
1024 6415217 
1024 4013850 
1024 7750671 
1024 3085178 
1024 2535328 
1024 3783599 
1024 5648125 
1024 2279934 
1024 3952432 
1024 4118778 
1024 2468760 
1024 5809707 
1024 5065101 
1024 3263128 
1024 5296999 
1024 5220186 
1024 4525293 
1024 3726671 
1024 4557624 
1024 4375346 
1024 5675826 
1024 5214762 
1024 3559877 
1024 3663165 
1024 5117383 
1024 4642461 
1024 4584112 
1024 3302444 
1024 2646437 
1024 1560738 
1024 6481170 
1024 3941112 
1024 2715899 
1024 6368443 
1024 6182117 
1024 3028633 
1024 5583702 
1024 3399656 
1024 6222935 
1024 4091176 
1024 2543248 
1024 2570360 
1024 5061734 
1024 4830855 
1024 2738360 
1024 3940056 
1024 3964142 
1024 5172323 
1024 4587451 
1024 6584945 
1024 3407474 
1024 4587163 
1024 2438622 
1024 4408728 
1024 2812400 
1024 5978587 
1024 5419875 
1024 2530296 
1024 1864011 
1024 4223415 
1024 8578471 
1024 7431149 
1024 6573002 
1024 6327272 
1024 6412624 
1024 4434473 
1024 3058450 
1024 3941563 
1024 3730732 
1024 4549476 
1024 6132690 
1024 3767008 
1024 5954599 
1024 4321196 
1024 2160852 
1024 2741208 
1024 3529195 
1024 6440778 
1024 6802361 
1024 2820874 
1024 4411464 
1024 3784380 
1024 3540837 
1024 2900882 
1024 4745676 
1024 3998002 
1024 3547952 
1024 4674171 
1024 2317381 
1024 4761457 
1024 9920143 
1024 4304240 
1024 2143029 
1024 5814221 
1024 4633359 
1024 6307320 
1024 3799555 
1024 2895407 
1024 6477889 
1024 4491278 
1024 4642905 
1024 6121903 
1024 6431583 
1024 6263397 
1024 3142390 
1024 3012137 
1024 5576633 
1024 6855222 
1024 3130005 
1024 2211647 
1024 3790405 
1024 3820484 
1024 4580071 
1024 3959854 
1024 3270350 
1024 6036202 
1024 3321073 
1024 5263441 
1024 3109233 
1024 3814630 
1024 2511563 
1024 4448659 
1024 2656527 
1024 2863861 
1024 7690720 
1024 3852248 
1024 3228587 
1024 8349530 
1024 3488288 
1024 7339311 
1024 3354287 
1024 4081320 
1024 3017312 
1024 3693546 
1024 3993153 
1024 2658573 
1024 3025307 
1024 2163396 
1024 4711208 
1024 4612943 
1024 4766836 
1024 3972033 
1024 4915303 
1024 4386860 
1024 2398861 
1024 1294082 
1024 4267211 
1024 5463711 
1024 7450622 
1024 5856865 
1024 4566341 
1024 4839324 
1024 3494073 
1024 4215911 
1024 6497845 
1024 6075518 
1024 6461675 
1024 4964061 
1024 3242015 
1024 4753819 
1024 3122334 
1024 9331264 
1024 5727287 
1024 5231095 
1024 2737732 
1024 3520969 
1024 4628852 
1024 5668078 
1024 3353860 
1024 4306239 
1024 6466762 
1024 3755403 
1024 3476625 
1024 5112252 
1024 4041208 
1024 5022952 
1024 2710714 
1024 4610627 
1024 4323761 
1024 5940560 
1024 4997812 
1024 5605381 
1024 4747428 
1024 2173482 
1024 2896350 
1024 3564169 
1024 4492997 
1024 4012683 
1024 3092302 
1024 6621018 
1024 5188927 
1024 2161934 
1024 6628536 
1024 6413883 
1024 4346599 
1024 4028294 
1024 5356332 
1024 2898319 
1024 7302448 
1024 3511630 
1024 3586018 
1024 4441889 
1024 4744076 
1024 2835613 
1024 8192943 
1024 2420670 
1024 3874485 
1024 5570439 
1024 3935443 
1024 4762282 
1024 4559639 
1024 3052865 
1024 4120017 
1024 3595701 
1024 4278962 
1024 3563571 
1024 4448889 
1024 4339457 
1024 4795559 
1024 3832520 
1024 2254546 
1024 2599404 
1024 3553029 
1024 4092980 
1024 2836334 
1024 3230971 
1024 2499036 
1024 5265273 
1024 4559290 
1024 4044008 
1024 3963562 
1024 5489493 
1024 4976381 
1024 4295832 
1024 4887619 
1024 4545135 
1024 2218813 
1024 4966893 
1024 8852639 
1024 6127968 
1024 3513263 
1024 4971391 
1024 3712034 
1024 3819907 
1024 4945364 
1024 4027526 
1024 2911468 
1024 5898523 
1024 3204608 
1024 4063198 
1024 7699378 
1024 5380787 
1024 6433009 
1024 3644140 
1024 5710816 
1024 4624946 
1024 5483952 
1024 2807220 
1024 2598273 
1024 2286515 
1024 4400169 
1024 3833743 
1024 5239242 
1024 6179540 
1024 2871172 
1024 5109597 
1024 2181811 
1024 3250259 
1024 3063474 
1024 2502572 
1024 3252859 
1024 2501357 
1024 3557088 
1024 3311894 
1024 5069219 
1024 3605934 
1024 6181623 
1024 4289155 
1024 3166491 
1024 5234813 
1024 3744989 
