65536 2892959 
65536 5224054 
65536 5215855 
65536 3108337 
65536 3405297 
65536 2726989 
65536 2823132 
65536 2654091 
65536 5035751 
65536 6365984 
65536 5600534 
65536 5416113 
65536 4135418 
65536 3915781 
65536 6151444 
65536 3662679 
65536 4047788 
65536 4205486 
65536 6407949 
65536 2670611 
65536 6314174 
65536 8505698 
65536 7150868 
65536 7435109 
65536 4953750 
65536 2751438 
65536 2262990 
65536 4861163 
65536 7826252 
65536 6824319 
65536 3015818 
65536 7345618 
65536 4115666 
65536 8323982 
65536 4225151 
65536 2881266 
65536 5701249 
65536 3060048 
65536 5430011 
65536 1947369 
65536 2705311 
65536 3532493 
65536 4148567 
65536 6018242 
65536 3964838 
65536 4063006 
65536 4972226 
65536 4466777 
65536 1655251 
65536 9169099 
65536 6743376 
65536 3124887 
65536 2762325 
65536 3770124 
65536 2468280 
65536 4899147 
65536 3284490 
65536 4367044 
65536 2406368 
65536 5738479 
65536 4536509 
65536 7265736 
65536 5254140 
65536 6028438 
65536 4984195 
65536 4085012 
65536 2688535 
65536 3585334 
65536 2340626 
65536 5164384 
65536 2721237 
65536 4245249 
65536 2316603 
65536 2900862 
65536 3581852 
65536 2752373 
65536 3625092 
65536 4190984 
65536 2683974 
65536 2448424 
65536 5421101 
65536 5356024 
65536 4872064 
65536 7684479 
65536 3995138 
65536 3461994 
65536 2391060 
65536 2399330 
65536 3131081 
65536 6619433 
65536 7086949 
65536 3915376 
65536 4332039 
65536 5725770 
65536 4603455 
65536 3883044 
65536 6657132 
65536 6307210 
65536 4076734 
65536 4163327 
65536 3904130 
65536 4283270 
65536 5845576 
65536 6199726 
65536 3740100 
65536 3144687 
65536 5976596 
65536 6453756 
65536 2812511 
65536 2839349 
65536 5899096 
65536 2097091 
65536 2774612 
65536 4202726 
65536 5119528 
65536 3236132 
65536 5456329 
65536 4106529 
65536 3694570 
65536 3421652 
65536 4285821 
65536 5536254 
65536 3288673 
65536 4249875 
65536 2669049 
65536 4432617 
65536 2699450 
65536 5187732 
65536 3454023 
65536 3318367 
65536 3663035 
65536 6369522 
65536 4104364 
65536 4165505 
65536 3196726 
65536 3099440 
65536 6691377 
65536 5817865 
65536 6458791 
65536 3956353 
65536 3568840 
65536 2605626 
65536 9116230 
65536 5745774 
65536 3477852 
65536 2592313 
65536 4048169 
65536 5880845 
65536 4518289 
65536 1913970 
65536 5604045 
65536 4939605 
65536 5314031 
65536 5939067 
65536 4403082 
65536 5560263 
65536 3212342 
65536 2825013 
65536 2539954 
65536 2034619 
65536 4144200 
65536 4048754 
65536 3567051 
65536 6198236 
65536 3949648 
65536 2419167 
65536 6147644 
65536 4690653 
65536 4872102 
65536 5386054 
65536 3196665 
65536 5931238 
65536 2757466 
65536 5577299 
65536 5556638 
65536 8478362 
65536 4183583 
65536 3939022 
65536 4223027 
65536 3786828 
65536 3909627 
65536 4037176 
65536 3090419 
65536 6712975 
65536 3835258 
65536 2691362 
65536 5863685 
65536 4219814 
65536 5147988 
65536 4248545 
65536 3028748 
65536 4889053 
65536 5315282 
65536 2067533 
65536 5366541 
65536 4615949 
65536 3354413 
65536 7191456 
65536 5546570 
65536 2002159 
65536 3889474 
65536 4511914 
65536 4308074 
65536 3964253 
65536 5798622 
65536 4566108 
65536 3846299 
65536 3864536 
65536 3720196 
65536 6620162 
65536 3148615 
65536 3275471 
65536 6287653 
65536 3297492 
65536 2435162 
65536 7066795 
65536 1609436 
65536 3173292 
65536 6421953 
65536 3003026 
65536 4323027 
65536 7820183 
65536 3563439 
65536 2561703 
65536 3987032 
65536 4214084 
65536 3550038 
65536 5790378 
65536 5037234 
65536 3310944 
65536 4347222 
65536 4781424 
65536 4801236 
65536 4332600 
65536 4218567 
65536 3706657 
65536 2667770 
65536 2384609 
65536 3240355 
65536 2344197 
65536 3238163 
65536 4632220 
65536 4764615 
65536 2504557 
65536 3077156 
65536 6335481 
65536 4330169 
65536 4750892 
65536 2430573 
65536 3887264 
65536 1781465 
65536 3446545 
65536 5408753 
65536 4078994 
65536 2285924 
65536 3581621 
65536 3047293 
65536 4196972 
65536 2350793 
65536 2814575 
65536 4019013 
65536 2299158 
65536 7234825 
65536 5685829 
65536 2196628 
65536 4047036 
65536 2954953 
65536 3891817 
65536 2493519 
65536 4294347 
65536 4144893 
65536 2191532 
65536 6088669 
65536 3189336 
65536 1852114 
65536 2890173 
65536 4225676 
65536 6894259 
65536 4565760 
65536 4411241 
65536 4955464 
65536 3681262 
65536 6090056 
65536 5299394 
65536 4519904 
65536 4363085 
65536 4041238 
65536 2182627 
65536 4915604 
65536 8726572 
65536 3653931 
65536 2947874 
65536 2288356 
65536 3338328 
65536 5172930 
65536 3399409 
65536 4411502 
65536 3381792 
65536 3899929 
65536 3724904 
65536 5118055 
65536 3387034 
65536 2598824 
65536 4527505 
65536 5979076 
65536 4285836 
65536 3148941 
65536 2798047 
65536 6039963 
65536 3872259 
65536 6704402 
65536 6331920 
65536 3453269 
65536 1815580 
65536 3793365 
65536 6740708 
65536 6505482 
65536 3264011 
65536 5901505 
65536 5620572 
65536 3748848 
65536 8768696 
65536 5053428 
65536 4707293 
65536 4918271 
65536 3171445 
65536 2389316 
65536 4773948 
65536 2181027 
65536 1944375 
65536 4959782 
65536 3118445 
65536 2391764 
65536 4058438 
65536 8293838 
65536 5002784 
65536 4426652 
65536 2788758 
65536 4552522 
65536 4725775 
65536 4600523 
65536 7951388 
65536 4070427 
65536 2573007 
65536 4814078 
65536 4894894 
65536 3691810 
65536 6371649 
65536 1440082 
65536 4583276 
65536 2345664 
65536 6362072 
65536 4526493 
65536 3010489 
65536 7201848 
65536 4919546 
65536 2420543 
65536 4382528 
65536 4402521 
65536 2701899 
65536 4333573 
65536 2842613 
65536 6548198 
65536 4182575 
65536 2889114 
65536 2393546 
65536 6488712 
65536 5110225 
65536 4796953 
65536 2943760 
65536 4019469 
65536 2856148 
65536 2690957 
65536 6106101 
65536 4373202 
65536 3045785 
65536 2344187 
65536 3102880 
65536 3657788 
65536 3465306 
65536 3994991 
65536 3303536 
65536 6139599 
65536 4211501 
65536 4375088 
65536 3176321 
65536 4418723 
65536 3811161 
65536 4490513 
65536 1845593 
65536 4291669 
65536 4170824 
65536 2356530 
65536 5478771 
65536 2120453 
65536 2947993 
65536 2282454 
65536 6240013 
65536 6131231 
65536 3922756 
65536 5701974 
65536 4985187 
65536 7907089 
65536 3526307 
65536 3048183 
65536 3862114 
65536 6780417 
65536 3436914 
65536 2382677 
65536 6065978 
65536 2348793 
65536 2382202 
65536 4060442 
65536 5193790 
65536 5079189 
65536 3168959 
65536 3619035 
65536 3400979 
65536 3034858 
65536 2844934 
65536 6769521 
65536 9405391 
65536 3171887 
65536 5007959 
65536 3188042 
65536 2066645 
65536 7360118 
65536 3283677 
65536 6356039 
65536 5554172 
65536 2913864 
65536 2731450 
65536 3557443 
65536 3558980 
65536 4265159 
65536 4490550 
65536 4684584 
65536 4077326 
65536 3079292 
65536 5536296 
65536 4864124 
65536 5151179 
65536 6366123 
65536 3129282 
65536 3616844 
65536 4568610 
65536 4016894 
65536 5322710 
65536 5014415 
65536 3763482 
65536 2511487 
65536 2672166 
65536 4893434 
65536 3583506 
65536 3478938 
65536 2927322 
65536 6916755 
65536 2863581 
65536 4183418 
65536 2910040 
65536 3657672 
65536 2378065 
65536 4344662 
65536 4928840 
65536 6348852 
65536 2675436 
65536 5056979 
65536 4970077 
65536 2828238 
65536 3445047 
65536 3765207 
65536 2150165 
65536 4682267 
65536 3530028 
65536 5743934 
65536 5479521 
65536 3948048 
65536 3372918 
65536 3800636 
65536 3821837 
65536 2369231 
65536 2456611 
65536 3071399 
65536 2333477 
65536 3041516 
65536 5602724 
65536 6241717 
65536 4780240 
65536 4687670 
65536 2856440 
65536 1502980 
65536 1997831 
65536 3568169 
65536 5138556 
65536 3273351 
65536 5034558 
65536 4322332 
65536 3015312 
65536 4474782 
65536 5860460 
65536 5730639 
65536 3623164 
65536 2735409 
65536 2249835 
65536 3142709 
65536 4293999 
65536 4750089 
65536 2577345 
65536 4005544 
65536 3953073 
65536 4766689 
65536 3288110 
65536 3850339 
65536 5236959 
65536 3892069 
65536 5596289 
65536 4662226 
65536 5330039 
65536 4376406 
65536 3089195 
65536 4843955 
65536 4955688 
65536 8303486 
65536 5690804 
65536 2967725 
65536 3225076 
65536 4401109 
65536 3565141 
65536 2537891 
65536 4074376 
65536 3224978 
65536 2217958 
65536 3661710 
65536 2927997 
65536 1708750 
65536 4082537 
65536 3233923 
65536 9018718 
65536 5056054 
65536 6516858 
65536 3307576 
65536 4987408 
65536 2974536 
65536 6200322 
65536 1661831 
65536 5176423 
65536 3803218 
65536 2262488 
65536 5934801 
65536 4672822 
65536 4314970 
65536 3594556 
65536 3243452 
65536 4955727 
65536 6258467 
65536 4642935 
65536 8385149 
65536 2268020 
65536 6629426 
65536 4508883 
65536 2542304 
65536 5352352 
65536 3323539 
65536 3164479 
65536 4003829 
65536 8024018 
65536 4175531 
65536 4049411 
65536 4389652 
65536 3206781 
65536 3692846 
65536 2246130 
65536 5465783 
65536 3634663 
65536 3827903 
65536 2585601 
65536 4336376 
65536 4172799 
65536 10049082 
65536 5418228 
65536 3825321 
65536 6778270 
65536 3516119 
65536 1066168 
65536 3700584 
65536 4001333 
65536 6491887 
65536 3764936 
65536 6923317 
65536 5237720 
65536 4430335 
65536 3228811 
65536 2527502 
65536 3056673 
65536 2923781 
65536 11087121 
65536 2640103 
65536 3533695 
65536 3627339 
65536 4105955 
65536 2653212 
65536 3439587 
65536 4232119 
65536 8064213 
65536 6834023 
65536 5191175 
65536 6787788 
65536 3895714 
65536 3868734 
65536 4690946 
65536 3982755 
65536 2570455 
65536 2395041 
65536 4779646 
65536 4984272 
65536 3353771 
65536 2008429 
65536 5609337 
65536 2968965 
65536 4969682 
65536 4065641 
65536 4529957 
65536 4029445 
65536 4452569 
65536 3204642 
65536 9175425 
65536 4145659 
65536 5770713 
65536 2692663 
65536 4088944 
65536 5492183 
65536 2087416 
65536 6619264 
65536 6044905 
65536 3316471 
65536 6463872 
65536 5984091 
65536 2644183 
65536 3976508 
65536 2946845 
65536 2997297 
65536 5634644 
65536 3502431 
65536 2892586 
65536 3435759 
65536 4851429 
65536 4027656 
65536 3376161 
65536 3137206 
65536 2828947 
65536 1947307 
65536 5726972 
65536 5585022 
65536 5256449 
65536 4128442 
65536 4753714 
65536 7114950 
65536 4336805 
65536 2425093 
65536 4243823 
65536 3128073 
65536 6314990 
65536 2593693 
65536 2980310 
65536 4751760 
65536 3993254 
65536 6139273 
65536 2590564 
65536 5488679 
65536 5419748 
65536 5526475 
65536 2918722 
65536 5310464 
65536 4190898 
65536 6222162 
65536 4572842 
65536 6841884 
65536 2777850 
65536 2845185 
65536 3288581 
65536 5213678 
65536 1830138 
65536 3004873 
65536 6812996 
65536 5667168 
65536 2544910 
65536 2881433 
65536 4222722 
65536 3263978 
65536 5194717 
65536 3941674 
65536 3401254 
65536 3169082 
65536 2371889 
65536 7805953 
65536 4535875 
65536 3564813 
65536 2320699 
65536 2790621 
65536 4132265 
65536 3248786 
65536 2328875 
65536 3102915 
65536 6525124 
65536 4878443 
65536 3241911 
65536 6076401 
65536 7252156 
65536 3054283 
65536 4920222 
65536 3984515 
65536 2799157 
65536 1211622 
65536 4221179 
65536 4477134 
65536 3928484 
65536 5790772 
65536 3271192 
65536 2654709 
65536 7067574 
65536 4106805 
65536 6995584 
65536 3143166 
65536 2302873 
65536 3428022 
65536 4477414 
65536 1948852 
65536 4077875 
65536 3402476 
65536 2436326 
65536 5551227 
65536 4703056 
65536 3176509 
65536 4707577 
65536 4604800 
65536 4487711 
65536 3497372 
65536 4139107 
65536 4444165 
65536 5800317 
65536 4698265 
65536 3855245 
65536 3629902 
65536 5628787 
65536 4385612 
65536 4634731 
65536 3200270 
65536 2087110 
65536 1388086 
65536 5615758 
65536 3157958 
65536 2178105 
65536 6233907 
65536 6609731 
65536 3085592 
65536 5684326 
65536 3157339 
65536 6094845 
65536 3971606 
65536 2554410 
65536 2685780 
65536 5259182 
65536 4651461 
65536 2561483 
65536 3594155 
65536 3361485 
65536 5001175 
65536 4533277 
65536 5274539 
65536 3398891 
65536 4395187 
65536 2545763 
65536 3836870 
65536 2872170 
65536 6030289 
65536 4476001 
65536 2534159 
65536 1946105 
65536 4370362 
65536 8778921 
65536 7833281 
65536 5760342 
65536 6123963 
65536 6487146 
65536 3993633 
65536 3072305 
65536 3917479 
65536 4028905 
65536 3968396 
65536 5012709 
65536 3538324 
65536 5939601 
65536 4458428 
65536 2429023 
65536 2342184 
65536 2920284 
65536 6668995 
65536 5685054 
65536 2740575 
65536 4184592 
65536 3816876 
65536 2797044 
65536 2887094 
65536 4422402 
65536 3875598 
65536 3977354 
65536 4544389 
65536 2155591 
65536 3991925 
65536 9364963 
65536 4256805 
65536 2143683 
65536 5987818 
65536 4473609 
65536 6027871 
65536 3299901 
65536 2868272 
65536 6115851 
65536 3943729 
65536 4909352 
65536 5729564 
65536 6289578 
65536 5831879 
65536 3000346 
65536 3042569 
65536 5543775 
65536 6369670 
65536 3166068 
65536 2072787 
65536 4162139 
65536 3872334 
65536 4827027 
65536 3744933 
65536 3057241 
65536 5862865 
65536 3373289 
65536 5031671 
65536 3001575 
65536 3825612 
65536 2296833 
65536 4035753 
65536 2664720 
65536 2584499 
65536 6966577 
65536 3826317 
65536 3039381 
65536 8104161 
65536 3809920 
65536 6873251 
65536 3549156 
65536 4033150 
65536 3177839 
65536 3989591 
65536 4045706 
65536 2572951 
65536 2779611 
65536 1852147 
65536 4852659 
65536 4130379 
65536 3689821 
65536 2782525 
65536 3977808 
65536 4468227 
65536 1790888 
65536 1303939 
65536 3748940 
65536 5004789 
65536 7403174 
65536 5803250 
65536 4599887 
65536 4886496 
65536 3609504 
65536 4153782 
65536 5447631 
65536 5936406 
65536 5800027 
65536 5065513 
65536 3744339 
65536 4310050 
65536 3177412 
65536 9389404 
65536 5699033 
65536 5310388 
65536 2889403 
65536 3683220 
65536 5070803 
65536 5266688 
65536 3310888 
65536 4151704 
65536 6001248 
65536 3686819 
65536 3527291 
65536 5517289 
65536 4192873 
65536 5247766 
65536 2420246 
65536 5139104 
65536 4149964 
65536 5802139 
65536 5541671 
65536 4693513 
65536 4822504 
65536 1820626 
65536 2982872 
65536 3908335 
65536 4378595 
65536 4095709 
65536 2305509 
65536 6298780 
65536 4989332 
65536 1990647 
65536 6409269 
65536 6424891 
65536 4403872 
65536 4160101 
65536 5800102 
65536 2723890 
65536 6612758 
65536 3382006 
65536 3319395 
65536 4397351 
65536 4173772 
65536 2727266 
65536 8456390 
65536 2503496 
65536 3982002 
65536 6121023 
65536 3630940 
65536 4581037 
65536 4320353 
65536 3175178 
65536 3989767 
65536 3293874 
65536 4224613 
65536 3257593 
65536 3858679 
65536 4265569 
65536 4916158 
65536 3854282 
65536 2672571 
65536 2529200 
65536 3751997 
65536 3429487 
65536 2818418 
65536 2513753 
65536 2139330 
65536 5013403 
65536 4715487 
65536 3992891 
65536 4058713 
65536 5623160 
65536 4315430 
65536 4304668 
65536 4068939 
65536 4642193 
65536 2630071 
65536 4959670 
65536 8058800 
65536 5111883 
65536 3861339 
65536 5012151 
65536 3906719 
65536 3919998 
65536 4355295 
65536 4235818 
65536 2927407 
65536 6073012 
65536 2413397 
65536 4550209 
65536 6712440 
65536 5926744 
65536 6826442 
65536 3424136 
65536 6193873 
65536 3733843 
65536 5309613 
65536 2843843 
65536 2541600 
65536 2328806 
65536 4241139 
65536 3945079 
65536 4905431 
65536 5449680 
65536 2892153 
65536 4458563 
65536 2083576 
65536 3215707 
65536 2943246 
65536 2410847 
65536 3129744 
65536 2455899 
65536 4246532 
65536 3107815 
65536 4982819 
65536 3555029 
65536 6196999 
65536 4679863 
65536 3294467 
65536 5822646 
65536 3800961 
