65536 2965818 
65536 5437483 
65536 5475344 
65536 2843531 
65536 3365920 
65536 2893111 
65536 2883644 
65536 2515937 
65536 5400636 
65536 7124180 
65536 6070522 
65536 5007480 
65536 4315891 
65536 4619450 
65536 6863142 
65536 4547435 
65536 4743250 
65536 3712080 
65536 7361727 
65536 3662233 
65536 6040228 
65536 8885752 
65536 6991016 
65536 7199395 
65536 5942025 
65536 3610574 
65536 2288006 
65536 5982009 
65536 8848430 
65536 6227558 
65536 3154204 
65536 8463256 
65536 3903709 
65536 8725406 
65536 4785252 
65536 3053380 
65536 5636967 
65536 2962272 
65536 5404879 
65536 2528762 
65536 2733048 
65536 3522085 
65536 5035175 
65536 5692229 
65536 8465925 
65536 4969711 
65536 5034568 
65536 4232623 
65536 1267436 
65536 9590386 
65536 5525613 
65536 2599289 
65536 2976637 
65536 4665659 
65536 2376464 
65536 4572472 
65536 3568489 
65536 4930816 
65536 2607847 
65536 7175498 
65536 4353031 
65536 7142375 
65536 6355667 
65536 6625560 
65536 4926169 
65536 3930867 
65536 2766811 
65536 3977596 
65536 3305757 
65536 9767207 
65536 3975643 
65536 4285048 
65536 2382131 
65536 3281148 
65536 4554195 
65536 2721386 
65536 4543058 
65536 4870407 
65536 3179392 
65536 2155777 
65536 4971710 
65536 5180517 
65536 4260744 
65536 6961793 
65536 4745508 
65536 3240378 
65536 2327330 
65536 3391157 
65536 3219453 
65536 5693361 
65536 6681088 
65536 3934088 
65536 4563299 
65536 6357875 
65536 4772918 
65536 4609188 
65536 6066896 
65536 7085180 
65536 4554202 
65536 5144535 
65536 9036504 
65536 4605653 
65536 6067010 
65536 6721473 
65536 4614680 
65536 3301863 
65536 4961056 
65536 7435993 
65536 2722825 
65536 2887528 
65536 5015203 
65536 2561971 
65536 2690857 
65536 4125049 
65536 5071903 
65536 3026029 
65536 6351846 
65536 4306378 
65536 5216323 
65536 2713660 
65536 4521164 
65536 6546542 
65536 4367718 
65536 4215035 
65536 2961072 
65536 4363632 
65536 2767382 
65536 6069413 
65536 3598695 
65536 3203654 
65536 3799501 
65536 7116580 
65536 4776368 
65536 4036687 
65536 3304816 
65536 3181930 
65536 12722872 
65536 5705572 
65536 7507337 
65536 4064618 
65536 3665895 
65536 3382940 
65536 6805757 
65536 5491621 
65536 3302094 
65536 2423332 
65536 4128270 
65536 5532855 
65536 4464692 
65536 2385069 
65536 6019046 
65536 5063873 
65536 5659225 
65536 6521891 
65536 4443512 
65536 5589557 
65536 3204351 
65536 2886283 
65536 2700177 
65536 1993284 
65536 4741629 
65536 4612477 
65536 3892349 
65536 6161278 
65536 3921271 
65536 2425739 
65536 6335537 
65536 4417984 
65536 5928534 
65536 5125116 
65536 3328171 
65536 6267536 
65536 2826670 
65536 5781833 
65536 4681078 
65536 7286773 
65536 4839103 
65536 4905476 
65536 4453949 
65536 4338517 
65536 4164121 
65536 4512340 
65536 3301281 
65536 7848312 
65536 4097525 
65536 3233073 
65536 6430919 
65536 5246759 
65536 5383607 
65536 4195182 
65536 2697946 
65536 4743417 
65536 5356536 
65536 2873454 
65536 6276027 
65536 4724366 
65536 4015026 
65536 7586548 
65536 5860957 
65536 2312484 
65536 4228279 
65536 4994994 
65536 4605935 
65536 4859011 
65536 6483057 
65536 4947163 
65536 3423635 
65536 4086167 
65536 3390181 
65536 6855009 
65536 3190549 
65536 3431867 
65536 7335420 
65536 3392604 
65536 2736599 
65536 7182115 
65536 1523963 
65536 3214110 
65536 7192196 
65536 3193371 
65536 4472719 
65536 9072131 
65536 4463736 
65536 2576414 
65536 3852973 
65536 4279641 
65536 3464681 
65536 6696133 
65536 6018411 
65536 2997442 
65536 5335572 
65536 4646760 
65536 4774468 
65536 4522050 
65536 4446600 
65536 4643080 
65536 2759624 
65536 3278295 
65536 3211908 
65536 2382392 
65536 3404283 
65536 4816685 
65536 4618565 
65536 2747661 
65536 3677483 
65536 6707595 
65536 4509576 
65536 4941195 
65536 2715185 
65536 4127485 
65536 1807590 
65536 3305135 
65536 6152641 
65536 4190435 
65536 3099631 
65536 3666496 
65536 3629301 
65536 5103270 
65536 2528396 
65536 3245293 
65536 4617948 
65536 2575452 
65536 8151088 
65536 6321534 
65536 2600730 
65536 4783929 
65536 3284947 
65536 3816349 
65536 2718942 
65536 4705089 
65536 4804650 
65536 2307183 
65536 6177212 
65536 3376253 
65536 2150164 
65536 2912370 
65536 4370977 
65536 7538316 
65536 4670053 
65536 4843871 
65536 5360041 
65536 4333299 
65536 6187393 
65536 5728638 
65536 4928242 
65536 4434508 
65536 4029356 
65536 3213878 
65536 6211872 
65536 9391221 
65536 3904397 
65536 3533039 
65536 2560492 
65536 3443367 
65536 4994344 
65536 3457363 
65536 4369179 
65536 3993976 
65536 3734092 
65536 4012035 
65536 5097842 
65536 3291698 
65536 2620771 
65536 4407865 
65536 6111977 
65536 4309875 
65536 3277856 
65536 3409686 
65536 6982696 
65536 4645201 
65536 6841142 
65536 6571078 
65536 4343707 
65536 1877588 
65536 4798650 
65536 7099558 
65536 6509008 
65536 3358803 
65536 5935767 
65536 6497484 
65536 4408573 
65536 8180194 
65536 5543570 
65536 4656104 
65536 4375698 
65536 3110070 
65536 2508678 
65536 4824103 
65536 3142743 
65536 1941159 
65536 6096739 
65536 2993517 
65536 2444261 
65536 4847622 
65536 8971849 
65536 6157213 
65536 4324405 
65536 2837505 
65536 8700375 
65536 5251416 
65536 5198654 
65536 7664237 
65536 4048051 
65536 2481243 
65536 4562418 
65536 5100215 
65536 4014695 
65536 6820515 
65536 1821207 
65536 5133488 
65536 2431136 
65536 6238733 
65536 4471583 
65536 2797783 
65536 6526915 
65536 5797311 
65536 3274578 
65536 4328517 
65536 4433538 
65536 3345208 
65536 4688307 
65536 3137392 
65536 6908379 
65536 4222664 
65536 2703092 
65536 2490790 
65536 6955454 
65536 5116788 
65536 4985849 
65536 2709262 
65536 4047205 
65536 3342570 
65536 3025057 
65536 6931936 
65536 4556028 
65536 2994449 
65536 1977364 
65536 3086408 
65536 3572003 
65536 3536956 
65536 4343456 
65536 3012215 
65536 7180349 
65536 4080549 
65536 4499833 
65536 2761799 
65536 4715354 
65536 4222928 
65536 4377785 
65536 2088017 
65536 4446609 
65536 4500995 
65536 2532020 
65536 5070140 
65536 2083035 
65536 3154712 
65536 2250470 
65536 5887662 
65536 6424631 
65536 3728812 
65536 6220180 
65536 5772685 
65536 8377344 
65536 4651428 
65536 2846120 
65536 3981119 
65536 7519579 
65536 3687635 
65536 2549113 
65536 6171550 
65536 2320437 
65536 2255687 
65536 4543497 
65536 5793864 
65536 5150715 
65536 3265571 
65536 3638421 
65536 3386169 
65536 3195515 
65536 2715623 
65536 6931440 
65536 9293286 
65536 3206133 
65536 5558907 
65536 3275187 
65536 2030858 
65536 7112230 
65536 4112512 
65536 6337837 
65536 6208512 
65536 3114931 
65536 2759431 
65536 4279032 
65536 4350365 
65536 5261405 
65536 5540709 
65536 5155296 
65536 4152976 
65536 3388949 
65536 5966632 
65536 5724762 
65536 5367799 
65536 6511790 
65536 3116341 
65536 4385795 
65536 4860252 
65536 4568088 
65536 5084512 
65536 5492009 
65536 4034253 
65536 2679221 
65536 2676609 
65536 5230398 
65536 4424247 
65536 3907426 
65536 3001764 
65536 8081971 
65536 2663217 
65536 4422642 
65536 2771084 
65536 3681181 
65536 2587161 
65536 4347882 
65536 4843792 
65536 6387682 
65536 2836895 
65536 5482378 
65536 4953559 
65536 2672870 
65536 3700292 
65536 4147179 
65536 2561710 
65536 4687458 
65536 4407117 
65536 5665975 
65536 5633832 
65536 3484254 
65536 3332691 
65536 3812396 
65536 3982181 
65536 2570013 
65536 2493231 
65536 3138788 
65536 2379336 
65536 3231518 
65536 5664952 
65536 6182974 
65536 5533316 
65536 5688375 
65536 3006489 
65536 1864217 
65536 2296539 
65536 3634600 
65536 5196853 
65536 3213801 
65536 6197387 
65536 4225576 
65536 3443691 
65536 4542702 
65536 6188031 
65536 5723440 
65536 4425545 
65536 2756492 
65536 2217705 
65536 3872492 
65536 4593351 
65536 5302524 
65536 3320121 
65536 4087036 
65536 4534529 
65536 4823266 
65536 3296262 
65536 4568413 
65536 5729460 
65536 4779856 
65536 6368307 
65536 4499573 
65536 5370957 
65536 4259779 
65536 3341093 
65536 4616345 
65536 4866254 
65536 8726065 
65536 5897453 
65536 2818442 
65536 3247849 
65536 4475166 
65536 3637072 
65536 2579468 
65536 4106167 
65536 4156728 
65536 2175573 
65536 3471181 
65536 3352643 
65536 1800849 
65536 4231075 
65536 3366574 
65536 9623901 
65536 4495137 
65536 6721875 
65536 3613826 
65536 4849992 
65536 3010471 
65536 7169261 
65536 1878292 
65536 5155544 
65536 3880700 
65536 2354883 
65536 6846213 
65536 4532387 
65536 4380158 
65536 3508258 
65536 4083064 
65536 4535043 
65536 7304778 
65536 4203351 
65536 8362027 
65536 2471351 
65536 6582026 
65536 4020129 
65536 2504797 
65536 5350301 
65536 3383790 
65536 3225863 
65536 5104267 
65536 7623801 
65536 4168246 
65536 4022854 
65536 4310197 
65536 3496798 
65536 4471466 
65536 2411180 
65536 5701931 
65536 3468684 
65536 4760386 
65536 2926021 
65536 4032519 
65536 4670739 
65536 10890230 
65536 6414970 
65536 3365324 
65536 6994837 
65536 4487495 
65536 1105617 
65536 3803686 
65536 3660577 
65536 6099553 
65536 3818870 
65536 6998462 
65536 5133315 
65536 4910326 
65536 3719532 
65536 2640797 
65536 2944542 
65536 2744666 
65536 11622775 
65536 2563129 
65536 3592744 
65536 3703097 
65536 3938269 
65536 2660538 
65536 3006459 
65536 4949173 
65536 8336097 
65536 6972256 
65536 5622023 
65536 6912077 
65536 4774689 
65536 4264824 
65536 4987883 
65536 3999594 
65536 2832992 
65536 2547302 
65536 4792529 
65536 5072893 
65536 3414138 
65536 1991351 
65536 5289924 
65536 2737901 
65536 5859342 
65536 3702755 
65536 5483656 
65536 3859813 
65536 4391661 
65536 3382003 
65536 10227450 
65536 4189695 
65536 5947887 
65536 2772476 
65536 3679016 
65536 6412056 
65536 2264228 
65536 8030400 
65536 5970370 
65536 3544647 
65536 7267345 
65536 6202601 
65536 3482246 
65536 4104106 
65536 3213993 
65536 3229622 
65536 6121363 
65536 3970129 
65536 2867211 
65536 3582869 
65536 4652510 
65536 4997980 
65536 3225553 
65536 3562774 
65536 3008140 
65536 2083408 
65536 5789314 
65536 6364757 
65536 5463009 
65536 4044282 
65536 4443069 
65536 8324442 
65536 4424196 
65536 2410887 
65536 4231040 
65536 2937582 
65536 6762389 
65536 3196513 
65536 3004779 
65536 4718420 
65536 4163749 
65536 6612875 
65536 2677734 
65536 5089913 
65536 5258047 
65536 5022342 
65536 3007980 
65536 5393238 
65536 4097320 
65536 6271478 
65536 4488655 
65536 7536238 
65536 2978276 
65536 2825640 
65536 3403431 
65536 5323488 
65536 1863468 
65536 2912238 
65536 6558202 
65536 5310680 
65536 2852619 
65536 2657802 
65536 4668373 
65536 3777794 
65536 5190354 
65536 3404255 
65536 3164865 
65536 3577106 
65536 2414942 
65536 8550794 
65536 4532556 
65536 3831281 
65536 2321450 
65536 2399601 
65536 3926175 
65536 3479679 
65536 2293668 
65536 3091354 
65536 7098996 
65536 5005390 
65536 3322004 
65536 6953074 
65536 7512716 
65536 2851740 
65536 5227541 
65536 4441844 
65536 3070440 
65536 1253851 
65536 4960559 
65536 4820382 
65536 4488764 
65536 5873373 
65536 3294431 
65536 2776717 
65536 6675831 
65536 4224393 
65536 7506635 
65536 3189084 
65536 3058462 
65536 3401355 
65536 4223871 
65536 1933339 
65536 3847453 
65536 3175681 
65536 3314911 
65536 5839377 
65536 4655200 
65536 3152212 
65536 4827080 
65536 4466318 
65536 4623444 
65536 3782094 
65536 4904362 
65536 4372611 
65536 6170970 
65536 4575778 
65536 3572861 
65536 3715804 
65536 5299503 
65536 4436303 
65536 4376440 
65536 3426167 
65536 3039409 
65536 1287792 
65536 6561218 
65536 3358475 
65536 3039521 
65536 6649971 
65536 6595849 
65536 3248156 
65536 6288907 
65536 3305545 
65536 6291197 
65536 3581160 
65536 2489553 
65536 2941206 
65536 6181909 
65536 4859097 
65536 2549198 
65536 3644041 
65536 3823785 
65536 5969070 
65536 4598869 
65536 5581413 
65536 3285067 
65536 5103568 
65536 2699116 
65536 4576679 
65536 2955891 
65536 5964799 
65536 4739979 
65536 2741418 
65536 1934206 
65536 4219061 
65536 9037679 
65536 8068265 
65536 6628600 
65536 6156521 
65536 6514856 
65536 4049275 
65536 3795430 
65536 3273957 
65536 4590412 
65536 4272880 
65536 5350842 
65536 3319819 
65536 6024358 
65536 4502071 
65536 2236278 
65536 2394769 
65536 3844039 
65536 6662770 
65536 6476765 
65536 2841930 
65536 3922871 
65536 4030219 
65536 2822459 
65536 3192754 
65536 4499092 
65536 4169776 
65536 3873396 
65536 5092826 
65536 2233744 
65536 3902986 
65536 9264407 
65536 4150694 
65536 2946961 
65536 6082496 
65536 4958276 
65536 7422047 
65536 3782250 
65536 2960333 
65536 6095750 
65536 4170593 
65536 4962786 
65536 5461766 
65536 6278095 
65536 5986702 
65536 3060305 
65536 3144903 
65536 5347079 
65536 7114030 
65536 3292239 
65536 2810017 
65536 4003600 
65536 4805256 
65536 5836683 
65536 3946282 
65536 2980083 
65536 5928953 
65536 3564432 
65536 5525314 
65536 3150656 
65536 3956370 
65536 3084076 
65536 3965149 
65536 2597846 
65536 2508324 
65536 6770742 
65536 3657253 
65536 3722562 
65536 8325221 
65536 4309385 
65536 7660667 
65536 3588877 
65536 3971055 
65536 3123256 
65536 4250988 
65536 4141615 
65536 3383439 
65536 3160230 
65536 2045864 
65536 4736354 
65536 4906814 
65536 4401410 
65536 2900089 
65536 4196016 
65536 4323059 
65536 1694134 
65536 1330271 
65536 4147859 
65536 5360690 
65536 7520370 
65536 5700267 
65536 5156786 
65536 4886016 
65536 3479015 
65536 4560089 
65536 6200419 
65536 5913402 
65536 5890850 
65536 4821143 
65536 3591723 
65536 4554712 
65536 3183943 
65536 9524994 
65536 5419358 
65536 5555038 
65536 2574826 
65536 3638571 
65536 4485039 
65536 6336016 
65536 3344888 
65536 4340454 
65536 6439879 
65536 3660135 
65536 3283609 
65536 5745782 
65536 3864589 
65536 5218163 
65536 2291484 
65536 4798999 
65536 4119536 
65536 6717058 
65536 5953117 
65536 5750434 
65536 4915870 
65536 1867440 
65536 2977175 
65536 3736584 
65536 4118883 
65536 4030236 
65536 3061077 
65536 6522941 
65536 5245375 
65536 2132142 
65536 6444526 
65536 6081892 
65536 4555713 
65536 4183973 
65536 5337014 
65536 2611142 
65536 7298438 
65536 3644911 
65536 3339534 
65536 4543982 
65536 4209115 
65536 2707387 
65536 8056453 
65536 2429581 
65536 4102490 
65536 5755980 
65536 3454603 
65536 4792288 
65536 4490154 
65536 3280573 
65536 4140381 
65536 3475239 
65536 4275958 
65536 3255255 
65536 3945534 
65536 4310214 
65536 5258622 
65536 3720220 
65536 2496634 
65536 2755338 
65536 4162781 
65536 3970528 
65536 3016289 
65536 2618567 
65536 2227691 
65536 5772838 
65536 4668029 
65536 3809860 
65536 4181105 
65536 5845271 
65536 4444280 
65536 4390965 
65536 3866969 
65536 4661863 
65536 3053248 
65536 6204648 
65536 8757980 
65536 6557075 
65536 4398526 
65536 5104446 
65536 3687407 
65536 4486118 
65536 5060301 
65536 4018220 
65536 2873602 
65536 6172247 
65536 2539200 
65536 4259163 
65536 6464886 
65536 5328493 
65536 7070611 
65536 3506175 
65536 6582153 
65536 4663291 
65536 5298018 
65536 2946801 
65536 2600044 
65536 2361590 
65536 4395627 
65536 4722848 
65536 4888418 
65536 6204031 
65536 3194014 
65536 4091680 
65536 2330597 
65536 3061952 
65536 2721934 
65536 2414776 
65536 3496675 
65536 2519629 
65536 3946950 
65536 3310745 
65536 5071606 
65536 4438899 
65536 7047081 
65536 5712455 
65536 3141406 
65536 5362203 
65536 3692711 
