16384 2477949 
16384 4860236 
16384 4255998 
16384 2717443 
16384 2773537 
16384 2499764 
16384 2647800 
16384 2254007 
16384 4596619 
16384 5721928 
16384 4955711 
16384 4392254 
16384 3653826 
16384 3322826 
16384 5201228 
16384 3599458 
16384 3230550 
16384 3411883 
16384 5153321 
16384 2540498 
16384 5741836 
16384 7689739 
16384 6636711 
16384 7573402 
16384 4360572 
16384 2282201 
16384 1841256 
16384 4727520 
16384 7082725 
16384 5826765 
16384 2927914 
16384 7099442 
16384 3554827 
16384 6768190 
16384 3755581 
16384 2694529 
16384 5368712 
16384 2758503 
16384 5104646 
16384 1884297 
16384 2377313 
16384 3164902 
16384 4521694 
16384 5488282 
16384 3792746 
16384 4188624 
16384 5806911 
16384 3759356 
16384 1130681 
16384 8525693 
16384 5714867 
16384 2381530 
16384 1943653 
16384 3237666 
16384 2217308 
16384 4105499 
16384 3273563 
16384 3704430 
16384 2344246 
16384 5886950 
16384 4036963 
16384 6851282 
16384 6127936 
16384 5760868 
16384 4587478 
16384 3456811 
16384 2461736 
16384 3306008 
16384 2171219 
16384 4688922 
16384 2545019 
16384 3914289 
16384 2016489 
16384 2519295 
16384 3456260 
16384 2390616 
16384 4194985 
16384 3753313 
16384 2217358 
16384 1850418 
16384 5255855 
16384 4043556 
16384 3923830 
16384 6443010 
16384 3557903 
16384 3127617 
16384 2226372 
16384 2575946 
16384 2864041 
16384 5356185 
16384 6418567 
16384 3603372 
16384 4008345 
16384 5078940 
16384 4230475 
16384 3574927 
16384 5584734 
16384 6034837 
16384 3727757 
16384 3969136 
16384 3305859 
16384 4012112 
16384 4464371 
16384 5616739 
16384 3434510 
16384 2800497 
16384 4787677 
16384 5571871 
16384 2524344 
16384 2605917 
16384 4644443 
16384 1783243 
16384 2492365 
16384 3717825 
16384 4728181 
16384 2836319 
16384 5670640 
16384 3747231 
16384 3481434 
16384 2563193 
16384 4152296 
16384 7674095 
16384 3067948 
16384 3946484 
16384 2551790 
16384 4188362 
16384 3150123 
16384 4737804 
16384 3251866 
16384 2911956 
16384 3047325 
16384 5237780 
16384 3693944 
16384 3487594 
16384 2946618 
16384 2733462 
16384 5930747 
16384 4903636 
16384 6637184 
16384 3773761 
16384 3276458 
16384 2238008 
16384 6203789 
16384 5112645 
16384 3248916 
16384 2390249 
16384 3767357 
16384 5200411 
16384 4238485 
16384 1748049 
16384 5109042 
16384 4682159 
16384 5077646 
16384 5865193 
16384 4169485 
16384 5079524 
16384 2911871 
16384 2431786 
16384 2352820 
16384 1835928 
16384 3336743 
16384 3509776 
16384 3089208 
16384 5660875 
16384 3501878 
16384 1881727 
16384 5635142 
16384 4122180 
16384 4393638 
16384 5110637 
16384 2836088 
16384 5627084 
16384 2597249 
16384 4754780 
16384 4223296 
16384 7065729 
16384 3455593 
16384 3875406 
16384 4024656 
16384 3339045 
16384 3574553 
16384 3930786 
16384 3024334 
16384 6553731 
16384 3496536 
16384 2373037 
16384 4623534 
16384 3807485 
16384 5052904 
16384 4079160 
16384 2408120 
16384 4269153 
16384 5053016 
16384 1970380 
16384 4918907 
16384 4751605 
16384 3181779 
16384 6835864 
16384 4693109 
16384 1872283 
16384 3543443 
16384 4209278 
16384 4134732 
16384 3711268 
16384 5205897 
16384 4288752 
16384 3109209 
16384 3712104 
16384 3181455 
16384 6445794 
16384 2837200 
16384 3086780 
16384 5753508 
16384 3083157 
16384 2315415 
16384 6855287 
16384 1409577 
16384 2992837 
16384 6068637 
16384 2818041 
16384 4001701 
16384 7614612 
16384 3292699 
16384 2440430 
16384 3487729 
16384 3952813 
16384 3345865 
16384 5395677 
16384 5051897 
16384 2698993 
16384 4035294 
16384 4449920 
16384 4697091 
16384 3971327 
16384 3275730 
16384 3816909 
16384 2506521 
16384 2255565 
16384 3011497 
16384 2255388 
16384 3027841 
16384 4252051 
16384 4397877 
16384 2563475 
16384 2937375 
16384 5960859 
16384 4176335 
16384 4591219 
16384 2357900 
16384 3571426 
16384 1688536 
16384 3477806 
16384 4555629 
16384 3802527 
16384 2091400 
16384 3200029 
16384 2674617 
16384 3845675 
16384 2247825 
16384 2582360 
16384 3145402 
16384 2106966 
16384 5824036 
16384 4958792 
16384 1897317 
16384 3397893 
16384 2709411 
16384 3578988 
16384 2170473 
16384 3843942 
16384 3459079 
16384 2037574 
16384 5278543 
16384 2844737 
16384 1665811 
16384 2770917 
16384 3746490 
16384 6318146 
16384 4200888 
16384 3999429 
16384 4245876 
16384 3495452 
16384 5352084 
16384 4384668 
16384 3932473 
16384 3928023 
16384 3559430 
16384 1827156 
16384 5166835 
16384 8000000 
16384 3520437 
16384 2573476 
16384 2187384 
16384 2908909 
16384 4396683 
16384 2962435 
16384 3674594 
16384 2993791 
16384 3315959 
16384 3539261 
16384 4336020 
16384 2901341 
16384 2329398 
16384 3776113 
16384 5578623 
16384 3635940 
16384 2932014 
16384 2401391 
16384 5745637 
16384 3363897 
16384 6217362 
16384 5441242 
16384 3211979 
16384 1585174 
16384 3503299 
16384 5942879 
16384 5824454 
16384 2767742 
16384 5279532 
16384 5061174 
16384 3436429 
16384 6926941 
16384 4630268 
16384 4268895 
16384 3847514 
16384 2808350 
16384 2115812 
16384 4375572 
16384 1882398 
16384 1716255 
16384 4618504 
16384 2761391 
16384 2026845 
16384 3686193 
16384 6814209 
16384 4699074 
16384 3578685 
16384 2491838 
16384 3945556 
16384 4315819 
16384 4047809 
16384 6963130 
16384 3527600 
16384 2373166 
16384 3773516 
16384 4511332 
16384 3186765 
16384 5420574 
16384 1326702 
16384 4063213 
16384 1983884 
16384 5545354 
16384 3878896 
16384 2569942 
16384 5779371 
16384 4285508 
16384 2060971 
16384 3537132 
16384 3296588 
16384 2430515 
16384 4041358 
16384 2516718 
16384 5694691 
16384 3538225 
16384 2445888 
16384 2038785 
16384 5885157 
16384 4526677 
16384 4297581 
16384 2300132 
16384 3702471 
16384 2484809 
16384 2481518 
16384 5544105 
16384 3927882 
16384 2615746 
16384 1761569 
16384 2645309 
16384 3341591 
16384 2938364 
16384 3634699 
16384 2632412 
16384 5627451 
16384 3904875 
16384 4079791 
16384 2411344 
16384 4245963 
16384 3069701 
16384 4178294 
16384 1506763 
16384 4000488 
16384 3691287 
16384 2047286 
16384 4308842 
16384 1922026 
16384 2486447 
16384 2075916 
16384 5619597 
16384 5563967 
16384 3161472 
16384 5184744 
16384 4190036 
16384 6892186 
16384 3629551 
16384 2790538 
16384 3701008 
16384 6470491 
16384 2982197 
16384 2281283 
16384 5554684 
16384 2092983 
16384 2264066 
16384 3645013 
16384 4645089 
16384 4478664 
16384 2880697 
16384 3100573 
16384 3111382 
16384 2734997 
16384 2516133 
16384 6221244 
16384 8147932 
16384 2927929 
16384 4226883 
16384 2915520 
16384 1814408 
16384 6460459 
16384 2727034 
16384 5749050 
16384 4851432 
16384 2733491 
16384 2400554 
16384 3194323 
16384 2875152 
16384 3927420 
16384 4160602 
16384 4103295 
16384 3450202 
16384 2750101 
16384 4302692 
16384 4546026 
16384 4659359 
16384 5744800 
16384 2591865 
16384 3255723 
16384 4160099 
16384 3470599 
16384 4415187 
16384 4626890 
16384 3286666 
16384 2277001 
16384 2280481 
16384 4541685 
16384 3061487 
16384 3091265 
16384 2401348 
16384 6548130 
16384 2364301 
16384 4019191 
16384 2457838 
16384 3041002 
16384 2062048 
16384 4007574 
16384 4378980 
16384 6128632 
16384 2283003 
16384 4636326 
16384 4333651 
16384 2547656 
16384 2973792 
16384 3431863 
16384 1939572 
16384 4079252 
16384 3052255 
16384 5113636 
16384 4647843 
16384 3381871 
16384 2822145 
16384 3470618 
16384 3410976 
16384 2060593 
16384 2178189 
16384 2687945 
16384 2105213 
16384 2605417 
16384 5143103 
16384 5945981 
16384 4147259 
16384 4428636 
16384 2454242 
16384 1353800 
16384 1664443 
16384 3006704 
16384 4570226 
16384 3024492 
16384 4499184 
16384 3894458 
16384 2691741 
16384 3956535 
16384 4850197 
16384 5286214 
16384 3160672 
16384 2477810 
16384 2178167 
16384 2689046 
16384 3574911 
16384 4100590 
16384 2261613 
16384 3757059 
16384 3664180 
16384 4389727 
16384 2953209 
16384 3316108 
16384 4796730 
16384 3323570 
16384 5204251 
16384 3964291 
16384 4667718 
16384 3699807 
16384 2939502 
16384 4240209 
16384 4435924 
16384 7333313 
16384 5308505 
16384 2628386 
16384 3141089 
16384 3598099 
16384 3276513 
16384 2060565 
16384 3862362 
16384 2769985 
16384 1965306 
16384 2991446 
16384 2665229 
16384 1488796 
16384 3769076 
16384 2808310 
16384 7880945 
16384 4012024 
16384 5858284 
16384 2946805 
16384 4506562 
16384 2671351 
16384 5703555 
16384 1470253 
16384 4679087 
16384 3304093 
16384 2075854 
16384 5206641 
16384 3973649 
16384 3670979 
16384 3245570 
16384 2700313 
16384 4215439 
16384 5429205 
16384 3935579 
16384 7530817 
16384 2136487 
16384 5848173 
16384 3585537 
16384 2245530 
16384 4859168 
16384 2882053 
16384 3012143 
16384 3764596 
16384 6481025 
16384 3760119 
16384 3691175 
16384 3548699 
16384 3113856 
16384 3271260 
16384 2085788 
16384 4965680 
16384 2942842 
16384 3377524 
16384 2238897 
16384 4043389 
16384 3275757 
16384 9711066 
16384 4970398 
16384 3058054 
16384 5900397 
16384 3136299 
16384 897354 
16384 3336819 
16384 3286758 
16384 5778151 
16384 3187212 
16384 6338010 
16384 4640536 
16384 5084921 
16384 2942943 
16384 2414054 
16384 2534943 
16384 2606249 
16384 9236820 
16384 2414359 
16384 3099540 
16384 3190368 
16384 3637350 
16384 2418987 
16384 2540955 
16384 3855046 
16384 7073875 
16384 6611973 
16384 4616976 
16384 6258742 
16384 3238373 
16384 3552928 
16384 4066002 
16384 3781299 
16384 2415048 
16384 2224373 
16384 4105462 
16384 4901177 
16384 2851184 
16384 1793759 
16384 4436385 
16384 2707177 
16384 4335714 
16384 3412762 
16384 4032302 
16384 3543347 
16384 3873035 
16384 3088387 
16384 8615817 
16384 3955514 
16384 5058706 
16384 2442609 
16384 3230428 
16384 4781243 
16384 1823970 
16384 5961562 
16384 5925340 
16384 2849455 
16384 6233777 
16384 5524352 
16384 2408757 
16384 3635873 
16384 2776684 
16384 2658162 
16384 5233861 
16384 2929390 
16384 2628391 
16384 3129017 
16384 5006001 
16384 3679779 
16384 3010874 
16384 2859381 
16384 2664643 
16384 1721055 
16384 5563825 
16384 5047349 
16384 4458544 
16384 3787930 
16384 4002241 
16384 6794277 
16384 3836082 
16384 2160321 
16384 3881057 
16384 2787288 
16384 5190924 
16384 2368984 
16384 2708777 
16384 4291421 
16384 3600063 
16384 5666992 
16384 2270844 
16384 4514515 
16384 4759559 
16384 4737872 
16384 2447558 
16384 4852292 
16384 3538136 
16384 5815994 
16384 4026780 
16384 6017583 
16384 2525554 
16384 2599390 
16384 2924312 
16384 4919785 
16384 1608900 
16384 2788172 
16384 5488847 
16384 4729000 
16384 2191038 
16384 2432962 
16384 3708047 
16384 2939098 
16384 4389507 
16384 3021485 
16384 2499588 
16384 2992853 
16384 2390192 
16384 6963565 
16384 3938146 
16384 3313784 
16384 2187552 
16384 2251486 
16384 3539456 
16384 2963578 
16384 2354822 
16384 2586172 
16384 6189599 
16384 4492828 
16384 2988614 
16384 5300232 
16384 6750840 
16384 2626786 
16384 4526654 
16384 2805953 
16384 2619562 
16384 1288570 
16384 3770464 
16384 3413292 
16384 3356652 
16384 4698332 
16384 3077238 
16384 2428786 
16384 6394518 
16384 3515677 
16384 6309485 
16384 2683127 
16384 2309342 
16384 2955106 
16384 4076543 
16384 1773020 
16384 3322305 
16384 3011971 
16384 2225296 
16384 5025808 
16384 4328707 
16384 2762118 
16384 4340404 
16384 3991877 
16384 4139208 
16384 3123797 
16384 3598104 
16384 3806285 
16384 5295632 
16384 4185719 
16384 3352154 
16384 3145246 
16384 4803937 
16384 3779054 
16384 4168245 
16384 2752612 
16384 1903210 
16384 1221516 
16384 5394242 
16384 2797324 
16384 2196352 
16384 5617775 
16384 5773936 
16384 2662793 
16384 5605733 
16384 2773161 
16384 5811905 
16384 3127024 
16384 2256187 
16384 2187636 
16384 4762977 
16384 4060280 
16384 2291118 
16384 3099100 
16384 3025161 
16384 4366509 
16384 4302933 
16384 5016567 
16384 3189589 
16384 3774035 
16384 2326966 
16384 3372372 
16384 2600852 
16384 5070981 
16384 4152092 
16384 2302531 
16384 1756640 
16384 3450522 
16384 7762189 
16384 6964417 
16384 5456610 
16384 5625760 
16384 6160534 
16384 3774397 
16384 2823461 
16384 2941663 
16384 3408483 
16384 3740065 
16384 4649979 
16384 2943884 
16384 5196570 
16384 3821880 
16384 1999802 
16384 1984227 
16384 2658124 
16384 5769785 
16384 5246353 
16384 2500093 
16384 3711440 
16384 3459803 
16384 2522374 
16384 2663540 
16384 3938229 
16384 3556886 
16384 3144931 
16384 4218006 
16384 1946708 
16384 3683644 
16384 7871233 
16384 4002911 
16384 1911445 
16384 5676905 
16384 3623717 
16384 5545630 
16384 2914950 
16384 2664368 
16384 5587686 
16384 3799411 
16384 4138681 
16384 5200093 
16384 5624218 
16384 5785933 
16384 2780363 
16384 2838959 
16384 4684219 
16384 5680083 
16384 2795576 
16384 1967287 
16384 3357203 
16384 3797081 
16384 4082688 
16384 3232050 
16384 2725608 
16384 5010410 
16384 2999422 
16384 4740769 
16384 2800725 
16384 3655168 
16384 2124012 
16384 3479073 
16384 2430525 
16384 2226370 
16384 6150671 
16384 3228729 
16384 2731874 
16384 6899722 
16384 3401736 
16384 5905451 
16384 3212982 
16384 3654592 
16384 2794453 
16384 3367971 
16384 3648775 
16384 2323932 
16384 2593985 
16384 1732351 
16384 4146690 
16384 3632577 
16384 3590925 
16384 2530241 
16384 3790870 
16384 3835614 
16384 1597405 
16384 1186064 
16384 3464685 
16384 4311648 
16384 6916991 
16384 5361108 
16384 4190673 
16384 4073096 
16384 3281794 
16384 3574284 
16384 4956916 
16384 5088699 
16384 5216297 
16384 4136721 
16384 3165754 
16384 4149718 
16384 2935164 
16384 8293874 
16384 5693035 
16384 4785199 
16384 2366960 
16384 3254335 
16384 4352176 
16384 4692569 
16384 3116170 
16384 3635796 
16384 5748885 
16384 3475357 
16384 2971741 
16384 4761252 
16384 3613306 
16384 4629881 
16384 2059339 
16384 4012789 
16384 3996153 
16384 4952501 
16384 4742271 
16384 4081333 
16384 4293669 
16384 1540650 
16384 2576682 
16384 3265631 
16384 3632536 
16384 3971203 
16384 1983441 
16384 5781182 
16384 4182445 
16384 1796066 
16384 5491774 
16384 5760502 
16384 4011096 
16384 3837667 
16384 4791592 
16384 2639825 
16384 6167923 
16384 3295114 
16384 3052555 
16384 4404396 
16384 4137678 
16384 2599469 
16384 8381792 
16384 2376910 
16384 3599592 
16384 5239280 
16384 3581031 
16384 4514509 
16384 3894290 
16384 2938454 
16384 3601333 
16384 3113169 
16384 3933862 
16384 3081913 
16384 3572843 
16384 4177205 
16384 4308216 
16384 3504335 
16384 2067954 
16384 2480562 
16384 3273940 
16384 3145485 
16384 2557193 
16384 2334677 
16384 2061454 
16384 4734881 
16384 4141084 
16384 3658449 
16384 3757227 
16384 5387079 
16384 3713942 
16384 4014792 
16384 3720799 
16384 4044727 
16384 2002522 
16384 4714399 
16384 7093980 
16384 5198449 
16384 3349928 
16384 4387591 
16384 3365376 
16384 3578061 
16384 3803137 
16384 3820254 
16384 2775483 
16384 5633762 
16384 2479389 
16384 4091613 
16384 6588697 
16384 4969023 
16384 6238078 
16384 3193589 
16384 5618029 
16384 3669621 
16384 4941393 
16384 2598929 
16384 2620779 
16384 2042562 
16384 4265637 
16384 3362579 
16384 4630947 
16384 4704701 
16384 2939587 
16384 3948837 
16384 1904575 
16384 3012761 
16384 2649364 
16384 2383601 
16384 3023150 
16384 2394918 
16384 3688164 
16384 2800339 
16384 4708055 
16384 3272649 
16384 5877959 
16384 4367178 
16384 3054777 
16384 4924775 
16384 3496104 
