256 2825181 
256 5131453 
256 5544419 
256 3106572 
256 3237804 
256 2898052 
256 2776976 
256 2532097 
256 5343797 
256 6868792 
256 5482361 
256 4797805 
256 4022773 
256 4602618 
256 6766977 
256 4256182 
256 4474440 
256 3958020 
256 7095347 
256 3242674 
256 6252947 
256 9196365 
256 7196138 
256 7440893 
256 9623975 
256 3224874 
256 2232733 
256 5813908 
256 8569035 
256 7244996 
256 3664045 
256 7653067 
256 3912524 
256 7715169 
256 3831316 
256 2874808 
256 6579030 
256 2954327 
256 5474220 
256 2001463 
256 2606688 
256 3514439 
256 5160684 
256 5955697 
256 9891042 
256 4987354 
256 6528860 
256 4467487 
256 1214373 
256 9293368 
256 6484242 
256 2980797 
256 2385715 
256 3608366 
256 2309175 
256 5218893 
256 3915998 
256 4525561 
256 3115348 
256 7037261 
256 4716893 
256 8301884 
256 6354796 
256 6276675 
256 4939955 
256 3941135 
256 2771533 
256 3452366 
256 2314494 
256 5022495 
256 2698135 
256 4639970 
256 2369998 
256 2875103 
256 4105654 
256 2554967 
256 4265438 
256 4382961 
256 2647232 
256 1862003 
256 4981801 
256 5749546 
256 5090244 
256 6811506 
256 3592554 
256 3362902 
256 2382208 
256 2453855 
256 3124293 
256 7022903 
256 6701401 
256 3878357 
256 4286047 
256 6435294 
256 4655204 
256 3801134 
256 6365474 
256 6407808 
256 5542089 
256 4263937 
256 4398025 
256 4166223 
256 5121432 
256 5738408 
256 3649272 
256 3014021 
256 5468107 
256 7393906 
256 2633487 
256 2835603 
256 4899999 
256 1947308 
256 2661786 
256 4106605 
256 5002688 
256 3133398 
256 5436558 
256 4996238 
256 4461845 
256 2773118 
256 4385163 
256 6017613 
256 3284552 
256 5251816 
256 3141068 
256 4563039 
256 2842852 
256 5091536 
256 4366837 
256 3249743 
256 3999428 
256 6128523 
256 4829110 
256 3822400 
256 3613747 
256 3136999 
256 6286698 
256 5271308 
256 7522349 
256 3983257 
256 3393560 
256 2900088 
256 6872031 
256 5593451 
256 3592343 
256 2598607 
256 4561367 
256 6063548 
256 4624795 
256 1712984 
256 6297174 
256 4984150 
256 5278508 
256 6694541 
256 4538550 
256 6101600 
256 3754248 
256 2606904 
256 2609400 
256 2318771 
256 3661701 
256 3832565 
256 3318836 
256 5910099 
256 4034030 
256 2138501 
256 6370097 
256 4442053 
256 6281297 
256 5440796 
256 3088903 
256 6085026 
256 2852280 
256 5626338 
256 4678190 
256 7302769 
256 4059092 
256 3890115 
256 4370023 
256 3478822 
256 4860870 
256 5010819 
256 2989744 
256 6113027 
256 3797320 
256 2212767 
256 4943381 
256 5066372 
256 5189976 
256 4798587 
256 2508125 
256 4489125 
256 5732315 
256 2295268 
256 5444760 
256 4469868 
256 3212207 
256 7041006 
256 4998712 
256 1992522 
256 3657823 
256 4363915 
256 4618957 
256 4086423 
256 6429307 
256 4460460 
256 3052476 
256 4048064 
256 3665974 
256 7116695 
256 3870640 
256 4087941 
256 5982584 
256 3405638 
256 2313375 
256 6589332 
256 1509016 
256 2990318 
256 6495846 
256 2818202 
256 4321121 
256 7769395 
256 3635020 
256 3036937 
256 4624419 
256 4346265 
256 3595668 
256 6498571 
256 5976451 
256 2877745 
256 4706673 
256 4684348 
256 4785803 
256 4171253 
256 4182145 
256 3436006 
256 3069629 
256 2528987 
256 3184686 
256 2406593 
256 3278231 
256 4446720 
256 4697221 
256 2423608 
256 3341295 
256 7111169 
256 4325122 
256 4819524 
256 2649505 
256 4329900 
256 1720726 
256 3358225 
256 6038353 
256 4231406 
256 2937184 
256 3663694 
256 3869516 
256 5531594 
256 2485605 
256 3365378 
256 3690950 
256 2386513 
256 7675469 
256 6473937 
256 2674448 
256 3772888 
256 3483248 
256 3936666 
256 2541104 
256 4467738 
256 4081852 
256 2770428 
256 7026467 
256 3087414 
256 1783981 
256 2822546 
256 4871062 
256 7921772 
256 4532279 
256 5067592 
256 5252748 
256 3774653 
256 5612787 
256 5493807 
256 4743015 
256 4564945 
256 3947518 
256 2001012 
256 5038590 
256 8676043 
256 4345672 
256 3010150 
256 2399509 
256 3441217 
256 6083070 
256 4011267 
256 5173205 
256 3068871 
256 3999381 
256 4604013 
256 4707148 
256 3053547 
256 2548995 
256 4273795 
256 6188691 
256 4585500 
256 3216524 
256 2950763 
256 6248544 
256 3700542 
256 6780758 
256 6406023 
256 3563816 
256 1759606 
256 3711536 
256 6869711 
256 7462516 
256 3648297 
256 6841469 
256 5971197 
256 3593086 
256 9158441 
256 4799019 
256 4656361 
256 4142151 
256 3294713 
256 2515124 
256 4830054 
256 2605573 
256 1808211 
256 5200372 
256 2986239 
256 2331704 
256 4085099 
256 8365326 
256 5275690 
256 4457702 
256 2871817 
256 4356756 
256 5490377 
256 4725301 
256 7696012 
256 4124307 
256 2500150 
256 4491407 
256 5116192 
256 4362624 
256 5552544 
256 1484633 
256 4361413 
256 2433600 
256 6528786 
256 4223848 
256 2773020 
256 6609854 
256 4890013 
256 2300212 
256 4681739 
256 4551471 
256 2671067 
256 4399350 
256 2917907 
256 6301664 
256 4172199 
256 2703312 
256 2388685 
256 6364986 
256 5003835 
256 5941321 
256 2552243 
256 4038457 
256 3260141 
256 2625484 
256 6366101 
256 3899435 
256 2938139 
256 1816722 
256 3374967 
256 3652516 
256 3291695 
256 3754683 
256 3334087 
256 6432658 
256 4526269 
256 4289178 
256 2761767 
256 4156580 
256 3377300 
256 4457228 
256 1658387 
256 4436022 
256 3766552 
256 2028779 
256 5512245 
256 2014169 
256 2811747 
256 2357826 
256 6292186 
256 6271431 
256 3672859 
256 4979297 
256 5056684 
256 8369379 
256 3734147 
256 2997855 
256 4005576 
256 6775957 
256 3300548 
256 2342872 
256 6179555 
256 2595558 
256 2401391 
256 4046360 
256 6213413 
256 4892325 
256 3187927 
256 3457785 
256 3268511 
256 3343861 
256 2741762 
256 7426920 
256 9493000 
256 3275124 
256 5076669 
256 3108068 
256 1891778 
256 6852750 
256 3055031 
256 7285694 
256 6237094 
256 2833959 
256 2560280 
256 3629718 
256 3228180 
256 4207144 
256 4591570 
256 4638325 
256 3987813 
256 3027411 
256 5235739 
256 4875415 
256 5210673 
256 5962907 
256 3042932 
256 3754137 
256 4357253 
256 3879388 
256 5012700 
256 5368459 
256 3955010 
256 2530965 
256 2598078 
256 4795691 
256 3593664 
256 3239528 
256 2881917 
256 7208679 
256 2581215 
256 4191253 
256 2674393 
256 3278508 
256 2510241 
256 4579542 
256 4760297 
256 5835257 
256 2617142 
256 4933927 
256 4835543 
256 2737023 
256 3521799 
256 3449282 
256 2070129 
256 4535718 
256 3278126 
256 5558883 
256 5218427 
256 3735596 
256 3302677 
256 4369941 
256 3982213 
256 2324684 
256 2441489 
256 3124380 
256 2472615 
256 2892313 
256 5713810 
256 6220454 
256 4544563 
256 4768935 
256 2826864 
256 1550380 
256 1889839 
256 3503353 
256 5328368 
256 3421314 
256 5053856 
256 4308527 
256 3106312 
256 4536184 
256 5152557 
256 5494474 
256 3614879 
256 2728377 
256 2133889 
256 2985352 
256 4237431 
256 4470290 
256 2553668 
256 4266991 
256 3791811 
256 4788486 
256 3360829 
256 4153783 
256 5153771 
256 3739552 
256 5377164 
256 4576581 
256 5103802 
256 4596105 
256 2972861 
256 5411575 
256 4806370 
256 8590592 
256 5389745 
256 2802965 
256 3229541 
256 4128726 
256 3308906 
256 2109133 
256 4014296 
256 3119104 
256 2593446 
256 3780214 
256 2912892 
256 1623001 
256 4211920 
256 3190663 
256 9354357 
256 4598898 
256 7043323 
256 3133139 
256 4945887 
256 2932842 
256 6680180 
256 1741104 
256 4909700 
256 3805915 
256 2241479 
256 6162606 
256 4617018 
256 4307338 
256 3715050 
256 3118982 
256 4746122 
256 5846511 
256 4620423 
256 8446502 
256 2313256 
256 6747056 
256 3738130 
256 2715820 
256 5374680 
256 3371389 
256 2968195 
256 4143983 
256 8588925 
256 3821626 
256 4078719 
256 4889687 
256 3240103 
256 3524439 
256 2337308 
256 6467871 
256 3313138 
256 3965428 
256 2627032 
256 4369154 
256 3844860 
256 10113619 
256 5623485 
256 3455710 
256 6745175 
256 3452574 
256 1076434 
256 3596266 
256 3960106 
256 6365369 
256 3613388 
256 6731065 
256 4997260 
256 4543676 
256 3298804 
256 2410526 
256 3042608 
256 2803473 
256 10591388 
256 2482729 
256 4288239 
256 3584188 
256 4048176 
256 2792664 
256 2945479 
256 4402499 
256 7999221 
256 6752970 
256 5247627 
256 7253461 
256 3652101 
256 4054000 
256 4633176 
256 4131245 
256 2676547 
256 2405293 
256 4394142 
256 5097104 
256 3337685 
256 1818619 
256 5071432 
256 2891845 
256 4954222 
256 4522429 
256 4647407 
256 3862658 
256 4264535 
256 3371803 
256 9403763 
256 4224540 
256 5426345 
256 2689566 
256 4572478 
256 4921517 
256 2087557 
256 6923938 
256 6063770 
256 3444508 
256 6302322 
256 6696618 
256 2694172 
256 4136810 
256 3014270 
256 2929100 
256 5407894 
256 3341302 
256 3006016 
256 3230505 
256 5071130 
256 4991586 
256 3453946 
256 3194724 
256 2861648 
256 2090317 
256 5614387 
256 5874573 
256 4940110 
256 3834197 
256 4129718 
256 8281994 
256 4121135 
256 2312516 
256 4338514 
256 3085790 
256 5866694 
256 2658799 
256 3056991 
256 5319031 
256 4376979 
256 6730402 
256 2633629 
256 5380905 
256 6427011 
256 5366969 
256 3030058 
256 4996968 
256 3832723 
256 6197181 
256 4613993 
256 6467797 
256 3004384 
256 2742681 
256 3198726 
256 5430408 
256 1719309 
256 2845511 
256 6136658 
256 4950267 
256 2547653 
256 2654766 
256 4535078 
256 3264388 
256 5137133 
256 3402078 
256 2944154 
256 3130965 
256 2201043 
256 7811768 
256 4418329 
256 3523375 
256 2880019 
256 2542929 
256 3797510 
256 3049176 
256 2452984 
256 3206862 
256 7949406 
256 4957279 
256 3668153 
256 5950156 
256 8498336 
256 2980793 
256 4533349 
256 3244541 
256 2772407 
256 1236047 
256 4309048 
256 3787119 
256 3450168 
256 5237605 
256 3210706 
256 2460576 
256 7465445 
256 4298870 
256 8096852 
256 2964790 
256 2318100 
256 3418673 
256 4510346 
256 1960321 
256 3550871 
256 3271092 
256 2471089 
256 6365439 
256 4796670 
256 3099746 
256 5000119 
256 4476007 
256 4354568 
256 3408808 
256 4199307 
256 4297019 
256 6412763 
256 4763417 
256 3346154 
256 3429498 
256 5444166 
256 4292649 
256 4712174 
256 3275422 
256 2487810 
256 1266210 
256 5681117 
256 3188634 
256 2206677 
256 5822820 
256 6378784 
256 2968675 
256 5335792 
256 3192826 
256 5819986 
256 3620904 
256 2501553 
256 2494248 
256 5118420 
256 4849630 
256 2457604 
256 3677354 
256 3357665 
256 5893830 
256 4487711 
256 5502928 
256 3075311 
256 4256201 
256 2495800 
256 3600860 
256 2774628 
256 6083185 
256 4576160 
256 2537520 
256 1926259 
256 4253630 
256 8344782 
256 7683942 
256 5330688 
256 5892326 
256 6462181 
256 3917585 
256 3150602 
256 3477723 
256 3733799 
256 3870832 
256 5093767 
256 3112460 
256 5819454 
256 4375952 
256 2434677 
256 2177157 
256 2978464 
256 6507320 
256 6458077 
256 2786423 
256 4349226 
256 4439558 
256 2880379 
256 2937709 
256 4384076 
256 3708739 
256 3856776 
256 4655649 
256 2004097 
256 3867016 
256 8943541 
256 4235858 
256 2198621 
256 5852532 
256 4118555 
256 6061955 
256 3242656 
256 2916647 
256 6214681 
256 3994563 
256 4315484 
256 5761327 
256 7313796 
256 6918414 
256 3206160 
256 2885749 
256 5518503 
256 6245709 
256 3205864 
256 2134313 
256 3835651 
256 3990008 
256 4504188 
256 3557196 
256 3127738 
256 6297286 
256 3453018 
256 5654520 
256 2859729 
256 3727243 
256 2658356 
256 5060098 
256 2707845 
256 2510855 
256 7066598 
256 4503709 
256 3140766 
256 8945621 
256 3498578 
256 7499514 
256 3461442 
256 4192290 
256 3674239 
256 3683187 
256 4084322 
256 2414454 
256 2810834 
256 1723717 
256 4474254 
256 4048644 
256 4318684 
256 2689864 
256 3747555 
256 4598760 
256 1892130 
256 1319628 
256 3724320 
256 4869991 
256 8396481 
256 6476635 
256 4809580 
256 5112207 
256 3610652 
256 4168109 
256 6446151 
256 6096917 
256 5903695 
256 4846764 
256 3782647 
256 4535677 
256 3010785 
256 9825683 
256 5437656 
256 6137135 
256 2438727 
256 4587960 
256 4338278 
256 5431305 
256 3884895 
256 4029379 
256 5989788 
256 4020244 
256 3398379 
256 4665585 
256 4329116 
256 4698812 
256 2320062 
256 4546081 
256 4052561 
256 5849513 
256 4777471 
256 4436904 
256 5074485 
256 1959188 
256 3087452 
256 3573720 
256 3967374 
256 4030380 
256 2223662 
256 6961487 
256 5113608 
256 2427166 
256 6744802 
256 7335888 
256 4422911 
256 4347994 
256 6326344 
256 2745112 
256 6490579 
256 4298557 
256 3303998 
256 4333334 
256 4153314 
256 2799792 
256 9211406 
256 2419183 
256 4125158 
256 6599289 
256 3590483 
256 4453836 
256 4216214 
256 3182832 
256 3981091 
256 3510763 
256 4791990 
256 3345373 
256 4550301 
256 4028370 
256 4825045 
256 3893416 
256 2374096 
256 2493753 
256 4279884 
256 3208299 
256 2768751 
256 2377751 
256 2133165 
256 5498374 
256 4291286 
256 3659743 
256 4032181 
256 5913934 
256 4294311 
256 4461859 
256 4246931 
256 4623485 
256 2206659 
256 5721567 
256 8601140 
256 5274127 
256 3496726 
256 4862158 
256 3484654 
256 4575089 
256 3879647 
256 3776176 
256 2859776 
256 6093167 
256 2570230 
256 4430242 
256 6856798 
256 5182123 
256 6487432 
256 3494383 
256 6794970 
256 3495773 
256 5659577 
256 2724440 
256 2535287 
256 2126183 
256 4149378 
256 3916458 
256 5926021 
256 5140753 
256 2907899 
256 4215384 
256 2124304 
256 3398468 
256 2912726 
256 2893264 
256 3260911 
256 2967202 
256 4142515 
256 3457750 
256 6120715 
256 3729198 
256 6289954 
256 4535159 
256 3529877 
256 5380510 
256 3787303 
