64 2957046 
64 5358052 
64 4719229 
64 3080596 
64 3394268 
64 2752588 
64 3044928 
64 2397892 
64 5272378 
64 5438341 
64 5556325 
64 5028524 
64 3975882 
64 4291511 
64 6535532 
64 3788003 
64 4230796 
64 4116148 
64 6428380 
64 3107625 
64 6146776 
64 8590271 
64 6971327 
64 6847451 
64 5065326 
64 3150458 
64 2313291 
64 7553109 
64 7713477 
64 6984541 
64 3132764 
64 8087262 
64 3636864 
64 8431491 
64 4461271 
64 3100454 
64 6306572 
64 3003228 
64 4817500 
64 1807719 
64 2828532 
64 3452243 
64 4782460 
64 6140400 
64 4017791 
64 3848282 
64 4881826 
64 4228448 
64 1455622 
64 9440948 
64 5424147 
64 2548922 
64 1891242 
64 4012356 
64 2786781 
64 4692797 
64 3418924 
64 4682426 
64 2537127 
64 6308562 
64 4401805 
64 7060318 
64 5936074 
64 5202800 
64 5139657 
64 3933762 
64 2551244 
64 3618284 
64 2755466 
64 6394898 
64 2823118 
64 3814579 
64 2396384 
64 3468576 
64 3635323 
64 2775046 
64 4302661 
64 3912941 
64 2866938 
64 2038630 
64 5937470 
64 4605905 
64 4909714 
64 7289397 
64 4251002 
64 3886882 
64 2271880 
64 2854692 
64 3032850 
64 5689240 
64 8103054 
64 4458951 
64 4339203 
64 5251231 
64 4729878 
64 3787828 
64 6278179 
64 6583876 
64 4945977 
64 4070735 
64 3824788 
64 4162365 
64 4591591 
64 5549618 
64 4059334 
64 3223679 
64 4859712 
64 5980778 
64 2503474 
64 3566919 
64 5102864 
64 2068363 
64 2504946 
64 4002502 
64 4776089 
64 2939909 
64 5624097 
64 4182252 
64 4308013 
64 2867341 
64 4590649 
64 5681428 
64 3263615 
64 4199973 
64 2755124 
64 4714384 
64 3000154 
64 5051427 
64 2989879 
64 3275494 
64 3803576 
64 6301805 
64 4678972 
64 4141431 
64 3166749 
64 3199493 
64 6421006 
64 5163474 
64 7285925 
64 5036527 
64 3455546 
64 2514965 
64 6858818 
64 5488954 
64 3217575 
64 2944166 
64 4197278 
64 5885284 
64 4518502 
64 2423040 
64 6755539 
64 5935084 
64 6135901 
64 6452366 
64 4272032 
64 5023165 
64 3607146 
64 2679028 
64 2961598 
64 2777515 
64 4254643 
64 4353443 
64 3625122 
64 6045584 
64 3399549 
64 2352979 
64 5645473 
64 4460235 
64 5296552 
64 5761050 
64 3213235 
64 6061758 
64 2819561 
64 5024050 
64 4630024 
64 7579442 
64 3707469 
64 4075576 
64 4042417 
64 3538782 
64 4347705 
64 4152618 
64 3333885 
64 6103429 
64 3791277 
64 2173408 
64 4793499 
64 4224168 
64 5117018 
64 4524600 
64 2874728 
64 4948716 
64 5680613 
64 2232433 
64 5764813 
64 4428915 
64 3587082 
64 7214505 
64 4689869 
64 1986120 
64 3789177 
64 4616316 
64 4122465 
64 4337574 
64 6297084 
64 4570692 
64 3303440 
64 3808247 
64 3522779 
64 7071965 
64 3321650 
64 3078828 
64 6477265 
64 3015876 
64 2446868 
64 6890027 
64 1661025 
64 3352304 
64 6366769 
64 3473983 
64 5314643 
64 8631311 
64 3489475 
64 2671041 
64 4161845 
64 4203087 
64 3638244 
64 5816753 
64 5290835 
64 3089417 
64 4650442 
64 4818656 
64 4363021 
64 4195900 
64 3658422 
64 3878411 
64 2826313 
64 2269788 
64 3423503 
64 2477143 
64 3449516 
64 4739896 
64 4656330 
64 2391750 
64 3260227 
64 6604597 
64 4371394 
64 5124228 
64 2306907 
64 4098256 
64 1780929 
64 3469479 
64 5089580 
64 4487160 
64 3019907 
64 2703602 
64 3656232 
64 4334941 
64 2792469 
64 2923487 
64 3712065 
64 2148337 
64 6944543 
64 4870511 
64 2161996 
64 3681087 
64 3197323 
64 3922138 
64 2557177 
64 3991945 
64 4210301 
64 2318733 
64 6365163 
64 3299064 
64 1638628 
64 2830515 
64 4499242 
64 7330108 
64 4314560 
64 4374779 
64 4873424 
64 3738984 
64 5643104 
64 4770393 
64 4471300 
64 4526047 
64 3956280 
64 2854909 
64 5110878 
64 8856533 
64 3492501 
64 3014860 
64 2352505 
64 3405469 
64 4665231 
64 3418301 
64 4100034 
64 3511802 
64 3658810 
64 4157215 
64 4904911 
64 3367050 
64 2690527 
64 4027700 
64 6411113 
64 4330458 
64 3058310 
64 2840349 
64 6002916 
64 3803825 
64 6822899 
64 6495894 
64 3874738 
64 1985153 
64 3431926 
64 6851098 
64 6446352 
64 3383987 
64 5992155 
64 5902005 
64 3848568 
64 7532693 
64 4878459 
64 4415612 
64 4295455 
64 2759198 
64 2735404 
64 4487052 
64 2305710 
64 1979580 
64 4942597 
64 2952425 
64 2324951 
64 4061016 
64 8238367 
64 4817199 
64 4265886 
64 2978537 
64 4242098 
64 4932761 
64 4515397 
64 7647199 
64 4015308 
64 2779304 
64 4792344 
64 5066348 
64 3511079 
64 5734402 
64 1605821 
64 4434910 
64 2391344 
64 6879926 
64 4318815 
64 2921364 
64 6241660 
64 5898634 
64 2649677 
64 4357671 
64 3790979 
64 3086007 
64 4377776 
64 2986720 
64 6528495 
64 4132711 
64 2442714 
64 2611191 
64 7882046 
64 5039001 
64 5147970 
64 2633912 
64 3948328 
64 2783919 
64 3755871 
64 5794873 
64 3773090 
64 3205083 
64 2118648 
64 3283379 
64 3639053 
64 3393023 
64 4239721 
64 3310557 
64 6258740 
64 4457100 
64 4436832 
64 2960016 
64 4464095 
64 3607183 
64 4410707 
64 1554645 
64 4489753 
64 4323235 
64 2325118 
64 4859733 
64 1913629 
64 3081232 
64 1944463 
64 6137451 
64 6021797 
64 3686728 
64 5208070 
64 4600224 
64 7666921 
64 3629837 
64 3054871 
64 3622118 
64 7728114 
64 3703769 
64 2644522 
64 6175894 
64 2421632 
64 2803734 
64 4048915 
64 5050848 
64 5064729 
64 3101915 
64 3758808 
64 3521956 
64 3190610 
64 2834150 
64 6263873 
64 9308808 
64 3189696 
64 4920694 
64 2990226 
64 2199320 
64 7614751 
64 3231844 
64 6589772 
64 5563319 
64 3117284 
64 2319385 
64 3600394 
64 3338974 
64 4292333 
64 4428856 
64 4572839 
64 3779215 
64 3294145 
64 5000171 
64 4759488 
64 5155585 
64 6081243 
64 3046775 
64 3986200 
64 4923928 
64 4411412 
64 5247747 
64 5059031 
64 3860758 
64 2654293 
64 2876244 
64 5212225 
64 3631595 
64 3598271 
64 3268035 
64 7062368 
64 2887644 
64 4301758 
64 2870284 
64 3374989 
64 2797639 
64 4627387 
64 4654906 
64 6047980 
64 2877855 
64 4780482 
64 4853761 
64 2624224 
64 3691427 
64 4363926 
64 2378122 
64 4439284 
64 3367670 
64 6208001 
64 5791062 
64 3736336 
64 3250541 
64 4055456 
64 4026705 
64 2266680 
64 2216613 
64 3149544 
64 2627198 
64 3095562 
64 6527112 
64 6494915 
64 5387637 
64 4794921 
64 2959075 
64 1651152 
64 2123628 
64 3463384 
64 5159946 
64 3282883 
64 5289601 
64 4284970 
64 3072901 
64 4654274 
64 5384157 
64 6235824 
64 3695081 
64 2747518 
64 2176940 
64 2990172 
64 4368126 
64 4172369 
64 2314579 
64 3943977 
64 4093529 
64 5340604 
64 3551641 
64 4284452 
64 5025253 
64 3895491 
64 5723298 
64 4771239 
64 5383487 
64 4434736 
64 3186894 
64 5257171 
64 4896532 
64 8078164 
64 5678057 
64 2906419 
64 3685781 
64 4765933 
64 3497641 
64 2463806 
64 4033941 
64 3223949 
64 2192626 
64 3504302 
64 3007302 
64 1341439 
64 3899039 
64 3638257 
64 8600768 
64 4779495 
64 6424031 
64 3302154 
64 4850357 
64 3129205 
64 6181678 
64 1828022 
64 5142543 
64 3925350 
64 2184757 
64 6260605 
64 4331919 
64 5067464 
64 3597509 
64 3098378 
64 4564103 
64 6320170 
64 4859071 
64 8501050 
64 2478370 
64 6603937 
64 3961263 
64 2818173 
64 5510876 
64 3327121 
64 3176695 
64 4296010 
64 7935785 
64 4320653 
64 4167073 
64 3750159 
64 3519075 
64 3538962 
64 2214722 
64 5336827 
64 3531977 
64 3926330 
64 2687447 
64 4321134 
64 4023700 
64 10304122 
64 5463461 
64 3880508 
64 6947397 
64 3671436 
64 947149 
64 3813119 
64 4035093 
64 5948321 
64 3706094 
64 6843643 
64 5435811 
64 4489554 
64 3315075 
64 2589408 
64 3224557 
64 2548052 
64 10812214 
64 2672868 
64 3829365 
64 3781834 
64 4158232 
64 2901768 
64 3201326 
64 4015474 
64 7952439 
64 7097481 
64 5435838 
64 6676132 
64 4022453 
64 3931254 
64 4717358 
64 3774988 
64 2739878 
64 2311495 
64 4879316 
64 5287510 
64 3434972 
64 1848971 
64 5243775 
64 3309088 
64 4749071 
64 3817404 
64 4321082 
64 3807584 
64 4619118 
64 3667633 
64 9537946 
64 4259867 
64 5471653 
64 2684788 
64 3879616 
64 5328886 
64 2202449 
64 7114903 
64 7001791 
64 3209756 
64 6693903 
64 6588776 
64 2835353 
64 4121518 
64 2905826 
64 3173221 
64 5589115 
64 3658131 
64 2588468 
64 3553587 
64 4747385 
64 4448758 
64 3414075 
64 3491076 
64 2902381 
64 2149276 
64 5671745 
64 6109389 
64 5080293 
64 4100572 
64 4389955 
64 7300910 
64 4288870 
64 2847983 
64 4168676 
64 2865028 
64 5546359 
64 2707327 
64 3326648 
64 4754047 
64 3605678 
64 5678425 
64 2594206 
64 5715923 
64 5684183 
64 5134322 
64 3412324 
64 5308851 
64 4205848 
64 6324147 
64 4699464 
64 7053347 
64 3035721 
64 2771702 
64 3316816 
64 5047167 
64 1982893 
64 3160793 
64 6026454 
64 5235174 
64 2943215 
64 2692962 
64 4725120 
64 3223589 
64 4990333 
64 3175648 
64 2891577 
64 3381006 
64 2078092 
64 7084187 
64 4259602 
64 3423860 
64 2325710 
64 2252513 
64 4096568 
64 3343299 
64 2306007 
64 3032370 
64 6659025 
64 5222387 
64 3517938 
64 6175146 
64 8303027 
64 2737856 
64 4706294 
64 3435153 
64 2772441 
64 1041143 
64 4270258 
64 3867485 
64 3505588 
64 5528094 
64 3496610 
64 2577154 
64 6686779 
64 4160505 
64 7981934 
64 3575134 
64 2544402 
64 3129935 
64 4565661 
64 2311426 
64 3601321 
64 3357624 
64 2523562 
64 5552374 
64 4466057 
64 3375737 
64 5179923 
64 4783923 
64 4464479 
64 4038812 
64 4633225 
64 4782873 
64 5732691 
64 4770669 
64 3508454 
64 3720499 
64 4772439 
64 4505840 
64 4286926 
64 3664682 
64 2415024 
64 1234288 
64 5956633 
64 3401295 
64 1935899 
64 6409879 
64 6287370 
64 3575978 
64 5888457 
64 3949793 
64 6130399 
64 3612730 
64 2736270 
64 2523832 
64 5057271 
64 4365006 
64 2283105 
64 3605930 
64 3702293 
64 4943785 
64 4568017 
64 5466154 
64 3382376 
64 4405342 
64 2807609 
64 3851698 
64 2880834 
64 6391029 
64 4560410 
64 2686508 
64 2019974 
64 4677990 
64 8521929 
64 7948440 
64 5620276 
64 6098252 
64 6503431 
64 3931079 
64 3167567 
64 3510588 
64 3751754 
64 3666158 
64 5161697 
64 3436623 
64 5882977 
64 4461031 
64 2234989 
64 2358228 
64 2976146 
64 6127339 
64 5636580 
64 2952107 
64 4308871 
64 3524770 
64 2452046 
64 2913317 
64 4005907 
64 4056318 
64 3881830 
64 4774993 
64 2294730 
64 4055300 
64 9605464 
64 4646390 
64 2165257 
64 5989075 
64 4096141 
64 6124466 
64 3321139 
64 3017880 
64 6401739 
64 3948341 
64 4697042 
64 5600169 
64 6210850 
64 5779362 
64 3034720 
64 3130867 
64 5759131 
64 6303758 
64 3353338 
64 2231825 
64 3948614 
64 3759787 
64 5087811 
64 3643085 
64 3021456 
64 5639146 
64 3633169 
64 5088242 
64 3311173 
64 4449614 
64 2343299 
64 4325153 
64 2798072 
64 2517947 
64 7405742 
64 3983968 
64 3032431 
64 8088081 
64 3501679 
64 6679808 
64 3623683 
64 3265674 
64 3155003 
64 3249828 
64 4165173 
64 2663014 
64 2789850 
64 1957220 
64 4472954 
64 4186281 
64 3833212 
64 2885201 
64 4051139 
64 4368364 
64 1854342 
64 1736392 
64 3739645 
64 5211960 
64 7882591 
64 5640518 
64 4803287 
64 4657939 
64 4052399 
64 4149419 
64 5630938 
64 5559456 
64 5998360 
64 4866738 
64 3553572 
64 4316715 
64 3119466 
64 9995326 
64 5625596 
64 6032239 
64 2693715 
64 3898356 
64 4633036 
64 5717573 
64 3025890 
64 4063614 
64 6423496 
64 4102159 
64 3309479 
64 5007669 
64 3853499 
64 5147185 
64 2313970 
64 4969395 
64 4083653 
64 5815121 
64 5400695 
64 4664549 
64 4872042 
64 1812720 
64 2892231 
64 3644881 
64 4129427 
64 3804565 
64 2827611 
64 6310759 
64 5121681 
64 2030220 
64 6375768 
64 6110726 
64 4434236 
64 4087878 
64 5649781 
64 2763709 
64 6438579 
64 3388990 
64 3540007 
64 4474770 
64 3966279 
64 2681725 
64 8979995 
64 2606823 
64 3767340 
64 5425028 
64 3822905 
64 4732633 
64 4182304 
64 3524081 
64 3479841 
64 3381091 
64 3740759 
64 3281981 
64 4020742 
64 4400755 
64 4637399 
64 3751359 
64 2442573 
64 2663868 
64 3831168 
64 3552669 
64 2774406 
64 2494211 
64 2259318 
64 5281398 
64 4472191 
64 3845200 
64 4269491 
64 5677422 
64 4452260 
64 4728327 
64 4007157 
64 4455164 
64 2526306 
64 4851125 
64 8736142 
64 4696810 
64 3477780 
64 5208478 
64 3991545 
64 3885043 
64 3891751 
64 4029913 
64 2994574 
64 5911671 
64 2670425 
64 4194174 
64 7124608 
64 5488311 
64 6677716 
64 3596635 
64 5636542 
64 4074665 
64 5526474 
64 2956086 
64 2609618 
64 2124398 
64 4429458 
64 4131793 
64 4982710 
64 5057684 
64 3028224 
64 4515081 
64 2105396 
64 2967637 
64 2838751 
64 2528991 
64 3531367 
64 2492291 
64 4086551 
64 3192731 
64 4813969 
64 3812063 
64 6024660 
64 4465542 
64 3378885 
64 5414967 
64 3896729 
