1024 3110686 
1024 5275377 
1024 5257822 
1024 2978304 
1024 3316384 
1024 2880674 
1024 2992337 
1024 2856187 
1024 5589911 
1024 5970261 
1024 5098651 
1024 5346005 
1024 4564632 
1024 4006449 
1024 6256314 
1024 4047623 
1024 4369023 
1024 4138303 
1024 6391025 
1024 3367373 
1024 6793600 
1024 9379905 
1024 8003572 
1024 7606494 
1024 5447227 
1024 2746607 
1024 2387957 
1024 6296573 
1024 7679471 
1024 6901877 
1024 3014968 
1024 8600998 
1024 4381571 
1024 8908430 
1024 4756840 
1024 3081739 
1024 5537918 
1024 3226060 
1024 5043223 
1024 2132017 
1024 2928447 
1024 3703822 
1024 4588575 
1024 6159198 
1024 3679115 
1024 3904027 
1024 5656413 
1024 4085418 
1024 1234903 
1024 10410135 
1024 5429177 
1024 2713955 
1024 2155357 
1024 3548694 
1024 2234816 
1024 4599506 
1024 3600607 
1024 4224949 
1024 2628870 
1024 5864955 
1024 4360116 
1024 7145450 
1024 6044127 
1024 6094540 
1024 4863648 
1024 3774033 
1024 2624819 
1024 3766918 
1024 2257610 
1024 4971827 
1024 3358312 
1024 4094126 
1024 2238372 
1024 2796544 
1024 3925556 
1024 2985341 
1024 3650840 
1024 3615910 
1024 2106236 
1024 1783281 
1024 5572092 
1024 4606905 
1024 4160434 
1024 7041497 
1024 3785500 
1024 3630151 
1024 2432443 
1024 2753640 
1024 3249098 
1024 6176917 
1024 7075484 
1024 3689908 
1024 4329508 
1024 5953610 
1024 5505733 
1024 3364468 
1024 5796944 
1024 6060810 
1024 4214970 
1024 4243718 
1024 3569577 
1024 4290487 
1024 4857987 
1024 6140431 
1024 3862510 
1024 3002508 
1024 5118597 
1024 5779408 
1024 2448674 
1024 2972030 
1024 4724624 
1024 1935771 
1024 2863348 
1024 4026716 
1024 4598198 
1024 3016219 
1024 5481724 
1024 4580894 
1024 3651139 
1024 2648695 
1024 5266549 
1024 6249041 
1024 3311729 
1024 4195037 
1024 2617263 
1024 4423697 
1024 2782756 
1024 5413839 
1024 3510790 
1024 3224044 
1024 3638271 
1024 5864369 
1024 4171096 
1024 3591667 
1024 3205454 
1024 3118786 
1024 6069071 
1024 4963318 
1024 6875407 
1024 3869709 
1024 3473927 
1024 2902831 
1024 6650647 
1024 6021401 
1024 3344587 
1024 2553671 
1024 4157879 
1024 5457838 
1024 4528896 
1024 1716696 
1024 6025273 
1024 5564879 
1024 5774524 
1024 6000828 
1024 4418077 
1024 5189500 
1024 3174616 
1024 2600151 
1024 2589405 
1024 1915258 
1024 3657561 
1024 3753901 
1024 3624204 
1024 5736899 
1024 3625879 
1024 2019881 
1024 6071731 
1024 4321139 
1024 4954087 
1024 5402275 
1024 2991545 
1024 5958730 
1024 3082816 
1024 5546231 
1024 4642679 
1024 7604540 
1024 4152759 
1024 3905232 
1024 5172823 
1024 3881054 
1024 3926206 
1024 4090406 
1024 3180664 
1024 6489412 
1024 3894183 
1024 2359177 
1024 4843696 
1024 4336230 
1024 5500355 
1024 4440473 
1024 2637395 
1024 5332038 
1024 5579628 
1024 2043126 
1024 5415238 
1024 4629257 
1024 3278703 
1024 6860689 
1024 4803230 
1024 1924737 
1024 3863403 
1024 4670905 
1024 4372001 
1024 3663556 
1024 6070723 
1024 4723031 
1024 3438095 
1024 3839720 
1024 3117495 
1024 6811370 
1024 3100041 
1024 3302450 
1024 6482470 
1024 3617404 
1024 2484840 
1024 6930329 
1024 1451266 
1024 3087112 
1024 6582600 
1024 3025782 
1024 4097353 
1024 8559635 
1024 3568185 
1024 2895510 
1024 3988450 
1024 4488409 
1024 4012117 
1024 5733208 
1024 5074392 
1024 3041334 
1024 4355700 
1024 4727432 
1024 4908452 
1024 4287620 
1024 3626214 
1024 3713587 
1024 2556049 
1024 2762650 
1024 3772061 
1024 2274462 
1024 3311568 
1024 4408413 
1024 4641380 
1024 2527331 
1024 3258261 
1024 6301202 
1024 4873171 
1024 4922895 
1024 2656745 
1024 3965941 
1024 1883212 
1024 3632292 
1024 5125623 
1024 4043891 
1024 2395760 
1024 3695197 
1024 3060048 
1024 4239346 
1024 2379001 
1024 2821064 
1024 3658090 
1024 2342041 
1024 7051962 
1024 5584555 
1024 2317338 
1024 3678976 
1024 2914268 
1024 3757874 
1024 2496386 
1024 4184740 
1024 4059211 
1024 2221506 
1024 7324539 
1024 3202404 
1024 1808597 
1024 3044676 
1024 4428571 
1024 7373578 
1024 4500224 
1024 4421511 
1024 4883743 
1024 3864139 
1024 6160831 
1024 4951167 
1024 4515518 
1024 4425461 
1024 4022409 
1024 2476436 
1024 5118511 
1024 9195064 
1024 3599420 
1024 2787511 
1024 2297353 
1024 3434261 
1024 5007080 
1024 3515923 
1024 4149536 
1024 3238399 
1024 3720131 
1024 3564840 
1024 4926780 
1024 3207531 
1024 2632437 
1024 4357767 
1024 5649445 
1024 4414390 
1024 3121523 
1024 2793126 
1024 6255081 
1024 3925089 
1024 7013995 
1024 6227496 
1024 3302673 
1024 1810121 
1024 3809248 
1024 6914520 
1024 6557701 
1024 3185732 
1024 5954249 
1024 5537210 
1024 3653011 
1024 8241468 
1024 4706952 
1024 4640324 
1024 4394040 
1024 3199762 
1024 2576992 
1024 4812534 
1024 2455773 
1024 2359231 
1024 5319797 
1024 2988056 
1024 2392441 
1024 3872316 
1024 8034783 
1024 5058208 
1024 4661638 
1024 2913225 
1024 4379425 
1024 4498926 
1024 4603498 
1024 7782660 
1024 4035077 
1024 2444388 
1024 4490612 
1024 4834994 
1024 3600365 
1024 6067973 
1024 1485348 
1024 4487335 
1024 2391856 
1024 6199363 
1024 5094410 
1024 2967041 
1024 7110224 
1024 4715285 
1024 2268408 
1024 4145827 
1024 3808613 
1024 2794994 
1024 5208904 
1024 3225671 
1024 6368621 
1024 4079031 
1024 2487497 
1024 2407347 
1024 6833288 
1024 5074157 
1024 4763564 
1024 2630325 
1024 4025588 
1024 2905218 
1024 2667635 
1024 6230452 
1024 3767669 
1024 3234199 
1024 1922421 
1024 3103540 
1024 4024922 
1024 3792823 
1024 4431069 
1024 3210886 
1024 6322361 
1024 4218662 
1024 4409533 
1024 3035723 
1024 4300614 
1024 3603346 
1024 4548104 
1024 1782598 
1024 4463408 
1024 3961008 
1024 2181495 
1024 5041709 
1024 2037137 
1024 3070129 
1024 2274573 
1024 6385985 
1024 5885453 
1024 3530287 
1024 5700643 
1024 4767328 
1024 7691629 
1024 3623513 
1024 2926472 
1024 3719295 
1024 6935254 
1024 3389608 
1024 2466894 
1024 5817375 
1024 2244512 
1024 2479292 
1024 4011099 
1024 4934867 
1024 5501136 
1024 3355162 
1024 3590971 
1024 3220341 
1024 3116197 
1024 2849863 
1024 6620355 
1024 9344292 
1024 3157826 
1024 4707286 
1024 3264293 
1024 1935192 
1024 6672483 
1024 3158619 
1024 6972632 
1024 6110239 
1024 2750215 
1024 2718571 
1024 3368482 
1024 3417430 
1024 4589395 
1024 4645163 
1024 4501305 
1024 3873254 
1024 3140305 
1024 5062445 
1024 4716305 
1024 5254528 
1024 6284204 
1024 3185929 
1024 3784218 
1024 4863718 
1024 3693692 
1024 5111549 
1024 5288218 
1024 3795835 
1024 2870935 
1024 2673230 
1024 5081359 
1024 3423878 
1024 3851274 
1024 2994216 
1024 6776550 
1024 2892571 
1024 4280481 
1024 2822529 
1024 3232684 
1024 2316452 
1024 4105613 
1024 5025586 
1024 6304370 
1024 2531146 
1024 5135281 
1024 5088510 
1024 2729790 
1024 3320969 
1024 3720821 
1024 2230967 
1024 4569020 
1024 3305204 
1024 5538768 
1024 5684747 
1024 3649019 
1024 3352535 
1024 3826401 
1024 3730706 
1024 2345077 
1024 2296757 
1024 3077301 
1024 2412467 
1024 2943222 
1024 5524717 
1024 6401406 
1024 4701738 
1024 4860982 
1024 3144190 
1024 1398260 
1024 1937517 
1024 3294586 
1024 5262869 
1024 3101072 
1024 4920297 
1024 4304288 
1024 2967619 
1024 4407032 
1024 5212079 
1024 5968765 
1024 3646982 
1024 2872707 
1024 2182626 
1024 2949792 
1024 4421723 
1024 4374137 
1024 2563916 
1024 4052307 
1024 3907729 
1024 4867918 
1024 3336657 
1024 4021452 
1024 5201553 
1024 4391171 
1024 5575964 
1024 4494072 
1024 5104204 
1024 4696182 
1024 3101581 
1024 5515110 
1024 4888965 
1024 8413105 
1024 5890122 
1024 2816109 
1024 3423981 
1024 4742529 
1024 3414243 
1024 2401520 
1024 4263776 
1024 3278482 
1024 2093514 
1024 3361748 
1024 2844111 
1024 1680340 
1024 3857674 
1024 3649495 
1024 9372255 
1024 4671719 
1024 6507385 
1024 3145753 
1024 4981717 
1024 2891184 
1024 6234454 
1024 1793705 
1024 5061212 
1024 4275866 
1024 2266388 
1024 5652550 
1024 4331796 
1024 4239758 
1024 3546239 
1024 3153995 
1024 4526713 
1024 6177054 
1024 4419424 
1024 7919424 
1024 2443075 
1024 7222484 
1024 3810322 
1024 2567526 
1024 5481235 
1024 3407623 
1024 3308619 
1024 4080111 
1024 7380056 
1024 4284882 
1024 3754031 
1024 3993893 
1024 3308432 
1024 3760653 
1024 2370635 
1024 5647770 
1024 3330197 
1024 3953515 
1024 2483061 
1024 4110261 
1024 3942598 
1024 10163090 
1024 5560440 
1024 3370127 
1024 6333078 
1024 3607606 
1024 1112638 
1024 3579752 
1024 3839868 
1024 6082619 
1024 3767911 
1024 7002883 
1024 5686119 
1024 4503331 
1024 3784901 
1024 2375099 
1024 3371550 
1024 2810254 
1024 10804696 
1024 2612703 
1024 3531183 
1024 3854120 
1024 3930188 
1024 2592644 
1024 2790805 
1024 4397461 
1024 7915871 
1024 6983428 
1024 4953072 
1024 6653510 
1024 3757304 
1024 3843331 
1024 4775476 
1024 3864944 
1024 2663565 
1024 2311514 
1024 4840407 
1024 4778041 
1024 3315987 
1024 1928604 
1024 5113915 
1024 3019044 
1024 5003579 
1024 3830811 
1024 4285286 
1024 3862385 
1024 4511803 
1024 3396909 
1024 9239678 
1024 4100313 
1024 5392782 
1024 2767563 
1024 4053293 
1024 5171730 
1024 2226981 
1024 6663650 
1024 5960173 
1024 3744839 
1024 6426102 
1024 6162382 
1024 2707238 
1024 3857747 
1024 2996519 
1024 2883482 
1024 5601264 
1024 3655868 
1024 2894763 
1024 3331014 
1024 4952106 
1024 4157249 
1024 3435487 
1024 3113771 
1024 2674169 
1024 2031804 
1024 5871526 
1024 5495488 
1024 4924803 
1024 3924348 
1024 4560624 
1024 7385250 
1024 4459198 
1024 2407251 
1024 4140634 
1024 3256290 
1024 6045841 
1024 2549204 
1024 3022900 
1024 5391067 
1024 3398386 
1024 5548904 
1024 2583013 
1024 5019730 
1024 5545449 
1024 5087811 
1024 3097606 
1024 5377320 
1024 4144280 
1024 6140661 
1024 4623102 
1024 7282867 
1024 2953633 
1024 2815712 
1024 3319196 
1024 5258489 
1024 1754059 
1024 3018943 
1024 6489908 
1024 5443847 
1024 2615198 
1024 2739972 
1024 4392049 
1024 3267720 
1024 5285682 
1024 3295220 
1024 3117278 
1024 3220642 
1024 2429085 
1024 7862097 
1024 4352238 
1024 3211587 
1024 2424689 
1024 2365199 
1024 3787696 
1024 3425076 
1024 2254150 
1024 3080576 
1024 6489835 
1024 4928434 
1024 3171680 
1024 5954616 
1024 7449027 
1024 3215341 
1024 5250273 
1024 3454059 
1024 2827616 
1024 1182487 
1024 3943095 
1024 3930593 
1024 3635068 
1024 5353756 
1024 3326782 
1024 2641892 
1024 6559972 
1024 4247061 
1024 7070618 
1024 3219407 
1024 2166327 
1024 3451190 
1024 4388820 
1024 1986520 
1024 3825419 
1024 3417583 
1024 2386729 
1024 5594850 
1024 4570452 
1024 3278176 
1024 4821546 
1024 4295641 
1024 4583455 
1024 3601517 
1024 4390421 
1024 4431216 
1024 5451222 
1024 4655868 
1024 3439895 
1024 3601400 
1024 5621509 
1024 4458757 
1024 4702396 
1024 3144723 
1024 2022728 
1024 1381402 
1024 6261302 
1024 3262252 
1024 2135958 
1024 6321664 
1024 6377744 
1024 3068175 
1024 5496724 
1024 3201361 
1024 5960837 
1024 4005337 
1024 2417082 
1024 2365941 
1024 5287378 
1024 4931951 
1024 2453551 
1024 3613931 
1024 3429248 
1024 5327577 
1024 4765520 
1024 5482143 
1024 3219300 
1024 4449997 
1024 2534545 
1024 3808436 
1024 2842859 
1024 6039101 
1024 4553852 
1024 2457229 
1024 1894443 
1024 4171660 
1024 8774397 
1024 7789350 
1024 6027252 
1024 6260205 
1024 6377315 
1024 4296766 
1024 3110892 
1024 3252362 
1024 3735822 
1024 4050490 
1024 4811179 
1024 3149808 
1024 6286199 
1024 4306320 
1024 2193980 
1024 2177107 
1024 3008111 
1024 7218452 
1024 5701268 
1024 2780401 
1024 4120448 
1024 3641875 
1024 2875126 
1024 2801108 
1024 4438981 
1024 4030358 
1024 3934170 
1024 4446581 
1024 2048801 
1024 3887670 
1024 9175695 
1024 4034938 
1024 2173745 
1024 5845596 
1024 4006984 
1024 6201116 
1024 3405540 
1024 2945390 
1024 5972074 
1024 4024227 
1024 5037190 
1024 5821758 
1024 6528454 
1024 5718148 
1024 2929785 
1024 3406593 
1024 5575302 
1024 6248393 
1024 3075112 
1024 2290397 
1024 3839328 
1024 3701825 
1024 4654457 
1024 3806764 
1024 3027662 
1024 6465593 
1024 3425468 
1024 5203944 
1024 3175659 
1024 3937311 
1024 2304172 
1024 4257848 
1024 2603438 
1024 2464806 
1024 6834045 
1024 3803055 
1024 2752175 
1024 7998943 
1024 3546881 
1024 6629417 
1024 3494467 
1024 4207453 
1024 3101763 
1024 3578813 
1024 3933925 
1024 2543465 
1024 2870621 
1024 1821562 
1024 4460454 
1024 4116625 
1024 3624060 
1024 2614737 
1024 3755220 
1024 4543229 
1024 1695430 
1024 1346700 
1024 3742246 
1024 5110054 
1024 7574710 
1024 6011831 
1024 4671207 
1024 4830600 
1024 3587404 
1024 4199914 
1024 5657144 
1024 5782369 
1024 6067330 
1024 5229865 
1024 3506697 
1024 4628008 
1024 3209145 
1024 8967086 
1024 5835984 
1024 5444811 
1024 2576004 
1024 3550550 
1024 4747041 
1024 5322599 
1024 3234344 
1024 4033826 
1024 6188604 
1024 3780347 
1024 3625329 
1024 5106317 
1024 3878212 
1024 5010850 
1024 2310744 
1024 4757733 
1024 4197764 
1024 5865604 
1024 4903664 
1024 4802858 
1024 4712901 
1024 1818579 
1024 2902567 
1024 3568429 
1024 4012486 
1024 3917775 
1024 2275387 
1024 6589773 
1024 5061151 
1024 1997740 
1024 6579041 
1024 5836561 
1024 4646922 
1024 4507453 
1024 5604298 
1024 2760738 
1024 6691714 
1024 3487620 
1024 3243718 
1024 4492093 
1024 4147727 
1024 2760541 
1024 8324585 
1024 2316218 
1024 3958995 
1024 6145327 
1024 4005346 
1024 4682218 
1024 4307506 
1024 3241962 
1024 3795637 
1024 3692899 
1024 4260717 
1024 3224082 
1024 3889382 
1024 4266185 
1024 5340919 
1024 3810015 
1024 2447378 
1024 2688558 
1024 3553194 
1024 3373599 
1024 2958911 
1024 2407381 
1024 2225268 
1024 5636263 
1024 4583246 
1024 3706204 
1024 4149373 
1024 5786723 
1024 4306899 
1024 4359781 
1024 4054981 
1024 4332633 
1024 2184006 
1024 5014179 
1024 8396582 
1024 4905644 
1024 3741361 
1024 5655664 
1024 3441715 
1024 3789618 
1024 3993695 
1024 3891125 
1024 2966895 
1024 6063705 
1024 2494606 
1024 4231476 
1024 6846413 
1024 5865851 
1024 6607387 
1024 3909813 
1024 5863184 
1024 3503242 
1024 5489781 
1024 2929492 
1024 2624937 
1024 2341081 
1024 4156048 
1024 3860400 
1024 4853158 
1024 5124826 
1024 2972089 
1024 4177254 
1024 2079725 
1024 3233205 
1024 2803039 
1024 2358955 
1024 3168908 
1024 2549671 
1024 4034474 
1024 3362451 
1024 4810614 
1024 3574059 
1024 6315595 
1024 4503610 
1024 3291148 
1024 5335638 
1024 3768846 
