512 2640251 
512 5148141 
512 4320248 
512 2967755 
512 3020600 
512 2856357 
512 2601704 
512 2450473 
512 4980100 
512 5651726 
512 5029335 
512 4472643 
512 4071767 
512 3323671 
512 6064270 
512 3247205 
512 3514227 
512 3874952 
512 5827772 
512 2331823 
512 5880323 
512 8300009 
512 6957056 
512 6375479 
512 4957508 
512 2365663 
512 2168837 
512 4659415 
512 7153694 
512 6875925 
512 2867596 
512 7204601 
512 3791480 
512 7737346 
512 3987657 
512 2805924 
512 5261247 
512 2885401 
512 4769522 
512 2236859 
512 2966007 
512 3199848 
512 4061039 
512 5679241 
512 3384561 
512 3509502 
512 4932669 
512 4202957 
512 1124816 
512 8418494 
512 5485280 
512 2445158 
512 2449107 
512 3481951 
512 2218634 
512 5088419 
512 3037816 
512 3618197 
512 2348061 
512 5450940 
512 4174705 
512 7225197 
512 5377890 
512 5854697 
512 4827438 
512 3489169 
512 2586843 
512 3264423 
512 2233937 
512 4712118 
512 2638380 
512 4237554 
512 2101222 
512 2687807 
512 3539695 
512 2493455 
512 3559768 
512 3711052 
512 2208119 
512 1805013 
512 4641099 
512 4286538 
512 4424536 
512 6759653 
512 3511145 
512 3168810 
512 2462760 
512 2234228 
512 2980172 
512 5414500 
512 7384125 
512 3594834 
512 4018048 
512 5512125 
512 4350467 
512 3327193 
512 5914069 
512 6505855 
512 3997918 
512 3988651 
512 3446467 
512 4133755 
512 4399780 
512 5558717 
512 3650948 
512 3294015 
512 4618239 
512 5721533 
512 2481207 
512 2652468 
512 4649213 
512 1907593 
512 2504545 
512 4084132 
512 4371745 
512 2907342 
512 5136279 
512 3889642 
512 3617605 
512 2664812 
512 4047240 
512 5077717 
512 3014492 
512 3976739 
512 2537086 
512 4243004 
512 2660302 
512 4815818 
512 3383219 
512 3135397 
512 3213187 
512 6583281 
512 3740541 
512 3575404 
512 3101401 
512 2937750 
512 5771828 
512 4880221 
512 5840883 
512 3782464 
512 3236125 
512 2340912 
512 6343411 
512 5158083 
512 3141611 
512 2295244 
512 3850628 
512 5167347 
512 4217475 
512 1702830 
512 5248583 
512 4711440 
512 5046413 
512 5802261 
512 4251348 
512 5090691 
512 2895087 
512 2453250 
512 2379155 
512 1784165 
512 3359941 
512 3446610 
512 3082928 
512 5288766 
512 3409482 
512 1855080 
512 5793836 
512 4141832 
512 4732068 
512 4986353 
512 2943801 
512 5740995 
512 2560118 
512 5241785 
512 4248368 
512 6875584 
512 3526154 
512 3703693 
512 4420908 
512 3163238 
512 3697979 
512 3946035 
512 2995487 
512 6427282 
512 3624304 
512 2177450 
512 4597835 
512 3860291 
512 5036531 
512 4075733 
512 2367603 
512 4533280 
512 5187633 
512 1997170 
512 5039403 
512 4363673 
512 3175533 
512 7020126 
512 5457405 
512 1894952 
512 3507806 
512 4249345 
512 4151374 
512 3818428 
512 5371788 
512 4518417 
512 3045892 
512 3546118 
512 2996797 
512 6506178 
512 2913437 
512 3210603 
512 5780298 
512 3094009 
512 2386826 
512 6280878 
512 1419900 
512 3011282 
512 6212136 
512 3021409 
512 3975714 
512 7591082 
512 3516994 
512 2444812 
512 3564138 
512 4011635 
512 3325913 
512 5405123 
512 5115105 
512 2798255 
512 4050774 
512 4395780 
512 4585007 
512 3931121 
512 3287758 
512 3400750 
512 2425219 
512 2254056 
512 2998206 
512 2122315 
512 3032492 
512 4430691 
512 4448792 
512 2386054 
512 2941445 
512 6086912 
512 4300782 
512 4617916 
512 2436296 
512 3555759 
512 1707767 
512 3251073 
512 4937712 
512 3839291 
512 2194032 
512 3187133 
512 2924829 
512 3796365 
512 2192875 
512 2532352 
512 3817079 
512 2076437 
512 6787687 
512 5423832 
512 2077960 
512 3620108 
512 2958044 
512 3788377 
512 2323085 
512 4277480 
512 3869721 
512 1968164 
512 5826527 
512 3022293 
512 1755755 
512 2728686 
512 3461933 
512 6146320 
512 4219113 
512 4120048 
512 4708806 
512 3346575 
512 5271472 
512 4479532 
512 4133129 
512 4088309 
512 3714885 
512 1911829 
512 4600376 
512 8076234 
512 3361727 
512 2673885 
512 2035909 
512 3078991 
512 4526452 
512 3071147 
512 3754439 
512 2904102 
512 3813281 
512 3407521 
512 4419599 
512 2947727 
512 2196933 
512 4118697 
512 5630194 
512 3784301 
512 2752363 
512 2506820 
512 5569285 
512 3457494 
512 6047301 
512 5729148 
512 3104399 
512 1597874 
512 3563222 
512 6258057 
512 5691841 
512 2968013 
512 5594351 
512 5231871 
512 3294224 
512 7302138 
512 4538624 
512 4032149 
512 3909085 
512 2881123 
512 2204887 
512 4441974 
512 1922810 
512 1740059 
512 4578568 
512 2954989 
512 2166528 
512 3603966 
512 7228060 
512 4710016 
512 3924534 
512 2582126 
512 4149988 
512 4479688 
512 4155948 
512 7081590 
512 3543719 
512 2310537 
512 4010481 
512 4563129 
512 3351038 
512 5567337 
512 1314343 
512 4085999 
512 2163200 
512 5866669 
512 4200608 
512 2733226 
512 5880039 
512 4534909 
512 2081693 
512 3967351 
512 3431978 
512 2467326 
512 4033939 
512 2678160 
512 5925449 
512 3868296 
512 2462948 
512 2165226 
512 5773810 
512 4566903 
512 4631595 
512 2398232 
512 3546309 
512 2605114 
512 2530137 
512 5760675 
512 3528020 
512 2884120 
512 1841512 
512 2727094 
512 3142997 
512 3057390 
512 3589655 
512 2752316 
512 5434020 
512 3952453 
512 3875196 
512 2556390 
512 3966214 
512 3260364 
512 4017090 
512 1747513 
512 3829898 
512 3791962 
512 2083842 
512 4532984 
512 1772934 
512 2735621 
512 2098788 
512 5609391 
512 5850209 
512 3223372 
512 4906743 
512 4377211 
512 6998281 
512 3268566 
512 2681028 
512 3461707 
512 6004701 
512 2955951 
512 2170692 
512 5425700 
512 2130316 
512 2208756 
512 3687338 
512 4430202 
512 4770412 
512 2958650 
512 3211669 
512 3103972 
512 2788243 
512 2606404 
512 5792939 
512 8248970 
512 2888916 
512 4353361 
512 2816126 
512 1868241 
512 6504415 
512 2906221 
512 5678435 
512 4823339 
512 2628728 
512 2380294 
512 3149864 
512 3063940 
512 4042040 
512 4181829 
512 3999273 
512 3494064 
512 2804853 
512 5580378 
512 4433913 
512 4715024 
512 5895253 
512 2816907 
512 3328139 
512 4266114 
512 3455952 
512 4567848 
512 4529331 
512 3470706 
512 2267301 
512 2409824 
512 4466696 
512 3165292 
512 3121023 
512 2713698 
512 6783561 
512 2637058 
512 3895065 
512 2494990 
512 3078056 
512 2125734 
512 4003782 
512 4577155 
512 6155097 
512 2447678 
512 4628480 
512 4625108 
512 2600707 
512 3059792 
512 3332404 
512 2037838 
512 3981808 
512 3092575 
512 5173355 
512 4730786 
512 3350296 
512 3047461 
512 3487783 
512 3509996 
512 2160056 
512 3650627 
512 2652390 
512 2298081 
512 2919454 
512 5390957 
512 5782921 
512 4649075 
512 4320296 
512 2580488 
512 1460545 
512 1873018 
512 3548362 
512 5134020 
512 3123614 
512 4970742 
512 4019142 
512 2876573 
512 3925205 
512 5216751 
512 5346369 
512 3442409 
512 2629909 
512 2238721 
512 2784374 
512 4037992 
512 4046266 
512 2434951 
512 3751367 
512 3734999 
512 4480634 
512 3123229 
512 3444614 
512 4778375 
512 3663101 
512 5363485 
512 4324675 
512 4768024 
512 4197443 
512 2964263 
512 4919364 
512 4496869 
512 7902943 
512 5397468 
512 2702971 
512 3110611 
512 4154730 
512 3229849 
512 2196200 
512 3869329 
512 2954153 
512 1953560 
512 3074766 
512 2933487 
512 1580239 
512 3815794 
512 3095453 
512 8077146 
512 4537507 
512 6221288 
512 3085054 
512 4446018 
512 2718484 
512 5931217 
512 1508902 
512 5008807 
512 3540848 
512 2085511 
512 5429811 
512 4247284 
512 4102419 
512 3485321 
512 3064493 
512 4455584 
512 5736667 
512 3918665 
512 7948492 
512 2145825 
512 6148781 
512 3765298 
512 2382360 
512 5142786 
512 3091977 
512 2931383 
512 3821076 
512 7839047 
512 3884695 
512 3699091 
512 3738858 
512 3186865 
512 3404131 
512 2167827 
512 5190903 
512 3333138 
512 3513894 
512 2438788 
512 4086981 
512 3574409 
512 10086325 
512 5092962 
512 3141528 
512 6621737 
512 3284935 
512 981204 
512 3452011 
512 3495313 
512 5754593 
512 3341889 
512 6404126 
512 4815145 
512 4198191 
512 3128684 
512 2359287 
512 2709816 
512 2731424 
512 9954742 
512 2402428 
512 3439415 
512 3343860 
512 3955482 
512 2557683 
512 2666360 
512 4080215 
512 8224228 
512 6400606 
512 4864781 
512 6309679 
512 3680670 
512 3591457 
512 4433376 
512 3670241 
512 2393751 
512 2282480 
512 4452554 
512 4713953 
512 3027036 
512 1874498 
512 4995453 
512 2836297 
512 4551073 
512 3667178 
512 4399300 
512 3568957 
512 4110297 
512 3065746 
512 8967916 
512 3874424 
512 5332726 
512 2349318 
512 3689226 
512 4929418 
512 1989834 
512 6389349 
512 5794793 
512 3098485 
512 5905100 
512 5324159 
512 2556906 
512 3683488 
512 2770067 
512 2853643 
512 5262270 
512 3213769 
512 2774422 
512 3227733 
512 4638635 
512 3981577 
512 3221210 
512 3186626 
512 2733647 
512 1924236 
512 5774169 
512 5339305 
512 4870757 
512 3795270 
512 4234353 
512 6847720 
512 4077772 
512 2198738 
512 3806535 
512 2850166 
512 5467553 
512 2487276 
512 2821650 
512 4579819 
512 3371033 
512 5662638 
512 2476746 
512 4665498 
512 5156761 
512 4697187 
512 2755049 
512 4972139 
512 3889486 
512 5852753 
512 4448203 
512 6546820 
512 2742636 
512 2648718 
512 3164869 
512 4942184 
512 1715756 
512 2807587 
512 6689522 
512 4910006 
512 2903125 
512 2960814 
512 4098797 
512 3146964 
512 5068190 
512 3057575 
512 2860957 
512 3019337 
512 2258027 
512 7396622 
512 4192997 
512 3243241 
512 2295371 
512 2193972 
512 3705118 
512 3310598 
512 2477995 
512 2822899 
512 6773622 
512 4715775 
512 3113784 
512 5504433 
512 6921062 
512 2728686 
512 4601630 
512 3400816 
512 2615694 
512 1109528 
512 3811710 
512 3942022 
512 3411254 
512 5008626 
512 3169751 
512 2495983 
512 6233088 
512 3860791 
512 6650368 
512 2876982 
512 2154933 
512 3221687 
512 4233793 
512 1801937 
512 3552287 
512 3182683 
512 2284224 
512 5256456 
512 4482366 
512 2985336 
512 4529285 
512 4232485 
512 4311339 
512 3270088 
512 3716842 
512 4151953 
512 5103727 
512 4387595 
512 3257934 
512 3522788 
512 4790092 
512 4097018 
512 4312666 
512 3000069 
512 1999652 
512 1317726 
512 5269681 
512 2977101 
512 2100598 
512 5707899 
512 5943429 
512 2833774 
512 5249740 
512 3026630 
512 5622083 
512 3273464 
512 2350032 
512 2396256 
512 4840777 
512 4388319 
512 2436768 
512 3263129 
512 3158881 
512 4743410 
512 4149130 
512 4920363 
512 3122249 
512 4112023 
512 2407970 
512 3342095 
512 2737203 
512 5480093 
512 4181610 
512 2418285 
512 1815306 
512 3837937 
512 8037044 
512 7230215 
512 5304878 
512 5838746 
512 5976404 
512 3708985 
512 2830117 
512 3220699 
512 3380424 
512 3600931 
512 4647058 
512 3010763 
512 5637006 
512 4127358 
512 1978267 
512 2230648 
512 2753501 
512 6349194 
512 5306417 
512 2599058 
512 3831284 
512 3639619 
512 2636084 
512 3060572 
512 4030339 
512 3708525 
512 3403589 
512 4194992 
512 2124217 
512 3640265 
512 8682254 
512 4337764 
512 1993556 
512 5322305 
512 3708593 
512 5631305 
512 3171562 
512 2711460 
512 5617161 
512 3577508 
512 4586879 
512 5653163 
512 6155537 
512 5511290 
512 2957762 
512 2842651 
512 4973994 
512 5679473 
512 2906060 
512 2071687 
512 3594841 
512 3646462 
512 4272294 
512 3389059 
512 2846968 
512 5629553 
512 3127576 
512 4802783 
512 2811503 
512 3561767 
512 2079013 
512 3825506 
512 2506566 
512 2429454 
512 6281711 
512 3502054 
512 2847822 
512 7568314 
512 3261898 
512 5959553 
512 3197494 
512 4338349 
512 2799800 
512 3562377 
512 3793193 
512 2491511 
512 2629049 
512 1652431 
512 4228354 
512 3881975 
512 3461249 
512 2765068 
512 3725482 
512 4561324 
512 1684884 
512 1258115 
512 3403440 
512 4855450 
512 7003204 
512 5752934 
512 4242515 
512 4540465 
512 3482410 
512 3905393 
512 4913320 
512 5520926 
512 5428426 
512 4437807 
512 3212432 
512 4263485 
512 2904522 
512 8968159 
512 5521988 
512 5046323 
512 2451406 
512 3370926 
512 4412177 
512 4990737 
512 3183017 
512 4164926 
512 5604491 
512 3526272 
512 3099586 
512 4814722 
512 3675955 
512 4848333 
512 2213610 
512 4698884 
512 3828850 
512 5230802 
512 4721299 
512 4384154 
512 4449191 
512 1711748 
512 2595372 
512 3360395 
512 3784441 
512 3707699 
512 2052290 
512 5801743 
512 4667457 
512 1793530 
512 6266499 
512 5748593 
512 4156503 
512 4175302 
512 5325811 
512 2610139 
512 6221949 
512 3245019 
512 3021995 
512 4106908 
512 3792911 
512 2571013 
512 8078950 
512 2257967 
512 3737801 
512 5395544 
512 3306615 
512 4460749 
512 4060200 
512 2952964 
512 3772054 
512 3240191 
512 4016227 
512 2955694 
512 3491315 
512 4029004 
512 4590962 
512 3553283 
512 2244552 
512 2407924 
512 3377948 
512 3276066 
512 2757772 
512 2387136 
512 2037397 
512 4764986 
512 4399215 
512 3732278 
512 3826739 
512 5301731 
512 4168402 
512 4126189 
512 3749603 
512 4152718 
512 2098007 
512 4798615 
512 7583752 
512 4815693 
512 3461243 
512 4760070 
512 3484902 
512 3545827 
512 3724972 
512 3677145 
512 2810314 
512 5822458 
512 2303869 
512 3938299 
512 6867677 
512 5043567 
512 6240993 
512 3150542 
512 5599701 
512 3376830 
512 4904707 
512 2746124 
512 2370207 
512 2119863 
512 4100770 
512 3614931 
512 4427416 
512 4681927 
512 2702259 
512 3981634 
512 1885361 
512 2930140 
512 2864964 
512 2308414 
512 2981352 
512 2315304 
512 3807786 
512 3061758 
512 4732709 
512 3411688 
512 5859041 
512 4501095 
512 3117963 
512 4966864 
512 3631467 
