4096 2912150 
4096 5172057 
4096 4684536 
4096 3125867 
4096 3449188 
4096 2914844 
4096 3750401 
4096 2736002 
4096 5376469 
4096 7033458 
4096 5186756 
4096 5123765 
4096 4353441 
4096 3927452 
4096 6832933 
4096 4700419 
4096 3695082 
4096 4857908 
4096 7155713 
4096 4787278 
4096 6276475 
4096 9099507 
4096 7513656 
4096 6817266 
4096 4946779 
4096 3462403 
4096 2228726 
4096 6302843 
4096 8707402 
4096 6289430 
4096 2993383 
4096 8711232 
4096 4131216 
4096 8302111 
4096 4555871 
4096 3006897 
4096 6694520 
4096 2996616 
4096 5528546 
4096 1995407 
4096 2644267 
4096 3533184 
4096 4091506 
4096 6726720 
4096 4789598 
4096 4843808 
4096 5081230 
4096 4224874 
4096 1258911 
4096 9539499 
4096 6800074 
4096 2809723 
4096 2226230 
4096 4291850 
4096 3640351 
4096 4400010 
4096 3352383 
4096 5246037 
4096 3489330 
4096 6715578 
4096 4306807 
4096 8356388 
4096 6448269 
4096 6015874 
4096 4952155 
4096 4810181 
4096 2599756 
4096 3560333 
4096 2542612 
4096 6174883 
4096 3264752 
4096 4277278 
4096 2414378 
4096 3046777 
4096 3816507 
4096 2665021 
4096 3736853 
4096 4095169 
4096 3158735 
4096 2027345 
4096 5117015 
4096 4563116 
4096 5509431 
4096 6794397 
4096 4826102 
4096 3561735 
4096 3078504 
4096 3440786 
4096 3088978 
4096 6326649 
4096 6718448 
4096 4605000 
4096 4496370 
4096 6476375 
4096 4972564 
4096 4784275 
4096 6225437 
4096 6477711 
4096 4314968 
4096 4150795 
4096 3766500 
4096 4428585 
4096 6032952 
4096 6629029 
4096 4150953 
4096 3098426 
4096 6460344 
4096 7005713 
4096 2581223 
4096 2758588 
4096 4887717 
4096 2219849 
4096 2673989 
4096 3889122 
4096 5214718 
4096 3945429 
4096 6540160 
4096 4979800 
4096 8085137 
4096 3367131 
4096 4279854 
4096 5478924 
4096 3180636 
4096 4523057 
4096 2822922 
4096 4688637 
4096 2938752 
4096 5429299 
4096 3504402 
4096 3144352 
4096 3907530 
4096 5986879 
4096 4272703 
4096 4023057 
4096 3085046 
4096 3081998 
4096 6748116 
4096 5218163 
4096 7400620 
4096 4170489 
4096 3540271 
4096 2905855 
4096 7844457 
4096 6649790 
4096 4348913 
4096 2511185 
4096 4204364 
4096 7469485 
4096 4750264 
4096 2049002 
4096 5917344 
4096 6096093 
4096 5202680 
4096 6996710 
4096 5924327 
4096 5076710 
4096 3374604 
4096 2542733 
4096 3433392 
4096 2101466 
4096 4278149 
4096 3715510 
4096 3420060 
4096 5826620 
4096 4303910 
4096 2583175 
4096 6521641 
4096 4884805 
4096 5618033 
4096 6308265 
4096 4339389 
4096 7266609 
4096 3246497 
4096 5496792 
4096 5049550 
4096 7559427 
4096 3953549 
4096 4356210 
4096 4572454 
4096 3407686 
4096 4152911 
4096 9018810 
4096 3102751 
4096 6716128 
4096 4554305 
4096 3213069 
4096 5002771 
4096 4988479 
4096 5994587 
4096 4334600 
4096 2785841 
4096 4825356 
4096 6303065 
4096 2233068 
4096 6202397 
4096 4399859 
4096 3375976 
4096 7802329 
4096 5379199 
4096 2743893 
4096 4766485 
4096 5355190 
4096 4306976 
4096 4805722 
4096 6710462 
4096 4834888 
4096 3954412 
4096 4047287 
4096 3777570 
4096 7728998 
4096 3634843 
4096 3725541 
4096 7129870 
4096 3294045 
4096 3015531 
4096 7508803 
4096 1593447 
4096 3271934 
4096 6932910 
4096 3107083 
4096 4473341 
4096 8868487 
4096 3417933 
4096 2492905 
4096 4577940 
4096 4823795 
4096 4178126 
4096 6587734 
4096 5831512 
4096 2856414 
4096 4448581 
4096 4661817 
4096 4653139 
4096 4179791 
4096 3769644 
4096 3810936 
4096 2772947 
4096 3143327 
4096 3446857 
4096 2312100 
4096 3378401 
4096 4603287 
4096 4586057 
4096 2639680 
4096 3252860 
4096 6491393 
4096 4655796 
4096 4806543 
4096 2868546 
4096 5138500 
4096 1942250 
4096 4180869 
4096 5838478 
4096 3998327 
4096 3124940 
4096 3579710 
4096 3025936 
4096 4194500 
4096 2464980 
4096 2953662 
4096 3710705 
4096 2437934 
4096 7562331 
4096 5702089 
4096 2405543 
4096 3878790 
4096 3277129 
4096 3746934 
4096 2651487 
4096 5397822 
4096 4325692 
4096 2927919 
4096 6462146 
4096 3332644 
4096 1988922 
4096 3146409 
4096 4857320 
4096 7205554 
4096 4706465 
4096 4306923 
4096 6002445 
4096 4373982 
4096 5804100 
4096 4915960 
4096 5523510 
4096 4256499 
4096 3901099 
4096 2352293 
4096 4813924 
4096 9273597 
4096 4424043 
4096 2874651 
4096 2469601 
4096 3341194 
4096 4765270 
4096 3485205 
4096 4433557 
4096 3378890 
4096 3973554 
4096 3909126 
4096 5945760 
4096 3414754 
4096 2695116 
4096 4195284 
4096 5991539 
4096 4399532 
4096 3484894 
4096 2924302 
4096 6930488 
4096 3903598 
4096 6738805 
4096 6903416 
4096 3483296 
4096 2105913 
4096 3674467 
4096 7156975 
4096 7042068 
4096 3253333 
4096 6242211 
4096 6698070 
4096 3633606 
4096 8854841 
4096 5165492 
4096 5320386 
4096 4823122 
4096 3344502 
4096 2639209 
4096 5258153 
4096 2506216 
4096 2319252 
4096 5658030 
4096 3000633 
4096 2438363 
4096 4371117 
4096 7592771 
4096 5801834 
4096 4986288 
4096 2849180 
4096 4444364 
4096 5844119 
4096 4625015 
4096 8422261 
4096 4686144 
4096 2747830 
4096 5550234 
4096 5081930 
4096 3889242 
4096 7338741 
4096 1809966 
4096 4807628 
4096 2417209 
4096 6454065 
4096 5286151 
4096 3188559 
4096 6599092 
4096 5009345 
4096 2485636 
4096 4754636 
4096 4647266 
4096 2588124 
4096 4833631 
4096 2915313 
4096 7409839 
4096 5228558 
4096 3025429 
4096 2539451 
4096 6311344 
4096 5995805 
4096 5928790 
4096 2648549 
4096 4106985 
4096 2717092 
4096 2574969 
4096 6382889 
4096 4068841 
4096 3086075 
4096 2090864 
4096 3092707 
4096 3752183 
4096 3645085 
4096 4033156 
4096 3105927 
4096 6775905 
4096 4876258 
4096 4338363 
4096 2889125 
4096 4755844 
4096 4250739 
4096 5868340 
4096 1899370 
4096 4498662 
4096 4288234 
4096 2379070 
4096 5086685 
4096 2197227 
4096 3086604 
4096 2167677 
4096 7311432 
4096 6066917 
4096 4498010 
4096 5896661 
4096 4709636 
4096 8264237 
4096 4007384 
4096 3261629 
4096 4370969 
4096 8214156 
4096 3439285 
4096 2538565 
4096 6280996 
4096 2389084 
4096 2423900 
4096 5126583 
4096 6069841 
4096 5600490 
4096 3333693 
4096 4465770 
4096 3664407 
4096 3224213 
4096 3002191 
4096 6717783 
4096 11354752 
4096 3741949 
4096 4850907 
4096 3018417 
4096 1947364 
4096 7091915 
4096 3286520 
4096 7325052 
4096 6097709 
4096 2988356 
4096 2885337 
4096 4246910 
4096 3484236 
4096 5252436 
4096 4752156 
4096 5022965 
4096 3866612 
4096 3306654 
4096 5209676 
4096 5162075 
4096 5247885 
4096 6263944 
4096 3066263 
4096 3937952 
4096 4556552 
4096 3672961 
4096 5245473 
4096 4993780 
4096 3998373 
4096 2721215 
4096 2744504 
4096 5480292 
4096 3579629 
4096 3368796 
4096 2992775 
4096 8957089 
4096 3012559 
4096 4106565 
4096 3280037 
4096 3339173 
4096 2572957 
4096 4765914 
4096 4981411 
4096 6850170 
4096 2561151 
4096 6083604 
4096 4966131 
4096 2761092 
4096 3671381 
4096 4722756 
4096 3115324 
4096 4611581 
4096 3660545 
4096 5702651 
4096 5507648 
4096 4189069 
4096 3373796 
4096 4039092 
4096 4975898 
4096 2402376 
4096 2510660 
4096 3200398 
4096 2681053 
4096 2911002 
4096 5732388 
4096 6014791 
4096 5858527 
4096 5780633 
4096 3082811 
4096 1846390 
4096 2012706 
4096 3683641 
4096 5639475 
4096 3386537 
4096 5757972 
4096 4666715 
4096 3232603 
4096 4874169 
4096 6154071 
4096 5698612 
4096 4335337 
4096 2959827 
4096 2351501 
4096 3241646 
4096 4440646 
4096 4394220 
4096 3266474 
4096 3924521 
4096 4064343 
4096 4741425 
4096 3996732 
4096 3462780 
4096 5985007 
4096 4893352 
4096 6872183 
4096 4646389 
4096 5238533 
4096 4629066 
4096 3273431 
4096 4747051 
4096 5003161 
4096 9224814 
4096 5730971 
4096 2920872 
4096 3177727 
4096 4597794 
4096 3571615 
4096 2368152 
4096 4320753 
4096 3169952 
4096 2885201 
4096 3440108 
4096 3100462 
4096 1842249 
4096 4148987 
4096 3169842 
4096 9938285 
4096 4854464 
4096 7314010 
4096 3287684 
4096 5238631 
4096 2857942 
4096 6446082 
4096 1719718 
4096 5878221 
4096 3986353 
4096 2243750 
4096 6142161 
4096 4469905 
4096 4478674 
4096 3967836 
4096 3217099 
4096 4756918 
4096 5997918 
4096 5002990 
4096 9594127 
4096 2387975 
4096 6923292 
4096 4183658 
4096 2481577 
4096 5731438 
4096 3354007 
4096 3217864 
4096 4164460 
4096 8821656 
4096 4153668 
4096 4409096 
4096 4808980 
4096 3283597 
4096 3938756 
4096 2344368 
4096 6567401 
4096 3397857 
4096 3873678 
4096 2595647 
4096 4315927 
4096 3806710 
4096 10449854 
4096 6468607 
4096 3517598 
4096 7166454 
4096 4386176 
4096 1193147 
4096 3787681 
4096 4266098 
4096 6113953 
4096 3767161 
4096 6859526 
4096 5904498 
4096 4387097 
4096 3633614 
4096 2528894 
4096 2979959 
4096 2805771 
4096 11675816 
4096 2861935 
4096 3712577 
4096 3769562 
4096 4351830 
4096 2773474 
4096 3003226 
4096 4194516 
4096 8324727 
4096 7380725 
4096 5214549 
4096 6743993 
4096 4096624 
4096 4210718 
4096 4506004 
4096 4632309 
4096 2483394 
4096 2475476 
4096 4955574 
4096 5231814 
4096 3405875 
4096 2072446 
4096 5317518 
4096 2890102 
4096 5026928 
4096 4738448 
4096 4415585 
4096 3761900 
4096 4385191 
4096 3419603 
4096 10316312 
4096 5078259 
4096 6410614 
4096 2560999 
4096 4075266 
4096 4929539 
4096 2135041 
4096 7110305 
4096 5987165 
4096 3735711 
4096 7628555 
4096 6156702 
4096 2606034 
4096 4766539 
4096 3046917 
4096 2909190 
4096 6308042 
4096 3873876 
4096 2950415 
4096 3688634 
4096 5769297 
4096 4647552 
4096 3810822 
4096 3188475 
4096 3482963 
4096 2425973 
4096 6475766 
4096 5971753 
4096 5145161 
4096 3980497 
4096 4429273 
4096 8224531 
4096 4344299 
4096 2473472 
4096 4207896 
4096 3615279 
4096 6536639 
4096 2788974 
4096 3062276 
4096 4609130 
4096 4408913 
4096 6077642 
4096 2532935 
4096 4908512 
4096 5721791 
4096 6112795 
4096 2853239 
4096 5420226 
4096 4657537 
4096 5993529 
4096 4924386 
4096 6235720 
4096 3091102 
4096 2787717 
4096 3368042 
4096 5441323 
4096 1815779 
4096 3372518 
4096 6323989 
4096 6472044 
4096 2642801 
4096 2643767 
4096 4252660 
4096 3177170 
4096 5328407 
4096 4074432 
4096 3183483 
4096 3101515 
4096 2503173 
4096 8056546 
4096 4713554 
4096 3792617 
4096 2708790 
4096 2350446 
4096 4969826 
4096 3449974 
4096 2385218 
4096 3348150 
4096 7496355 
4096 4960544 
4096 3154987 
4096 6148256 
4096 8471818 
4096 2988865 
4096 4843563 
4096 3521931 
4096 3062651 
4096 1249286 
4096 3998898 
4096 4196613 
4096 3536416 
4096 6078565 
4096 3217903 
4096 2749469 
4096 7651341 
4096 4308707 
4096 7577904 
4096 3180663 
4096 2789910 
4096 3554953 
4096 5217476 
4096 1957226 
4096 3861432 
4096 3517763 
4096 2560973 
4096 6465089 
4096 4946926 
4096 3325161 
4096 5096975 
4096 4474266 
4096 4698073 
4096 3473988 
4096 3937214 
4096 4474805 
4096 5868684 
4096 4607054 
4096 3619459 
4096 3700951 
4096 5014897 
4096 4615435 
4096 4766814 
4096 4296883 
4096 2513338 
4096 1368247 
4096 6942463 
4096 3357827 
4096 2105940 
4096 6424706 
4096 6320521 
4096 3102024 
4096 5639332 
4096 4011770 
4096 6630440 
4096 4425943 
4096 2474802 
4096 2530969 
4096 5208374 
4096 5164565 
4096 2553546 
4096 3465682 
4096 3546144 
4096 5606249 
4096 5224728 
4096 5301675 
4096 3493128 
4096 4480654 
4096 2550041 
4096 3855679 
4096 2935710 
4096 6683104 
4096 4789136 
4096 2589789 
4096 1974485 
4096 4086351 
4096 9482974 
4096 8722182 
4096 6559512 
4096 7116299 
4096 6724085 
4096 5136500 
4096 3134187 
4096 4185119 
4096 3918524 
4096 3857905 
4096 5309080 
4096 4298261 
4096 7047847 
4096 4323061 
4096 2222656 
4096 2312646 
4096 2985179 
4096 6177272 
4096 6546919 
4096 2899080 
4096 4722049 
4096 3960008 
4096 2743736 
4096 2925725 
4096 4379412 
4096 4050547 
4096 3723247 
4096 4722161 
4096 2397258 
4096 3964920 
4096 9244543 
4096 4145524 
4096 2307531 
4096 6126380 
4096 4077030 
4096 6420608 
4096 3464482 
4096 3080481 
4096 5866182 
4096 3853805 
4096 4951814 
4096 6278928 
4096 6473289 
4096 5922145 
4096 3133125 
4096 3077690 
4096 5794271 
4096 6013470 
4096 3285531 
4096 2471984 
4096 3829970 
4096 4097204 
4096 4790616 
4096 3812343 
4096 3172237 
4096 5742501 
4096 3455344 
4096 5281070 
4096 3101459 
4096 4087693 
4096 2173218 
4096 4286872 
4096 2583710 
4096 2801847 
4096 7502833 
4096 4636247 
4096 3288492 
4096 9126727 
4096 3511090 
4096 6786530 
4096 3530883 
4096 4445616 
4096 3558913 
4096 3797464 
4096 4212462 
4096 2742418 
4096 3054830 
4096 1720228 
4096 5159169 
4096 5137881 
4096 4451464 
4096 2866223 
4096 4612383 
4096 4457906 
4096 1870468 
4096 1388305 
4096 4339457 
4096 4983043 
4096 7659321 
4096 6473492 
4096 4967328 
4096 4756952 
4096 3625643 
4096 4117250 
4096 6339797 
4096 5753540 
4096 6923512 
4096 5186302 
4096 3535850 
4096 4548099 
4096 3157000 
4096 9486020 
4096 5501184 
4096 6093324 
4096 2640685 
4096 3444488 
4096 4607038 
4096 5231988 
4096 4103179 
4096 4831916 
4096 6251547 
4096 3769047 
4096 3249800 
4096 5844966 
4096 4977138 
4096 6196544 
4096 2536820 
4096 4663634 
4096 4138557 
4096 6968789 
4096 6244402 
4096 4692830 
4096 4677441 
4096 1785274 
4096 2925859 
4096 3583024 
4096 3986366 
4096 4046678 
4096 2418853 
4096 6459088 
4096 5174212 
4096 2084220 
4096 6634760 
4096 6235095 
4096 5024486 
4096 4425012 
4096 5302827 
4096 2791543 
4096 7249458 
4096 3577519 
4096 3165065 
4096 4765956 
4096 4355995 
4096 2911709 
4096 9213092 
4096 2988904 
4096 3894315 
4096 6479307 
4096 3828083 
4096 5088317 
4096 4255282 
4096 3479001 
4096 4194558 
4096 3217158 
4096 4508325 
4096 3450403 
4096 3939342 
4096 4193781 
4096 4815666 
4096 3804231 
4096 2344571 
4096 2673690 
4096 3917081 
4096 3862127 
4096 2972105 
4096 2637595 
4096 2307212 
4096 5252694 
4096 4645045 
4096 3791551 
4096 3990354 
4096 5747926 
4096 4481782 
4096 4241255 
4096 4155849 
4096 4386791 
4096 2185159 
4096 5551108 
4096 8581548 
4096 5515038 
4096 4194609 
4096 5219951 
4096 3667929 
4096 3918921 
4096 4006540 
4096 3874911 
4096 3106187 
4096 6056117 
4096 2414204 
4096 4260901 
4096 7257862 
4096 5519391 
4096 6979493 
4096 3465309 
4096 6858475 
4096 3669741 
4096 6043603 
4096 3004027 
4096 2685772 
4096 2480750 
4096 4609934 
4096 4819797 
4096 4623036 
4096 5071876 
4096 2877203 
4096 4592955 
4096 2451823 
4096 3233678 
4096 2886182 
4096 2370905 
4096 3319631 
4096 3192779 
4096 4116915 
4096 3425174 
4096 5353119 
4096 4646218 
4096 7269430 
4096 4609345 
4096 3223018 
4096 5401002 
4096 4024257 
