4096 2828493 
4096 5199510 
4096 5348592 
4096 3063439 
4096 3375678 
4096 2852108 
4096 2874906 
4096 2853875 
4096 6184214 
4096 6973364 
4096 5203887 
4096 4691729 
4096 5087620 
4096 4653358 
4096 6277850 
4096 3738484 
4096 4571732 
4096 4388574 
4096 7217942 
4096 2761357 
4096 6074556 
4096 7999268 
4096 7153297 
4096 8772569 
4096 5252683 
4096 2563204 
4096 2802548 
4096 4965977 
4096 8640862 
4096 10531688 
4096 2877479 
4096 7523829 
4096 3966432 
4096 7245794 
4096 4566504 
4096 2900773 
4096 6569064 
4096 3107684 
4096 5331389 
4096 2060384 
4096 2620046 
4096 3399703 
4096 4122937 
4096 7181184 
4096 4645554 
4096 3921582 
4096 5348026 
4096 4000943 
4096 1257838 
4096 10411256 
4096 5655817 
4096 3389725 
4096 2132530 
4096 3602148 
4096 2247933 
4096 4505270 
4096 3252370 
4096 4795847 
4096 3416121 
4096 6002215 
4096 5357051 
4096 7429269 
4096 5296451 
4096 6067014 
4096 4921514 
4096 3830692 
4096 2692968 
4096 3471797 
4096 2321080 
4096 5276374 
4096 2836222 
4096 5409590 
4096 2288233 
4096 2842565 
4096 4584544 
4096 2527770 
4096 4574839 
4096 3901803 
4096 2915740 
4096 1940472 
4096 5748042 
4096 4590261 
4096 5314369 
4096 6648056 
4096 4787439 
4096 4162742 
4096 2302993 
4096 2419507 
4096 3196325 
4096 5388308 
4096 7410985 
4096 3739891 
4096 4295114 
4096 5516325 
4096 4993023 
4096 3434311 
4096 6356514 
4096 7326634 
4096 5028313 
4096 4325891 
4096 3710279 
4096 4370210 
4096 4823305 
4096 6510534 
4096 4003907 
4096 2948126 
4096 5123646 
4096 6117510 
4096 2711061 
4096 3501713 
4096 4839463 
4096 2425600 
4096 2625184 
4096 3889214 
4096 5479524 
4096 3008005 
4096 5551007 
4096 4172993 
4096 3819233 
4096 2768281 
4096 4378494 
4096 5747834 
4096 3269529 
4096 5334149 
4096 2609070 
4096 4358541 
4096 2736415 
4096 5863468 
4096 3781692 
4096 3803970 
4096 3917979 
4096 5743040 
4096 4096717 
4096 4133144 
4096 3269950 
4096 3127048 
4096 7008954 
4096 5214432 
4096 7324288 
4096 4054724 
4096 3435113 
4096 2583153 
4096 6808030 
4096 6274979 
4096 3289490 
4096 3394561 
4096 4162075 
4096 5459305 
4096 4630948 
4096 1874591 
4096 6957647 
4096 5835818 
4096 6615562 
4096 7513164 
4096 4439762 
4096 6216698 
4096 3716050 
4096 2594029 
4096 2536389 
4096 1883319 
4096 4510265 
4096 4362523 
4096 3288579 
4096 6536275 
4096 3884173 
4096 2088370 
4096 6938882 
4096 4269746 
4096 5912865 
4096 5468841 
4096 3091762 
4096 5819924 
4096 2694886 
4096 5161549 
4096 4598692 
4096 8301569 
4096 3958761 
4096 3995216 
4096 4569915 
4096 3439216 
4096 5043466 
4096 4240522 
4096 3095170 
4096 7568852 
4096 5074110 
4096 2225850 
4096 4939800 
4096 4480939 
4096 5287458 
4096 4446469 
4096 2588211 
4096 5263144 
4096 6479767 
4096 2996574 
4096 5487526 
4096 4599400 
4096 3485358 
4096 7938722 
4096 4950168 
4096 2027380 
4096 4229672 
4096 5507506 
4096 4431798 
4096 9511529 
4096 5772037 
4096 5913496 
4096 4185293 
4096 3941585 
4096 3182752 
4096 6492711 
4096 3214542 
4096 3221470 
4096 6246310 
4096 3252482 
4096 2806823 
4096 7186594 
4096 1505807 
4096 3141177 
4096 6159201 
4096 3058369 
4096 4304558 
4096 8801801 
4096 3652167 
4096 2533116 
4096 3979821 
4096 5373196 
4096 3717667 
4096 5717427 
4096 4857949 
4096 2913229 
4096 4684498 
4096 4923783 
4096 5002560 
4096 4391064 
4096 3623101 
4096 3890400 
4096 2784436 
4096 3228031 
4096 3134553 
4096 2336111 
4096 3549284 
4096 4373697 
4096 4635769 
4096 2523378 
4096 3279266 
4096 6429145 
4096 4546655 
4096 5914915 
4096 3056935 
4096 4218587 
4096 1770311 
4096 3517979 
4096 6272873 
4096 3974149 
4096 2392361 
4096 3659649 
4096 3203002 
4096 4064622 
4096 2374298 
4096 2824618 
4096 4471188 
4096 2230554 
4096 7821048 
4096 6295357 
4096 2250502 
4096 3556558 
4096 3086796 
4096 4059557 
4096 2519935 
4096 4710802 
4096 3965310 
4096 2202939 
4096 6203966 
4096 3197367 
4096 1927193 
4096 3107310 
4096 4377822 
4096 6982789 
4096 4638181 
4096 4630202 
4096 5153099 
4096 4606601 
4096 6818558 
4096 5008138 
4096 4546590 
4096 4412643 
4096 4004445 
4096 2194180 
4096 5034523 
4096 9105900 
4096 3829788 
4096 2948838 
4096 2312412 
4096 3386181 
4096 4735909 
4096 4088326 
4096 4228641 
4096 3368363 
4096 3677611 
4096 3747690 
4096 4935419 
4096 3282445 
4096 2529225 
4096 4536348 
4096 5997849 
4096 4949383 
4096 3253204 
4096 2733152 
4096 6251185 
4096 3908787 
4096 7918444 
4096 6278988 
4096 3552890 
4096 1781529 
4096 3797321 
4096 7293090 
4096 7425332 
4096 3479133 
4096 6015959 
4096 6798920 
4096 3643168 
4096 8919772 
4096 4865244 
4096 5577967 
4096 4334843 
4096 3719436 
4096 2474226 
4096 4722348 
4096 2380301 
4096 1940639 
4096 6231440 
4096 3125178 
4096 2315697 
4096 4031958 
4096 8688193 
4096 5227899 
4096 4294699 
4096 2740019 
4096 4378444 
4096 4808980 
4096 4813807 
4096 7251679 
4096 4120951 
4096 2561592 
4096 4954549 
4096 5811091 
4096 3655862 
4096 6663854 
4096 1526130 
4096 5558611 
4096 2467370 
4096 6688343 
4096 4569019 
4096 2989928 
4096 6578131 
4096 5044650 
4096 2240686 
4096 4540984 
4096 3836489 
4096 2736409 
4096 5114849 
4096 2905118 
4096 7138392 
4096 4020553 
4096 2659864 
4096 2310690 
4096 6650374 
4096 6018655 
4096 5226697 
4096 2706499 
4096 3982928 
4096 2814342 
4096 2756941 
4096 6163974 
4096 4776888 
4096 3453216 
4096 1998990 
4096 3102135 
4096 4404136 
4096 3443712 
4096 4052153 
4096 3096932 
4096 6118025 
4096 5427546 
4096 4188313 
4096 2713197 
4096 4429543 
4096 3506142 
4096 4492664 
4096 1835303 
4096 4506489 
4096 4226798 
4096 2303143 
4096 5987154 
4096 2055399 
4096 2990291 
4096 2280367 
4096 6313325 
4096 5780422 
4096 4434598 
4096 5374257 
4096 5079406 
4096 7391510 
4096 3601898 
4096 3159326 
4096 3816588 
4096 6908317 
4096 3416295 
4096 2502671 
4096 6340576 
4096 2350833 
4096 2595095 
4096 4016160 
4096 6025103 
4096 5320681 
4096 3230536 
4096 3624742 
4096 3329901 
4096 3068399 
4096 2867154 
4096 7093595 
4096 9314582 
4096 3126551 
4096 4699072 
4096 3225032 
4096 2137088 
4096 7158678 
4096 3043316 
4096 6369044 
4096 6243103 
4096 2808314 
4096 3644874 
4096 4324406 
4096 3355856 
4096 4019266 
4096 4716496 
4096 4700032 
4096 3976721 
4096 3083195 
4096 5854855 
4096 4865951 
4096 5145337 
4096 7191153 
4096 3167257 
4096 3647355 
4096 4683040 
4096 4678336 
4096 4999703 
4096 4987235 
4096 3912568 
4096 3342955 
4096 2581938 
4096 6474243 
4096 3667197 
4096 3355387 
4096 3044522 
4096 8177627 
4096 2817454 
4096 4345192 
4096 2702568 
4096 3198677 
4096 2485284 
4096 4191294 
4096 5594463 
4096 6453579 
4096 2714004 
4096 5024825 
4096 4974242 
4096 2740743 
4096 3399019 
4096 4652670 
4096 2306126 
4096 4630872 
4096 3476013 
4096 5721129 
4096 5495752 
4096 4658997 
4096 3644864 
4096 3743840 
4096 3878979 
4096 2280887 
4096 2339195 
4096 3208064 
4096 2407807 
4096 2864865 
4096 5763371 
4096 6275294 
4096 4763961 
4096 4701800 
4096 2817035 
4096 1523501 
4096 1957865 
4096 3472879 
4096 5006376 
4096 3192411 
4096 6179901 
4096 4991405 
4096 3118220 
4096 4371244 
4096 6323381 
4096 5445461 
4096 3585279 
4096 2770312 
4096 2123413 
4096 2942921 
4096 4136459 
4096 4475946 
4096 2509065 
4096 5071644 
4096 3998261 
4096 4750040 
4096 3245813 
4096 3709934 
4096 5403288 
4096 4643676 
4096 6331198 
4096 5337017 
4096 5275074 
4096 5184355 
4096 3145035 
4096 5138003 
4096 4597524 
4096 8357157 
4096 5705651 
4096 2938990 
4096 3480920 
4096 5241208 
4096 4191387 
4096 2333402 
4096 4204371 
4096 3248288 
4096 2940354 
4096 3279072 
4096 3033909 
4096 1691482 
4096 4220143 
4096 3248739 
4096 9111699 
4096 4762291 
4096 6541487 
4096 3335301 
4096 5889200 
4096 2976151 
4096 6128934 
4096 1643530 
4096 5009013 
4096 3813689 
4096 2213133 
4096 5951952 
4096 4324558 
4096 4393605 
4096 3641527 
4096 3124640 
4096 4560426 
4096 6197767 
4096 4539712 
4096 8868205 
4096 2368906 
4096 7037919 
4096 4256617 
4096 2538401 
4096 5350538 
4096 3477571 
4096 3195981 
4096 4110482 
4096 7980485 
4096 4156974 
4096 3983350 
4096 3961699 
4096 3488472 
4096 3699222 
4096 2375017 
4096 5505255 
4096 4195627 
4096 3835346 
4096 2545445 
4096 4231199 
4096 3692151 
4096 11300286 
4096 5734973 
4096 3303620 
4096 6574312 
4096 4527066 
4096 1090901 
4096 3760099 
4096 4563058 
4096 6173716 
4096 3810171 
4096 6657418 
4096 6155932 
4096 4353382 
4096 3357497 
4096 2516073 
4096 2917813 
4096 2829267 
4096 13271142 
4096 2652432 
4096 3792660 
4096 3571779 
4096 4240611 
4096 2666534 
4096 3799448 
4096 4400994 
4096 8789692 
4096 6957426 
4096 5420698 
4096 7604645 
4096 4276645 
4096 4724760 
4096 4686368 
4096 3902273 
4096 2706643 
4096 2377261 
4096 4642384 
4096 5215631 
4096 3354578 
4096 1978050 
4096 5250113 
4096 2977045 
4096 4753758 
4096 3738961 
4096 4531497 
4096 3683375 
4096 4434832 
4096 3376416 
4096 9558762 
4096 4892549 
4096 5976852 
4096 3373602 
4096 3793853 
4096 5052800 
4096 2106183 
4096 7447044 
4096 6411711 
4096 3717579 
4096 6271295 
4096 6726873 
4096 2575653 
4096 4062628 
4096 3349989 
4096 3023497 
4096 5739639 
4096 3428519 
4096 2936473 
4096 3459979 
4096 5773479 
4096 4154750 
4096 4227603 
4096 3313921 
4096 2910592 
4096 2012097 
4096 5760098 
4096 6497304 
4096 4930416 
4096 4184660 
4096 4189869 
4096 7535496 
4096 4201925 
4096 2347112 
4096 5000436 
4096 3190273 
4096 6684937 
4096 2480732 
4096 3087493 
4096 5427175 
4096 3683740 
4096 5838584 
4096 2578549 
4096 5792870 
4096 6415346 
4096 5026842 
4096 2944839 
4096 5258481 
4096 4095216 
4096 6190598 
4096 4615055 
4096 6538497 
4096 3033996 
4096 2734730 
4096 3378674 
4096 5198903 
4096 1832438 
4096 3107386 
4096 6403039 
4096 6004664 
4096 2583747 
4096 2672717 
4096 4443257 
4096 3234298 
4096 5858395 
4096 3219917 
4096 2983169 
4096 3312126 
4096 3186966 
4096 8373666 
4096 4390315 
4096 3473303 
4096 2474071 
4096 2266345 
4096 4653851 
4096 3112846 
4096 3108253 
4096 2979549 
4096 7557255 
4096 4800099 
4096 3250209 
4096 5679294 
4096 8593931 
4096 3131209 
4096 5599105 
4096 3295268 
4096 3127212 
4096 1289907 
4096 4186555 
4096 3872662 
4096 4261037 
4096 6335604 
4096 3335114 
4096 2682891 
4096 6580388 
4096 4110890 
4096 6608075 
4096 3119628 
4096 2311009 
4096 3556246 
4096 4530269 
4096 1957388 
4096 3749818 
4096 4326953 
4096 2529817 
4096 6582253 
4096 4843398 
4096 3101230 
4096 4858387 
4096 4605218 
4096 4441274 
4096 3460418 
4096 4127473 
4096 4761493 
4096 6471320 
4096 4895488 
4096 3482745 
4096 3681624 
4096 5481900 
4096 5147101 
4096 4611307 
4096 3314581 
4096 2315255 
4096 1338286 
4096 6686063 
4096 3175367 
4096 2098153 
4096 6948218 
4096 7164508 
4096 3139610 
4096 5767231 
4096 3277779 
4096 5904709 
4096 3661383 
4096 2581522 
4096 2477751 
4096 6019376 
4096 4694689 
4096 2567236 
4096 3521750 
4096 4241096 
4096 5264028 
4096 4687818 
4096 6429733 
4096 3455841 
4096 4501177 
4096 2524273 
4096 4299979 
4096 2869686 
4096 7253553 
4096 4364177 
4096 2602026 
4096 1907250 
4096 4042286 
4096 8827192 
4096 7446216 
4096 5647356 
4096 7020504 
4096 7333772 
4096 4069125 
4096 3038682 
4096 3656918 
4096 3828502 
4096 3927810 
4096 5659911 
4096 3214361 
4096 5937476 
4096 4501292 
4096 2231303 
4096 2322185 
4096 3041389 
4096 6285837 
4096 5639676 
4096 2900621 
4096 4376267 
4096 3886957 
4096 2826391 
4096 2793319 
4096 4508473 
4096 3955445 
4096 4022749 
4096 4555599 
4096 2994974 
4096 3892520 
4096 9600526 
4096 4310499 
4096 2134386 
4096 6036516 
4096 4036707 
4096 6152987 
4096 3405420 
4096 3144642 
4096 6373739 
4096 3918453 
4096 5012412 
4096 5963649 
4096 6462349 
4096 5965381 
4096 3091185 
4096 2997177 
4096 5467831 
4096 6320964 
4096 3207281 
4096 2116953 
4096 3843113 
4096 4000200 
4096 4654245 
4096 4797550 
4096 2988151 
4096 6604041 
4096 4306500 
4096 6060295 
4096 3140639 
4096 3856406 
4096 2260062 
4096 4065533 
4096 2663587 
4096 2739095 
4096 6619232 
4096 3759378 
4096 3220986 
4096 9289219 
4096 3577929 
4096 6501445 
4096 3368020 
4096 4448799 
4096 3184717 
4096 4495573 
4096 4125728 
4096 2632061 
4096 2924500 
4096 1756871 
4096 4720436 
4096 4214811 
4096 3618513 
4096 2877017 
4096 4652155 
4096 4592839 
4096 1801101 
4096 1264136 
4096 3868642 
4096 4857248 
4096 8451099 
4096 5969644 
4096 4579039 
4096 4968381 
4096 4585873 
4096 4211495 
4096 5390546 
4096 6697923 
4096 6478243 
4096 5007890 
4096 4273269 
4096 4592655 
4096 3163129 
4096 9460998 
4096 5731916 
4096 5541041 
4096 2572639 
4096 3564766 
4096 5013924 
4096 5469722 
4096 4290486 
4096 4243335 
4096 6653776 
4096 3705101 
4096 3308973 
4096 4998538 
4096 3845296 
4096 5035688 
4096 2452404 
4096 4771136 
4096 4306795 
4096 6847412 
4096 5026485 
4096 4727096 
4096 4858514 
4096 1953472 
4096 2793637 
4096 3490543 
4096 4027598 
4096 4059138 
4096 2271181 
4096 7611900 
4096 5039712 
4096 2058004 
4096 6306592 
4096 6216967 
4096 4463355 
4096 4240932 
4096 6234640 
4096 2780196 
4096 6639765 
4096 3530922 
4096 3573015 
4096 4455713 
4096 4022905 
4096 2822372 
4096 9312548 
4096 2353179 
4096 3947259 
4096 5757320 
4096 3538928 
4096 4775683 
4096 4343722 
4096 3365258 
4096 4904928 
4096 4331225 
4096 4548957 
4096 3348842 
4096 4615128 
4096 4282556 
4096 4607740 
4096 3741238 
4096 3148277 
4096 2661401 
4096 3698518 
4096 4386100 
4096 2816587 
4096 2471906 
4096 2230756 
4096 5823258 
4096 4489499 
4096 3896297 
4096 4061466 
4096 5902159 
4096 4590764 
4096 4380182 
4096 4193207 
4096 4489415 
4096 2128397 
4096 5271918 
4096 8575595 
4096 4960262 
4096 4391985 
4096 4978873 
4096 3717186 
4096 3872139 
4096 4023129 
4096 3741074 
4096 3010321 
4096 6192069 
4096 2462549 
4096 4148570 
4096 6873175 
4096 5454760 
4096 6405260 
4096 3914431 
4096 6735361 
4096 3714304 
4096 5629285 
4096 2828746 
4096 3318836 
4096 2277512 
4096 4398372 
4096 4158472 
4096 4724070 
4096 6096964 
4096 2883539 
4096 4382764 
4096 2069980 
4096 3249038 
4096 2918461 
4096 2450192 
4096 3281145 
4096 2548505 
4096 3848872 
4096 4119886 
4096 4842860 
4096 3706931 
4096 6346087 
4096 5482490 
4096 3356519 
4096 5171908 
4096 4476507 
