128 4993660 
128 8483536 
128 5877654 
128 3001911 
128 3556498 
128 4865758 
128 3015907 
128 4050875 
128 2904033 
128 5620084 
128 4508792 
128 5292378 
128 3517749 
128 3506575 
128 2361178 
128 3271201 
128 4151236 
128 2622996 
128 3426530 
128 2830577 
128 1992816 
128 2755006 
128 4425768 
128 5278899 
128 5052613 
128 6129537 
128 9957050 
128 5426199 
128 5554229 
128 5586382 
128 7331652 
128 4749122 
128 3567807 
128 3600523 
128 4801362 
128 2921962 
128 8039862 
128 2777980 
128 6521310 
128 4313021 
128 2015659 
128 4298459 
128 6975467 
128 3330607 
128 7046537 
128 2888585 
128 3457953 
128 6379989 
128 6969201 
128 4309384 
128 9216118 
128 5500253 
128 3879336 
128 7643423 
128 2990095 
128 5037790 
128 7014921 
128 4688667 
128 5700102 
128 3106701 
128 5367110 
128 2719840 
128 4274729 
128 8465918 
128 3512116 
128 8711012 
128 6009510 
128 6549986 
128 6815179 
128 3567862 
128 2909040 
128 5495319 
128 9437257 
128 1946252 
128 4415593 
128 3980833 
128 2968645 
128 6314243 
128 3383112 
128 6164056 
128 2753736 
128 5213287 
128 5216228 
128 3015540 
128 3171184 
128 4906244 
128 3152647 
128 5422031 
128 1680245 
128 4214724 
128 2217934 
128 2533360 
128 3785811 
128 6809773 
128 6377537 
128 3365459 
128 4158484 
128 7141992 
128 2488953 
128 4709892 
128 4869286 
128 4601499 
128 4804836 
128 5534388 
128 3127637 
128 8500115 
128 2421266 
128 5735211 
128 9957550 
128 4364341 
128 5719987 
128 6563452 
128 2178703 
128 3115190 
128 4159051 
128 1698697 
128 3881917 
128 3816038 
128 2822507 
128 4109667 
128 3918729 
128 3933699 
128 6933658 
128 4165283 
128 5193505 
128 3020960 
128 7450884 
128 6862395 
128 5679572 
128 5804077 
128 4660863 
128 7831082 
128 3403438 
128 2113169 
128 5885957 
128 3175355 
128 2717380 
128 7143329 
128 4627395 
128 11359899 
128 3824428 
128 2258654 
128 2190643 
128 4394838 
128 4977344 
128 3903992 
128 2889102 
128 4752083 
128 5852987 
128 3058503 
128 3443901 
128 4046551 
128 4094736 
128 4561991 
128 2660149 
128 3349147 
128 8873428 
128 4698573 
128 2908890 
128 7452555 
128 4919857 
128 4870200 
128 4413535 
128 1560745 
128 6172187 
128 2414800 
128 4714108 
128 4957862 
128 3045663 
128 5199454 
128 6622288 
128 4958770 
128 3719873 
128 1885979 
128 6749216 
128 3394052 
128 4292401 
128 6629491 
128 4513599 
128 2394390 
128 6086720 
128 2928903 
128 3475724 
128 3728206 
128 1968681 
128 5894816 
128 5973338 
128 2499849 
128 6457637 
128 4537070 
128 5400272 
128 4626119 
128 5466448 
128 5017977 
128 5808712 
128 5317972 
128 4599439 
128 4432873 
128 3400461 
128 3864288 
128 7666878 
128 10681069 
128 5789608 
128 3813693 
128 2810346 
128 6576524 
128 4072134 
128 3215108 
128 2849604 
128 4806655 
128 3410202 
128 4980122 
128 1819397 
128 6626560 
128 7602807 
128 4781273 
128 5460943 
128 4301011 
128 2735899 
128 3455319 
128 6644311 
128 5477820 
128 5329142 
128 7229302 
128 3125793 
128 2683272 
128 3870035 
128 3092338 
128 3054069 
128 5246646 
128 3769136 
128 2940559 
128 5963242 
128 2985133 
128 4166098 
128 3628880 
128 2871994 
128 5992611 
128 3343956 
128 3913997 
128 4712126 
128 6551271 
128 4868169 
128 4020863 
128 4186568 
128 4166772 
128 6047372 
128 3138116 
128 3495636 
128 1542138 
128 3884589 
128 6234699 
128 7105972 
128 3110253 
128 6666863 
128 4058619 
128 6153430 
128 1809335 
128 4619043 
128 4898976 
128 4886227 
128 3524487 
128 5102757 
128 6641953 
128 3977712 
128 5055905 
128 3624532 
128 2413005 
128 3228176 
128 4929250 
128 2554619 
128 9470033 
128 6904615 
128 4881795 
128 2189009 
128 4086937 
128 3409798 
128 3426203 
128 3258743 
128 5698551 
128 4379791 
128 7495400 
128 6152545 
128 5770794 
128 2751125 
128 6538897 
128 4156808 
128 5605135 
128 5995977 
128 2345004 
128 5890813 
128 3023762 
128 2564229 
128 6218627 
128 6723105 
128 5209670 
128 4711802 
128 3543815 
128 6617384 
128 2915746 
128 3739879 
128 4008640 
128 7896890 
128 6010257 
128 2033266 
128 3376252 
128 2920300 
128 1988807 
128 2981962 
128 5963319 
128 5973936 
128 2371764 
128 4800831 
128 4137891 
128 5951424 
128 6012499 
128 5108978 
128 4641078 
128 6107970 
128 2920715 
128 2746621 
128 6433948 
128 3782476 
128 3600394 
128 2847296 
128 2957690 
128 3706464 
128 7394049 
128 2140716 
128 2732482 
128 4085542 
128 2687020 
128 6905766 
128 3205962 
128 3436632 
128 4325309 
128 4711171 
128 6742306 
128 3398594 
128 5138754 
128 2393173 
128 4250283 
128 1734451 
128 5893762 
128 3310510 
128 4448703 
128 4565420 
128 5028119 
128 3849480 
128 1750365 
128 5982443 
128 3530032 
128 3766322 
128 7184196 
128 5858139 
128 5564148 
128 3038974 
128 3780760 
128 5211702 
128 5368733 
128 4677628 
128 7000685 
128 7301954 
128 3433769 
128 2794876 
128 5316453 
128 3251826 
128 4064006 
128 2646317 
128 4253402 
128 1470177 
128 3643065 
128 4604224 
128 4026009 
128 4462753 
128 4439089 
128 4339768 
128 3508542 
128 5905178 
128 4836258 
128 3106394 
128 3070642 
128 4650900 
128 2117246 
128 6401136 
128 3820676 
128 4816583 
128 3626733 
128 6383650 
128 6870594 
128 3604491 
128 2072945 
128 3945898 
128 2899168 
128 1856018 
128 5774060 
128 5319987 
128 2270551 
128 3291431 
128 4644630 
128 3845136 
128 2480079 
128 3262104 
128 4801525 
128 5112096 
128 5072083 
128 3920323 
128 2192845 
128 3002907 
128 5982054 
128 4312246 
128 4777448 
128 5954665 
128 1680831 
128 4221370 
128 3889436 
128 3591217 
128 3841794 
128 4213606 
128 5092117 
128 5120124 
128 5255649 
128 6200001 
128 7193022 
128 5745671 
128 5538318 
128 3255013 
128 3589511 
128 3846603 
128 4602254 
128 6832496 
128 4273798 
128 4473204 
128 6485290 
128 3886936 
128 4228678 
128 4618137 
128 2274278 
128 3647009 
128 2229224 
128 6721983 
128 5537618 
128 4087048 
128 2856742 
128 2300326 
128 3595149 
128 6199026 
128 7709640 
128 1525251 
128 5989326 
128 3362209 
128 3148826 
128 5969904 
128 5830135 
128 2627164 
128 3820872 
128 5553193 
128 6048894 
128 7160570 
128 2773261 
128 2758488 
128 3182465 
128 1719159 
128 3241389 
128 4265327 
128 6118869 
128 5231947 
128 4716428 
128 2467059 
128 3888915 
128 3977356 
128 6546763 
128 3999321 
128 4479010 
128 18563322 
128 2982307 
128 5257476 
128 4396516 
128 6168879 
128 4844549 
128 2408132 
128 5345717 
128 4888257 
128 3103542 
128 4488460 
128 2704699 
128 4003998 
128 2115396 
128 3779568 
128 5587753 
128 2930525 
128 2877398 
128 4876969 
128 3805958 
128 4410382 
128 3276152 
128 2243926 
128 3549273 
128 4554934 
128 3944675 
128 8250627 
128 3195387 
128 6868386 
128 3063394 
128 2858399 
128 6025344 
128 4639107 
128 6136845 
128 4749850 
128 6200842 
128 4586669 
128 4842940 
128 2097882 
128 4317820 
128 4286626 
128 4906609 
128 1197839 
128 3982428 
128 3556377 
128 3670847 
128 5939507 
128 4466775 
128 5010782 
128 2978032 
128 3456340 
128 2684871 
128 4950784 
128 3096873 
128 3577595 
128 4216052 
128 1308743 
128 2966905 
128 2881877 
128 2564364 
128 3456404 
128 2370548 
128 2359260 
128 5016771 
128 6049537 
128 7711011 
128 3168678 
128 6499921 
128 5146126 
128 3107316 
128 3150664 
128 4837038 
128 2976289 
128 3656925 
128 2155655 
128 3758093 
128 5025567 
128 2700983 
128 4608119 
128 5624943 
128 4229544 
128 5343102 
128 5170262 
128 2878361 
128 1920754 
128 5603686 
128 4686624 
128 3729998 
128 2167468 
128 8261223 
128 2294527 
128 4670535 
128 5795953 
128 2579214 
128 5997373 
128 6810289 
128 3529549 
128 4421381 
128 6173398 
128 7241734 
128 2030891 
128 4098485 
128 2614874 
128 4737469 
128 6373743 
128 6361578 
128 3045082 
128 4643372 
128 3680182 
128 4349841 
128 5766249 
128 4279254 
128 4240070 
128 7168670 
128 2233055 
128 6563075 
128 4981010 
128 4307609 
128 3323668 
128 8459378 
128 5706490 
128 4112366 
128 2535665 
128 5990569 
128 2845035 
128 3608376 
128 3334131 
128 2407576 
128 3328030 
128 6020420 
128 3433747 
128 3479377 
128 4184294 
128 5479117 
128 2444883 
128 4093065 
128 3160372 
128 4459129 
128 3545344 
128 5216920 
128 3394444 
128 4731636 
128 4001767 
128 4708616 
128 2762620 
128 3385014 
128 5400472 
128 3464607 
128 2801243 
128 5585337 
128 4280597 
128 2033886 
128 3983875 
128 2708049 
128 3400745 
128 2807469 
128 5677127 
128 3447661 
128 6485527 
128 2439436 
128 4817437 
128 7028735 
128 7166720 
128 3562683 
128 5269614 
128 6185170 
128 3866699 
128 3909795 
128 2204536 
128 5155752 
128 4591173 
128 2611652 
128 6282708 
128 3880888 
128 3097440 
128 5106881 
128 2582998 
128 3714414 
128 3407074 
128 2075574 
128 5971658 
128 5019370 
128 4744689 
128 4434499 
128 3381217 
128 3522447 
128 3244894 
128 3398674 
128 7880168 
128 4131258 
128 5350112 
128 1928459 
128 1724000 
128 4215191 
128 3412313 
128 4384046 
128 5733180 
128 3624295 
128 1850984 
128 8886925 
128 4685176 
128 2694859 
128 7262815 
128 1958937 
128 3954337 
128 5640729 
128 4947009 
128 3309090 
128 2184993 
128 4095819 
128 4298029 
128 4590190 
128 5781456 
128 9997035 
128 5138733 
128 5317836 
128 4389156 
128 6243794 
128 2943941 
128 4966023 
128 4277723 
128 3940754 
128 4701046 
128 5071609 
128 2486707 
128 4336776 
128 6899887 
128 8329738 
128 3603289 
128 5291117 
128 3190711 
128 3422162 
128 4501630 
128 1817805 
128 4148315 
128 3866907 
128 3274680 
128 4219814 
128 6896188 
128 1715120 
128 6088369 
128 3379491 
128 4653956 
128 2166308 
128 4457005 
128 4616435 
128 4991977 
128 5108879 
128 5667393 
128 2995492 
128 3408567 
128 5419159 
128 6660029 
128 3151623 
128 4231402 
128 2099660 
128 4398444 
128 1911672 
128 5131007 
128 4991185 
128 4568631 
128 4164431 
128 3403674 
128 4136627 
128 6029600 
128 3778740 
128 4570207 
128 6193095 
128 5117199 
128 2861336 
128 4931942 
128 2864832 
128 1636572 
128 2477581 
128 2508691 
128 2151403 
128 4272608 
128 4353193 
128 4617951 
128 4759262 
128 1530463 
128 4522055 
128 2804327 
128 7345547 
128 5198173 
128 5548206 
128 3063596 
128 1914201 
128 2057891 
128 4924271 
128 5815655 
128 6741352 
128 4390064 
128 2710431 
128 4697320 
128 1797932 
128 3275546 
128 3425556 
128 4249862 
128 6089705 
128 2540554 
128 3041245 
128 3463119 
128 5486071 
128 4087961 
128 3718251 
128 4729389 
128 3006423 
128 3560432 
128 5193150 
128 2718159 
128 4769445 
128 2674714 
128 2700120 
128 4673872 
128 6372018 
128 3466832 
128 1580313 
128 3795925 
128 4506240 
128 1794280 
128 5245626 
128 4771546 
128 2905924 
128 3009478 
128 5280047 
128 3328628 
128 4847661 
128 5583461 
128 2296910 
128 3720662 
128 3372041 
128 4215794 
128 1668022 
128 2944018 
128 5955524 
128 5153445 
128 2528461 
128 5052606 
128 4034652 
128 4333975 
128 2493201 
128 5374924 
128 3749577 
128 5064765 
128 4095459 
128 3014633 
128 8049317 
128 2068327 
128 3844465 
128 3548691 
128 3167122 
128 4202663 
128 4945541 
128 3434553 
128 1678859 
128 2071166 
128 7852445 
128 4771473 
128 3535812 
128 2768810 
128 5400396 
128 4397266 
128 6426140 
128 3530870 
128 4336381 
128 1813712 
128 5581426 
128 4516028 
128 4563188 
128 4849506 
128 4964677 
128 5267265 
128 3928783 
128 2771672 
128 4328048 
128 2190161 
128 2863649 
128 3153385 
128 5650354 
128 3148765 
128 2163702 
128 7349275 
128 7436483 
128 5855891 
128 3324344 
128 9101049 
128 5658599 
128 3093029 
128 4051177 
128 4433876 
128 3468627 
128 2677978 
128 4455659 
128 1693766 
128 3231642 
128 3410752 
128 7652969 
128 2576637 
128 6923807 
128 1742322 
128 5098120 
128 3551420 
128 4845526 
128 4766681 
128 3037862 
128 2560491 
128 6167897 
128 4240780 
128 3925068 
128 7739477 
128 4872708 
128 3805894 
128 4006319 
128 5594627 
128 4713957 
128 4610852 
128 3647086 
128 4790136 
128 2536463 
128 2659355 
128 2435900 
128 4520528 
128 3244624 
128 5315253 
128 4891894 
128 5701435 
128 4853486 
128 4774537 
128 5710280 
128 3395911 
128 5584809 
128 4352324 
128 3528683 
128 4869736 
128 5777548 
128 1524883 
128 3447454 
128 3805700 
128 5279702 
128 4100521 
128 2896561 
128 9901491 
128 3745729 
128 2452673 
128 4248583 
128 3601102 
128 2728011 
128 3057393 
128 3077088 
128 5103049 
128 5908628 
128 3506270 
128 3271140 
128 3510879 
128 4477486 
128 3231375 
128 4213033 
128 8751383 
128 4577661 
128 2367524 
128 5536976 
128 3499652 
128 2495460 
128 2954765 
128 3445103 
128 2535959 
128 4568018 
128 4832411 
