4096 2986694 
4096 5249235 
4096 5456831 
4096 3075333 
4096 3529867 
4096 2699007 
4096 2993726 
4096 2628039 
4096 5270847 
4096 6745153 
4096 6116922 
4096 4823456 
4096 4187768 
4096 4534018 
4096 7088183 
4096 4619366 
4096 4785622 
4096 4789265 
4096 7025381 
4096 3741561 
4096 6283639 
4096 8854392 
4096 7589257 
4096 7251231 
4096 5655837 
4096 3370954 
4096 2373201 
4096 6218132 
4096 9256206 
4096 7701510 
4096 3106962 
4096 8282711 
4096 5096251 
4096 8499157 
4096 4754884 
4096 2833259 
4096 6795754 
4096 3018093 
4096 5861618 
4096 1959435 
4096 2659668 
4096 3617671 
4096 5064371 
4096 6815959 
4096 4636408 
4096 4790162 
4096 4957863 
4096 5075874 
4096 1253092 
4096 9346381 
4096 6763841 
4096 3377153 
4096 2152120 
4096 4439622 
4096 3160512 
4096 4423821 
4096 3525035 
4096 4769758 
4096 3408277 
4096 5933884 
4096 4851756 
4096 7188348 
4096 6708694 
4096 6901228 
4096 5372389 
4096 3712062 
4096 2719088 
4096 3893795 
4096 3337200 
4096 5507080 
4096 2974784 
4096 4397180 
4096 2568694 
4096 3011336 
4096 9134882 
4096 2710721 
4096 4811490 
4096 3692766 
4096 3347246 
4096 1903909 
4096 5391988 
4096 4831624 
4096 4148826 
4096 7798519 
4096 4627833 
4096 3372346 
4096 3379376 
4096 2440207 
4096 3196544 
4096 6376968 
4096 7370123 
4096 4589559 
4096 4599519 
4096 6317822 
4096 4993298 
4096 4794665 
4096 6104527 
4096 6319567 
4096 4157197 
4096 4096780 
4096 4501678 
4096 4360271 
4096 4783512 
4096 7028825 
4096 4876270 
4096 2967825 
4096 5300614 
4096 7739035 
4096 2554308 
4096 3015369 
4096 5329519 
4096 2175328 
4096 2852549 
4096 4112210 
4096 4799406 
4096 3231299 
4096 5464194 
4096 5279453 
4096 4893355 
4096 2949333 
4096 4352682 
4096 6607098 
4096 3097760 
4096 5079790 
4096 2969904 
4096 4566139 
4096 2814142 
4096 5435487 
4096 7603595 
4096 3164792 
4096 3702294 
4096 7301142 
4096 5166551 
4096 4632798 
4096 3131343 
4096 3328057 
4096 7306291 
4096 5621239 
4096 7877016 
4096 4682702 
4096 3456360 
4096 2959074 
4096 6645821 
4096 6230725 
4096 3427655 
4096 2691144 
4096 4452474 
4096 6248746 
4096 4411022 
4096 1892295 
4096 6566585 
4096 5011447 
4096 5875254 
4096 7451991 
4096 4901519 
4096 5344049 
4096 3510884 
4096 2958563 
4096 2763661 
4096 1957858 
4096 5113168 
4096 4527918 
4096 3593060 
4096 7108634 
4096 5721101 
4096 2117611 
4096 6336055 
4096 4531605 
4096 4898353 
4096 6573416 
4096 3480900 
4096 7349261 
4096 2711134 
4096 5152345 
4096 5044137 
4096 8142272 
4096 4649836 
4096 4691886 
4096 6964347 
4096 3487270 
4096 3955915 
4096 5614677 
4096 3486311 
4096 6525300 
4096 4129237 
4096 2777697 
4096 4615157 
4096 5300373 
4096 6658815 
4096 4124596 
4096 2637132 
4096 5289148 
4096 5989183 
4096 2011323 
4096 6393535 
4096 4969591 
4096 3669505 
4096 6892182 
4096 5575893 
4096 2107020 
4096 5293647 
4096 4478756 
4096 5713375 
4096 4336565 
4096 6512424 
4096 4846554 
4096 3842783 
4096 4673401 
4096 3065341 
4096 6972071 
4096 3143561 
4096 3599410 
4096 7514170 
4096 3212773 
4096 2704179 
4096 7635217 
4096 2664848 
4096 3506217 
4096 6961673 
4096 2970899 
4096 4199066 
4096 7999193 
4096 4892997 
4096 3659547 
4096 4117403 
4096 4246722 
4096 4244316 
4096 6664473 
4096 5498379 
4096 2886168 
4096 4784505 
4096 4968708 
4096 5401073 
4096 5603997 
4096 4795110 
4096 3534760 
4096 2936452 
4096 3388107 
4096 3504788 
4096 2467516 
4096 3625589 
4096 4553935 
4096 5435630 
4096 2907970 
4096 3001387 
4096 7058153 
4096 4516306 
4096 5271216 
4096 3551402 
4096 4772274 
4096 2056962 
4096 3493396 
4096 5316528 
4096 4930613 
4096 3284121 
4096 3813525 
4096 3281565 
4096 4922753 
4096 2774284 
4096 4046540 
4096 3612951 
4096 2861509 
4096 8059881 
4096 5882727 
4096 3250174 
4096 4856756 
4096 3068540 
4096 4521181 
4096 2703834 
4096 5268572 
4096 4709301 
4096 3240298 
4096 6742179 
4096 3917637 
4096 2028515 
4096 3001838 
4096 4667659 
4096 7429621 
4096 5241565 
4096 4973057 
4096 4903429 
4096 4895632 
4096 5771888 
4096 6107368 
4096 5020247 
4096 5003271 
4096 4373274 
4096 2963033 
4096 6004253 
4096 8599583 
4096 4613101 
4096 3126666 
4096 2291592 
4096 3341825 
4096 5229899 
4096 3398285 
4096 4968013 
4096 3592609 
4096 4651268 
4096 5102507 
4096 5923390 
4096 3500385 
4096 3104609 
4096 4203057 
4096 5936407 
4096 4625849 
4096 3512646 
4096 3227673 
4096 6826368 
4096 4178261 
4096 9690945 
4096 6270422 
4096 4524443 
4096 1768779 
4096 3900790 
4096 7593498 
4096 6974752 
4096 3070478 
4096 6438153 
4096 6785437 
4096 3741997 
4096 9792154 
4096 5043806 
4096 5063754 
4096 4198506 
4096 3311701 
4096 2384905 
4096 5081728 
4096 3294361 
4096 1984378 
4096 5831733 
4096 3312916 
4096 2575831 
4096 4938139 
4096 9100767 
4096 5145694 
4096 5192652 
4096 3064913 
4096 5075492 
4096 5086642 
4096 4771449 
4096 8562224 
4096 4299431 
4096 2559288 
4096 5292199 
4096 4981954 
4096 4502958 
4096 6301734 
4096 1604159 
4096 4913846 
4096 2977635 
4096 6791587 
4096 4697599 
4096 2948397 
4096 6590455 
4096 5462049 
4096 3421463 
4096 5073172 
4096 4697394 
4096 2944815 
4096 4750424 
4096 2882560 
4096 7296360 
4096 5294349 
4096 2583689 
4096 2650747 
4096 6894356 
4096 5485303 
4096 5160613 
4096 2731053 
4096 4365771 
4096 2963640 
4096 3091492 
4096 6575390 
4096 4294233 
4096 3341420 
4096 2420214 
4096 3057259 
4096 3910998 
4096 3335739 
4096 3967152 
4096 3614088 
4096 7427430 
4096 4119092 
4096 4799345 
4096 3226447 
4096 4351977 
4096 3507834 
4096 4702099 
4096 2185228 
4096 4434143 
4096 5395842 
4096 2160691 
4096 4829076 
4096 1936205 
4096 3177475 
4096 3075506 
4096 6125976 
4096 6506113 
4096 4116771 
4096 5253182 
4096 4863157 
4096 8287355 
4096 4104406 
4096 3504762 
4096 3787396 
4096 7706278 
4096 3881350 
4096 2767151 
4096 6025057 
4096 3357426 
4096 2693004 
4096 4460202 
4096 5282129 
4096 5749538 
4096 3503346 
4096 3775046 
4096 3475328 
4096 3637509 
4096 3066617 
4096 6192832 
4096 9955858 
4096 2921724 
4096 4767850 
4096 3350232 
4096 2400464 
4096 7432740 
4096 3226511 
4096 7179896 
4096 5437511 
4096 3011734 
4096 2869874 
4096 4264527 
4096 3303948 
4096 4239153 
4096 5028139 
4096 4887673 
4096 5043609 
4096 3442565 
4096 5822452 
4096 4795957 
4096 5685912 
4096 6656750 
4096 3075607 
4096 4103874 
4096 4666324 
4096 4985384 
4096 5573158 
4096 5464869 
4096 3770939 
4096 2539500 
4096 2813069 
4096 6273841 
4096 3722559 
4096 3639438 
4096 2843237 
4096 8171195 
4096 2771677 
4096 4664476 
4096 3321012 
4096 3543712 
4096 2610884 
4096 4615681 
4096 5178425 
4096 6243725 
4096 2680606 
4096 5009485 
4096 5323499 
4096 2668314 
4096 3774672 
4096 3706162 
4096 2857076 
4096 5608787 
4096 3731909 
4096 7037624 
4096 5334556 
4096 3608896 
4096 3705465 
4096 4920111 
4096 4831928 
4096 2558941 
4096 2585392 
4096 3351028 
4096 3057961 
4096 2943640 
4096 6919214 
4096 7253417 
4096 5591376 
4096 4788185 
4096 3406357 
4096 1491999 
4096 2150393 
4096 3952438 
4096 5635273 
4096 3240171 
4096 5145639 
4096 4601372 
4096 3345831 
4096 4845762 
4096 5707627 
4096 7044046 
4096 5089094 
4096 3123251 
4096 3791067 
4096 2828639 
4096 4321733 
4096 4172900 
4096 3637648 
4096 4489741 
4096 4856057 
4096 4757184 
4096 3719476 
4096 4664477 
4096 5089948 
4096 3669642 
4096 5545742 
4096 4952999 
4096 5527383 
4096 4660925 
4096 3857029 
4096 5612819 
4096 6021441 
4096 9154703 
4096 6585713 
4096 2765533 
4096 4227454 
4096 4957963 
4096 3740309 
4096 2641247 
4096 4941103 
4096 3345818 
4096 2446808 
4096 3367018 
4096 3260999 
4096 2073400 
4096 5268267 
4096 3387198 
4096 9892801 
4096 5131774 
4096 6514868 
4096 3515315 
4096 4899450 
4096 2903716 
4096 6845878 
4096 1668384 
4096 6517475 
4096 3777236 
4096 2753116 
4096 6484088 
4096 4701970 
4096 4232889 
4096 4275335 
4096 3077595 
4096 4944348 
4096 6760348 
4096 5688011 
4096 9971165 
4096 2484395 
4096 7337692 
4096 3919873 
4096 3360267 
4096 5706339 
4096 3703085 
4096 4182940 
4096 5384571 
4096 8234012 
4096 4462646 
4096 4467732 
4096 5409339 
4096 3386344 
4096 3939529 
4096 2269179 
4096 6547579 
4096 3910760 
4096 4019265 
4096 2597404 
4096 4319029 
4096 4875776 
4096 12172670 
4096 6389421 
4096 3674956 
4096 6492425 
4096 3390040 
4096 1112425 
4096 3954871 
4096 4211621 
4096 5768289 
4096 4119351 
4096 6724196 
4096 5020597 
4096 5791808 
4096 3829954 
4096 2440794 
4096 3491254 
4096 3060903 
4096 13147334 
4096 3000406 
4096 4885556 
4096 4012477 
4096 4135188 
4096 2978484 
4096 3323455 
4096 4830607 
4096 8357458 
4096 7576635 
4096 5029700 
4096 6607715 
4096 4727711 
4096 5217331 
4096 4625478 
4096 4854072 
4096 2508950 
4096 2679516 
4096 4931034 
4096 5403500 
4096 3270834 
4096 2042768 
4096 5506030 
4096 2988975 
4096 5227377 
4096 5173502 
4096 4926146 
4096 4195683 
4096 4634243 
4096 3635772 
4096 10278416 
4096 4971369 
4096 7097761 
4096 2592465 
4096 3843397 
4096 4849715 
4096 2304591 
4096 7437627 
4096 6685892 
4096 3238655 
4096 7016795 
4096 5815508 
4096 2779897 
4096 4369289 
4096 3778467 
4096 3352896 
4096 6025387 
4096 3776765 
4096 3192480 
4096 3759765 
4096 5016500 
4096 3863658 
4096 3250569 
4096 3129329 
4096 2864066 
4096 2159387 
4096 5886980 
4096 5870894 
4096 4656100 
4096 4546798 
4096 4857131 
4096 7891505 
4096 4303884 
4096 2631027 
4096 4104999 
4096 6014037 
4096 5689674 
4096 2820270 
4096 3296836 
4096 4486991 
4096 3694883 
4096 6200735 
4096 2818655 
4096 5055468 
4096 6256185 
4096 5417424 
4096 3161062 
4096 5898873 
4096 4469529 
4096 7800157 
4096 5647511 
4096 6335934 
4096 2889876 
4096 2877711 
4096 3138004 
4096 5726444 
4096 1977671 
4096 3168234 
4096 6995582 
4096 5081920 
4096 3277625 
4096 2996695 
4096 4256387 
4096 3691059 
4096 5149335 
4096 3638017 
4096 3242245 
4096 4006714 
4096 2284745 
4096 8565377 
4096 4535541 
4096 3995392 
4096 2715807 
4096 2394878 
4096 4120884 
4096 3723346 
4096 2258754 
4096 3280866 
4096 8116320 
4096 5572876 
4096 3603845 
4096 5733174 
4096 7104311 
4096 3003145 
4096 5805653 
4096 3414371 
4096 3222686 
4096 1225764 
4096 4722917 
4096 4527074 
4096 3594226 
4096 5530952 
4096 3856013 
4096 2838855 
4096 6345032 
4096 5043823 
4096 7324331 
4096 3643538 
4096 2251311 
4096 3762097 
4096 5458953 
4096 2053514 
4096 4124698 
4096 3750915 
4096 2493757 
4096 5517193 
4096 4817942 
4096 3481458 
4096 5622761 
4096 4973651 
4096 4387045 
4096 3565060 
4096 4993888 
4096 5819326 
4096 6193259 
4096 5148416 
4096 3441469 
4096 3983630 
4096 5823604 
4096 4494791 
4096 5258410 
4096 3651974 
4096 2162972 
4096 1353456 
4096 6626945 
4096 3662449 
4096 2571293 
4096 6850788 
4096 7049045 
4096 3408012 
4096 6698539 
4096 3227545 
4096 7938331 
4096 4289597 
4096 2766505 
4096 2768486 
4096 6342826 
4096 5395910 
4096 3471397 
4096 5031051 
4096 4278852 
4096 5547375 
4096 4617053 
4096 6241911 
4096 3463404 
4096 4448348 
4096 2547847 
4096 4211898 
4096 2871396 
4096 7603231 
4096 5275773 
4096 2887127 
4096 1887335 
4096 4568475 
4096 9048019 
4096 11556181 
4096 7279049 
4096 6768668 
4096 6369615 
4096 4438719 
4096 4052677 
4096 4323004 
4096 4228250 
4096 4634806 
4096 6270783 
4096 3304393 
4096 6029631 
4096 4243957 
4096 2417720 
4096 2322783 
4096 3316262 
4096 7062353 
4096 5753203 
4096 2781372 
4096 4118623 
4096 4276217 
4096 3109941 
4096 3544799 
4096 5200366 
4096 5176690 
4096 3737002 
4096 5394305 
4096 2501285 
4096 3825174 
4096 8810883 
4096 5746933 
4096 2119406 
4096 5796991 
4096 4873157 
4096 6432682 
4096 4184279 
4096 3170729 
4096 7213393 
4096 4297237 
4096 5144034 
4096 7137701 
4096 7006788 
4096 7471637 
4096 3452857 
4096 3315342 
4096 6268336 
4096 7051603 
4096 3554158 
4096 2481137 
4096 3906699 
4096 4313310 
4096 5287072 
4096 4096101 
4096 3885211 
4096 6602937 
4096 4241841 
4096 5312652 
4096 2995632 
4096 3915066 
4096 2199866 
4096 3987744 
4096 2936957 
4096 2528530 
4096 9087559 
4096 4545332 
4096 3361492 
4096 8929523 
4096 3821982 
4096 7462025 
4096 3982591 
4096 5254685 
4096 3081059 
4096 3590549 
4096 3959255 
4096 2913344 
4096 2888787 
4096 1926418 
4096 4590619 
4096 4203061 
4096 4217560 
4096 2991556 
4096 5242524 
4096 4484654 
4096 1775742 
4096 1285393 
4096 3783885 
4096 4999621 
4096 7326972 
4096 6531789 
4096 5090665 
4096 4876341 
4096 4106093 
4096 4122928 
4096 6404430 
4096 5668515 
4096 6572399 
4096 5443349 
4096 3843354 
4096 5248111 
4096 3872530 
4096 10217212 
4096 6430924 
4096 6477382 
4096 3431530 
4096 3675755 
4096 5122176 
4096 6332402 
4096 4411156 
4096 4796964 
4096 5955486 
4096 5002795 
4096 3784788 
4096 5620665 
4096 4841624 
4096 5757533 
4096 2651839 
4096 4806869 
4096 5032760 
4096 5678788 
4096 5754196 
4096 5218080 
4096 4754817 
4096 1874230 
4096 2814880 
4096 3974275 
4096 4568880 
4096 5046227 
4096 2767198 
4096 6231711 
4096 5980164 
4096 2342540 
4096 6756047 
4096 6676058 
4096 4276393 
4096 4227392 
4096 6091140 
4096 3116037 
4096 7184822 
4096 3918174 
4096 3483154 
4096 4428066 
4096 5369243 
4096 3248232 
4096 9965990 
4096 2767322 
4096 4622838 
4096 6310256 
4096 4099040 
4096 4577539 
4096 5322450 
4096 3775159 
4096 4389027 
4096 3431600 
4096 4328995 
4096 4227545 
4096 4572111 
4096 4119531 
4096 5406097 
4096 4679357 
4096 3233634 
4096 3380116 
4096 3977416 
4096 3310669 
4096 3113698 
4096 3310287 
4096 2755693 
4096 5816880 
4096 5028893 
4096 4347329 
4096 4668329 
4096 7207904 
4096 4896249 
4096 4267105 
4096 4608398 
4096 4304930 
4096 2727719 
4096 5558179 
4096 7743394 
4096 5166059 
4096 4381510 
4096 5739824 
4096 3668561 
4096 4382999 
4096 3941986 
4096 4302670 
4096 3656021 
4096 6807824 
4096 2733535 
4096 4104910 
4096 7788929 
4096 6534419 
4096 7812911 
4096 3613321 
4096 7474466 
4096 4729901 
4096 5742997 
4096 3181714 
4096 3556543 
4096 3040291 
4096 4403334 
4096 4317752 
4096 5343416 
4096 6597566 
4096 3263385 
4096 4684220 
4096 2630589 
4096 3693511 
4096 3360938 
4096 2482089 
4096 4423915 
4096 2924807 
4096 4851470 
4096 3194444 
4096 6651444 
4096 3678708 
4096 7131358 
4096 5179336 
4096 3230177 
4096 5783451 
4096 4080805 
