256 2777909 
256 5216722 
256 5308601 
256 3007825 
256 3651491 
256 2765605 
256 2801823 
256 2679359 
256 4996802 
256 6937058 
256 5601117 
256 5253544 
256 4328817 
256 3639159 
256 7262367 
256 4204909 
256 4726399 
256 4435988 
256 7362814 
256 3343711 
256 6793815 
256 9019435 
256 7038578 
256 6896812 
256 5306158 
256 2968201 
256 2347927 
256 5718603 
256 8320843 
256 7254479 
256 3007919 
256 8371470 
256 4328769 
256 8375448 
256 4675903 
256 2869894 
256 6841717 
256 3074204 
256 5347628 
256 2010805 
256 2531746 
256 3658238 
256 5267266 
256 6709888 
256 4213998 
256 4786060 
256 5102365 
256 4705166 
256 1149649 
256 10022413 
256 6426943 
256 2681977 
256 2213033 
256 3862148 
256 2897400 
256 4434557 
256 7782983 
256 4657637 
256 2938207 
256 5972076 
256 4445745 
256 7087341 
256 6297191 
256 7007578 
256 4980321 
256 3831448 
256 2779102 
256 3631617 
256 2236580 
256 4952116 
256 2928387 
256 4189721 
256 2433426 
256 2632904 
256 3906634 
256 2407680 
256 3831767 
256 3871191 
256 2846476 
256 1871372 
256 4865644 
256 5099331 
256 4586453 
256 7108635 
256 4239121 
256 3611634 
256 3024683 
256 2854844 
256 3161139 
256 6421209 
256 6489919 
256 3873012 
256 4251902 
256 5818687 
256 4649101 
256 3398882 
256 6213205 
256 6351294 
256 4963900 
256 4227629 
256 3792237 
256 4327237 
256 5610421 
256 7125957 
256 3508942 
256 3438370 
256 5067965 
256 6161565 
256 2737065 
256 2746954 
256 5152472 
256 2370678 
256 2648907 
256 4418180 
256 5010733 
256 3200736 
256 8807559 
256 5113679 
256 4673604 
256 3069000 
256 4700169 
256 10154190 
256 3331800 
256 5315630 
256 3209501 
256 4282762 
256 2886771 
256 5059342 
256 3338416 
256 3383285 
256 3611282 
256 6429188 
256 4900581 
256 4659626 
256 3561301 
256 3181253 
256 6253771 
256 5204277 
256 8309802 
256 4158155 
256 3430010 
256 2964124 
256 7225428 
256 6564815 
256 3500476 
256 2503921 
256 4434621 
256 6221154 
256 4620393 
256 1890381 
256 6089236 
256 5202161 
256 5330294 
256 7224101 
256 4596069 
256 5096046 
256 3228879 
256 2810841 
256 3093751 
256 1995991 
256 3618641 
256 5199843 
256 3401333 
256 5859336 
256 4599461 
256 2077285 
256 6384727 
256 5172075 
256 6324241 
256 5978424 
256 3274488 
256 5804330 
256 3237812 
256 5379615 
256 4385547 
256 6924767 
256 4368376 
256 4886670 
256 4609342 
256 3507357 
256 3851947 
256 4805800 
256 3407952 
256 6704792 
256 4355806 
256 2769311 
256 4541591 
256 4995524 
256 5734858 
256 4353499 
256 2917093 
256 5060472 
256 5463307 
256 2207032 
256 5234844 
256 5869050 
256 3656104 
256 6746722 
256 5336847 
256 2022918 
256 3870216 
256 4780523 
256 4392934 
256 3948808 
256 6909468 
256 4732074 
256 3485505 
256 4832830 
256 3143314 
256 6618949 
256 3094429 
256 3157942 
256 6953421 
256 3309650 
256 2604963 
256 7334340 
256 1474271 
256 3304051 
256 7037954 
256 3149215 
256 4423330 
256 8659021 
256 3706383 
256 2763338 
256 3772215 
256 4818442 
256 3746995 
256 6864096 
256 6317741 
256 2996993 
256 4698668 
256 5102344 
256 5726872 
256 5193967 
256 4383974 
256 3804793 
256 2706058 
256 2957875 
256 3331339 
256 2303135 
256 3255004 
256 4786044 
256 5838716 
256 2356113 
256 3131746 
256 6704456 
256 4663827 
256 5682830 
256 3131765 
256 4791995 
256 2081768 
256 4508420 
256 5644795 
256 4280159 
256 2748612 
256 3635743 
256 3170306 
256 4772608 
256 2404023 
256 3082099 
256 3640338 
256 2549156 
256 7668696 
256 6461864 
256 2543801 
256 4170171 
256 3744862 
256 3961656 
256 2629955 
256 4429453 
256 4131688 
256 2542872 
256 5983300 
256 3235193 
256 1902649 
256 2978238 
256 4419458 
256 6547799 
256 4447163 
256 4614097 
256 5011945 
256 4787276 
256 6549777 
256 4613636 
256 4594808 
256 4344270 
256 4245780 
256 2182420 
256 5750775 
256 8631782 
256 3702576 
256 3052041 
256 2752179 
256 4149946 
256 5123771 
256 3322201 
256 5189991 
256 3364488 
256 5006978 
256 4573632 
256 5256406 
256 3471349 
256 2635983 
256 4298703 
256 6476675 
256 4618724 
256 3790173 
256 2767461 
256 6059284 
256 4028447 
256 7709607 
256 6661483 
256 3509946 
256 1867155 
256 4016560 
256 7716595 
256 6577269 
256 3341444 
256 6026878 
256 5339554 
256 3900691 
256 8725026 
256 5621124 
256 4842819 
256 4444265 
256 2899709 
256 2500399 
256 4656560 
256 2657797 
256 1896152 
256 5753592 
256 2938432 
256 2344208 
256 5189381 
256 8493954 
256 4929691 
256 4155975 
256 3248373 
256 4481641 
256 4755048 
256 4849847 
256 8037516 
256 4885506 
256 2757730 
256 4809062 
256 4905905 
256 3630385 
256 6240393 
256 1414348 
256 4516764 
256 2363505 
256 6412341 
256 4654215 
256 2836287 
256 6799418 
256 5218594 
256 2758724 
256 4392783 
256 4808293 
256 3253048 
256 4363531 
256 2950768 
256 7086083 
256 7128012 
256 2479634 
256 2841697 
256 7432079 
256 6178061 
256 4894540 
256 3032985 
256 4045369 
256 2960205 
256 2789357 
256 6124509 
256 4122002 
256 2985337 
256 2229009 
256 3024873 
256 3739284 
256 3627462 
256 4025971 
256 3209478 
256 7274537 
256 5318801 
256 4517593 
256 2673561 
256 4803999 
256 4090459 
256 5381180 
256 1794757 
256 4101485 
256 4346535 
256 2829526 
256 5131994 
256 2003405 
256 3000395 
256 2431753 
256 6254547 
256 7429853 
256 4098301 
256 4969272 
256 4834779 
256 8098848 
256 3792432 
256 3114124 
256 3905106 
256 7685907 
256 3539602 
256 2940168 
256 5960779 
256 2716400 
256 2335547 
256 5123205 
256 4918979 
256 5137192 
256 3243575 
256 3872674 
256 3495075 
256 3921566 
256 2856598 
256 6211838 
256 9850829 
256 3227974 
256 5395589 
256 3331095 
256 2288247 
256 6940918 
256 3240902 
256 6682176 
256 6116934 
256 2866987 
256 2620373 
256 3646798 
256 3529980 
256 4983688 
256 4377375 
256 4575909 
256 4349377 
256 3051258 
256 5915714 
256 5064786 
256 5732824 
256 6877609 
256 3076573 
256 4550873 
256 4845276 
256 4921027 
256 5435070 
256 5314548 
256 4669395 
256 3618520 
256 2668259 
256 5086232 
256 3626855 
256 3345658 
256 3111307 
256 7880374 
256 3078224 
256 4350543 
256 2837255 
256 3515200 
256 2790212 
256 4082443 
256 4902588 
256 6663293 
256 3059683 
256 5619549 
256 5347477 
256 2691900 
256 3558122 
256 3647250 
256 2399662 
256 4378709 
256 3183007 
256 5785312 
256 5405796 
256 3640845 
256 3320776 
256 3607655 
256 3825881 
256 2884619 
256 2531150 
256 3270740 
256 2499815 
256 3042711 
256 6052674 
256 7118697 
256 4668557 
256 4958277 
256 2859329 
256 1440984 
256 1966302 
256 3555677 
256 5231270 
256 3095307 
256 5425596 
256 4020337 
256 2954599 
256 4592886 
256 5958263 
256 5648160 
256 3590818 
256 2976224 
256 2257943 
256 3173603 
256 4347064 
256 4368502 
256 3111691 
256 3826105 
256 4103693 
256 4695797 
256 3466182 
256 3959522 
256 5829747 
256 3620790 
256 5613840 
256 4566618 
256 5464824 
256 4244690 
256 3503430 
256 5009193 
256 5039443 
256 9239838 
256 6707807 
256 2957150 
256 3152261 
256 4174725 
256 3627531 
256 2448122 
256 4626022 
256 3258384 
256 2532563 
256 3465686 
256 3071681 
256 1801469 
256 4215817 
256 3425612 
256 8726633 
256 5324789 
256 7703210 
256 3362333 
256 5164233 
256 3073779 
256 7360997 
256 1914463 
256 5229608 
256 3991639 
256 2280024 
256 6231113 
256 5311437 
256 4153353 
256 4587027 
256 3187441 
256 5124922 
256 6345812 
256 4522474 
256 8485094 
256 2847829 
256 6902176 
256 4179365 
256 3197632 
256 5452383 
256 3534809 
256 3313135 
256 4698050 
256 8219903 
256 4973176 
256 3812548 
256 5062076 
256 3470421 
256 4149673 
256 2546030 
256 5874146 
256 3529231 
256 3834703 
256 2652910 
256 4551174 
256 4543654 
256 10504563 
256 5991742 
256 3440739 
256 6571191 
256 3690721 
256 1174151 
256 4272832 
256 4403989 
256 5915192 
256 3678064 
256 7387804 
256 5070539 
256 4491215 
256 3649813 
256 2847448 
256 3382910 
256 2907241 
256 10658545 
256 2813427 
256 4595414 
256 3615166 
256 4591847 
256 2544239 
256 3090626 
256 4573456 
256 7544938 
256 7105371 
256 5545942 
256 6536437 
256 4105712 
256 3965004 
256 4621667 
256 3952063 
256 3094709 
256 2933916 
256 5529941 
256 5623840 
256 3205085 
256 1961972 
256 5069129 
256 3070860 
256 5019552 
256 3629549 
256 5115297 
256 4168375 
256 4339058 
256 3810467 
256 9588736 
256 4623874 
256 6189073 
256 2712351 
256 3961732 
256 5598881 
256 2379139 
256 7664125 
256 6353808 
256 3499818 
256 6784038 
256 5833387 
256 2563444 
256 4819523 
256 2910369 
256 2896040 
256 5414451 
256 4425633 
256 2880538 
256 3466577 
256 5141415 
256 4683963 
256 3208852 
256 3925118 
256 3344030 
256 2455600 
256 6238248 
256 6392323 
256 5078222 
256 3930932 
256 4661792 
256 7176117 
256 4483087 
256 2690445 
256 4118967 
256 3013353 
256 6543814 
256 2719396 
256 3077281 
256 5143449 
256 3636570 
256 6446869 
256 2867840 
256 5155393 
256 6093483 
256 5202485 
256 3055771 
256 5365356 
256 4227172 
256 6330887 
256 4923606 
256 6508541 
256 3234208 
256 3051785 
256 3343354 
256 5348592 
256 1854074 
256 3127420 
256 6358674 
256 5644888 
256 2542076 
256 3265522 
256 4278182 
256 3187876 
256 5763005 
256 3191507 
256 2945786 
256 3274231 
256 2207783 
256 7756257 
256 4607185 
256 3413269 
256 3047964 
256 2420299 
256 3973349 
256 3364688 
256 2424768 
256 3180872 
256 6779263 
256 5454513 
256 3244797 
256 6889013 
256 7349723 
256 3293012 
256 5119899 
256 3522336 
256 3298288 
256 1257998 
256 4562841 
256 4160889 
256 4263333 
256 6026305 
256 3116836 
256 2744169 
256 7038961 
256 4253198 
256 7095739 
256 3073440 
256 2452904 
256 4438471 
256 5100167 
256 2048980 
256 3638192 
256 3572900 
256 2423261 
256 5742339 
256 5828507 
256 3240864 
256 4983331 
256 4568911 
256 4649169 
256 3717493 
256 4806772 
256 5363105 
256 5966755 
256 4868916 
256 4008331 
256 4132932 
256 5336964 
256 4459633 
256 4360591 
256 3491737 
256 2319782 
256 1659933 
256 5663488 
256 3217875 
256 2538942 
256 6420945 
256 6579356 
256 2931412 
256 6548316 
256 3104919 
256 7069845 
256 3730054 
256 2716754 
256 2747184 
256 5412553 
256 4667006 
256 2537862 
256 4454317 
256 3559502 
256 6217825 
256 4498018 
256 5393777 
256 3532638 
256 4331499 
256 2918271 
256 3727112 
256 2769622 
256 6124122 
256 4355279 
256 2963879 
256 2117930 
256 4081822 
256 8106580 
256 7837949 
256 6756768 
256 6925261 
256 6647889 
256 3920369 
256 3182275 
256 3946813 
256 3742683 
256 4555030 
256 4848070 
256 3422309 
256 5745298 
256 4232179 
256 2128120 
256 2375756 
256 3119478 
256 6473583 
256 5715583 
256 2708433 
256 4360796 
256 4006219 
256 2633350 
256 3169946 
256 4895312 
256 3983125 
256 3601399 
256 5143695 
256 2205385 
256 4108828 
256 9059332 
256 4207460 
256 2224667 
256 6125363 
256 4344333 
256 6251536 
256 3455449 
256 2996148 
256 7099036 
256 4598813 
256 4498425 
256 5433603 
256 6497642 
256 6645518 
256 2956370 
256 3157921 
256 6316718 
256 7607410 
256 3300129 
256 2166122 
256 3951840 
256 4663871 
256 5166237 
256 4201378 
256 3191565 
256 6260618 
256 3444440 
256 5370621 
256 3249787 
256 4019938 
256 2623157 
256 4099956 
256 2606941 
256 2818952 
256 6479073 
256 4874004 
256 2873925 
256 7997278 
256 3894728 
256 6617540 
256 3558634 
256 4122297 
256 2929147 
256 3794726 
256 4076948 
256 2591000 
256 2971813 
256 1786812 
256 4460549 
256 5009006 
256 3969378 
256 2847758 
256 5042226 
256 4451619 
256 2061891 
256 1341195 
256 3768294 
256 5684720 
256 7992055 
256 6664972 
256 4455191 
256 5614578 
256 3489342 
256 4172797 
256 6338001 
256 5531632 
256 5988049 
256 4511780 
256 3943393 
256 4842786 
256 3419215 
256 9855589 
256 5426786 
256 5729094 
256 2901632 
256 3816927 
256 5004933 
256 5488727 
256 3402481 
256 4200884 
256 6131146 
256 3851302 
256 3368068 
256 5163362 
256 4137503 
256 5190280 
256 2206546 
256 5430040 
256 3994239 
256 6667448 
256 5012019 
256 4642960 
256 4865368 
256 1851947 
256 2922576 
256 3942098 
256 4767928 
256 4832465 
256 2420738 
256 6556662 
256 5117387 
256 2166780 
256 6411751 
256 6002841 
256 5000530 
256 4575279 
256 5359594 
256 2587705 
256 7204295 
256 3432594 
256 3375654 
256 4479690 
256 4983638 
256 2718201 
256 8533093 
256 2562929 
256 4486347 
256 6288014 
256 3708742 
256 4532953 
256 5233096 
256 3182494 
256 4193545 
256 3468590 
256 4164975 
256 3209049 
256 4128485 
256 4058417 
256 4850254 
256 3852694 
256 2829627 
256 2412848 
256 3983449 
256 4008329 
256 2786419 
256 2535037 
256 2133308 
256 5799399 
256 4419483 
256 3649460 
256 4442137 
256 6517129 
256 4549335 
256 4614997 
256 4465098 
256 4292890 
256 2290840 
256 5045384 
256 8901552 
256 5404854 
256 4033059 
256 4806615 
256 4016266 
256 3876917 
256 3847371 
256 3931292 
256 2978914 
256 5914679 
256 2508496 
256 4010089 
256 6926503 
256 6116241 
256 7185186 
256 3394717 
256 6956914 
256 4184827 
256 5530168 
256 3116944 
256 2607504 
256 2404041 
256 5144991 
256 4772747 
256 4835187 
256 5414637 
256 2976080 
256 4222016 
256 2236081 
256 3190800 
256 2975268 
256 2564380 
256 3098364 
256 2459266 
256 3929741 
256 3205363 
256 5741544 
256 3647717 
256 5973091 
256 4678065 
256 3672161 
256 5073532 
256 3857266 
