256 2925950 
256 5205786 
256 4817137 
256 3009608 
256 3381800 
256 2722773 
256 2850553 
256 2627705 
256 5160447 
256 6489545 
256 6024549 
256 5016653 
256 4632438 
256 4614018 
256 7050240 
256 4135619 
256 4354882 
256 4091096 
256 7103145 
256 3200320 
256 6299095 
256 8709392 
256 7226222 
256 7460927 
256 6131554 
256 2595217 
256 2263966 
256 9482967 
256 8744226 
256 6307670 
256 3085255 
256 8260039 
256 4621610 
256 8343502 
256 4692110 
256 2904948 
256 5673335 
256 3206381 
256 6677246 
256 1981601 
256 2595544 
256 3316255 
256 5398368 
256 5890234 
256 3885838 
256 4723344 
256 5340169 
256 3999739 
256 1703362 
256 9017515 
256 5924153 
256 2598696 
256 2038103 
256 3569252 
256 2254652 
256 4500548 
256 3472051 
256 4328864 
256 2511901 
256 5675863 
256 4312249 
256 7278072 
256 5584538 
256 6156043 
256 4985234 
256 3641285 
256 2647728 
256 3416153 
256 2682485 
256 5008262 
256 2783385 
256 3977644 
256 2668864 
256 2811700 
256 4661372 
256 2609301 
256 3716364 
256 4412360 
256 2613448 
256 2025338 
256 4755493 
256 4358290 
256 4338116 
256 6648551 
256 3698626 
256 3217829 
256 2438596 
256 2404104 
256 3054320 
256 5768795 
256 6817517 
256 4308990 
256 4301364 
256 5601876 
256 4648710 
256 3490052 
256 6159859 
256 6358128 
256 4858155 
256 5076787 
256 4052101 
256 4631666 
256 4763500 
256 6797611 
256 3665424 
256 3053896 
256 5105720 
256 6043338 
256 2645282 
256 2768697 
256 5336063 
256 1955282 
256 2609493 
256 4926360 
256 4851643 
256 3068483 
256 6520060 
256 5203227 
256 4332068 
256 3274227 
256 4593933 
256 5429131 
256 3228654 
256 4492522 
256 2737570 
256 4288704 
256 2738918 
256 5749590 
256 3495648 
256 3210456 
256 3389781 
256 5813643 
256 4005284 
256 4508151 
256 3978747 
256 3013810 
256 6272831 
256 5083888 
256 6553121 
256 4105365 
256 3649437 
256 2522886 
256 6648352 
256 5550540 
256 3357909 
256 2528161 
256 4651946 
256 6726290 
256 4648514 
256 1760424 
256 6345324 
256 5351906 
256 5255114 
256 6660109 
256 4499208 
256 5264302 
256 3256366 
256 2573775 
256 2535438 
256 1944249 
256 4228939 
256 3644883 
256 3364976 
256 5724582 
256 3677330 
256 1915374 
256 6064224 
256 4329581 
256 4953830 
256 6199180 
256 3681077 
256 5832779 
256 2780735 
256 5480263 
256 4396936 
256 7420539 
256 3801790 
256 4077636 
256 4281090 
256 3453273 
256 4104556 
256 4018233 
256 3130588 
256 6942201 
256 3695716 
256 2761622 
256 5732669 
256 4082540 
256 5268158 
256 4268692 
256 2656014 
256 4706252 
256 5933053 
256 2417533 
256 5475649 
256 4665180 
256 3449996 
256 7221456 
256 5098086 
256 1905233 
256 3805906 
256 4972701 
256 4436225 
256 3943188 
256 5756959 
256 4445822 
256 3369312 
256 3727840 
256 3665965 
256 8029070 
256 3105971 
256 3258786 
256 7062581 
256 3175391 
256 2611043 
256 7140034 
256 1920954 
256 3176072 
256 6403981 
256 2852217 
256 4340449 
256 8131180 
256 3503268 
256 2579446 
256 4290820 
256 4516779 
256 3706978 
256 5601136 
256 5151424 
256 2802169 
256 4531835 
256 5072800 
256 4940046 
256 4023233 
256 3918477 
256 3683987 
256 2628481 
256 2468542 
256 3257777 
256 2338468 
256 3736735 
256 4510070 
256 4704487 
256 2517207 
256 3176596 
256 6374697 
256 4802422 
256 5124133 
256 2607441 
256 3871824 
256 1824515 
256 3897756 
256 5244789 
256 4174737 
256 2368678 
256 3465826 
256 3046958 
256 4337840 
256 2420596 
256 2888690 
256 4140049 
256 2304774 
256 7881807 
256 5491470 
256 2232325 
256 4011247 
256 3620083 
256 3844830 
256 2529038 
256 5241679 
256 4040608 
256 2174463 
256 6079134 
256 3311693 
256 1822210 
256 2988445 
256 5067467 
256 6959038 
256 4474538 
256 4342480 
256 4934200 
256 3638127 
256 6369842 
256 4742449 
256 5327352 
256 4544021 
256 4149479 
256 2539460 
256 4975297 
256 9528344 
256 3637877 
256 2860809 
256 2281139 
256 3429060 
256 4885316 
256 3429982 
256 4371775 
256 3367480 
256 3775309 
256 3659975 
256 5237372 
256 3396281 
256 2517134 
256 4437584 
256 5924786 
256 4212431 
256 3081729 
256 2732774 
256 6178098 
256 3966773 
256 6563722 
256 6484271 
256 3487825 
256 1761710 
256 3985974 
256 6642733 
256 7259729 
256 3395536 
256 5955075 
256 6208059 
256 4031610 
256 7975088 
256 4994318 
256 4666535 
256 4404375 
256 3204929 
256 2367662 
256 4862138 
256 2641046 
256 1981463 
256 6168688 
256 2996197 
256 2610167 
256 4742799 
256 8484125 
256 5110140 
256 4439617 
256 2707509 
256 4699949 
256 4869886 
256 4657601 
256 8500591 
256 4054225 
256 2866139 
256 5494404 
256 4971742 
256 4285958 
256 6349341 
256 1536066 
256 4489830 
256 2271340 
256 6338026 
256 4249044 
256 2807837 
256 7346602 
256 5064395 
256 2331803 
256 4592267 
256 3625607 
256 2719789 
256 4536300 
256 2971462 
256 6286679 
256 4143535 
256 2634461 
256 2298403 
256 7161930 
256 5048984 
256 4800884 
256 2725602 
256 3945821 
256 2895525 
256 2704447 
256 6192228 
256 3904461 
256 3136262 
256 1883517 
256 3000672 
256 3619986 
256 4040689 
256 4023864 
256 3272183 
256 6145356 
256 4211911 
256 4252908 
256 2766827 
256 4563600 
256 3658663 
256 4624234 
256 1854686 
256 4438925 
256 4185470 
256 2281622 
256 4910867 
256 2033867 
256 2911195 
256 2245749 
256 6852589 
256 6213341 
256 3626778 
256 6184541 
256 4981490 
256 8184602 
256 3987125 
256 3082477 
256 4597439 
256 6959542 
256 3199837 
256 2290593 
256 5845255 
256 2345656 
256 2412621 
256 4726750 
256 5149168 
256 5206007 
256 3142224 
256 3524511 
256 3421639 
256 3069740 
256 2919853 
256 6355199 
256 10014392 
256 3145542 
256 5529178 
256 3159920 
256 2491676 
256 7479383 
256 3146388 
256 6395907 
256 6250023 
256 2968834 
256 2695655 
256 3473178 
256 3309240 
256 4127330 
256 4594546 
256 4382144 
256 3802761 
256 3130969 
256 6033847 
256 4953327 
256 5321989 
256 7180261 
256 3402972 
256 3598003 
256 4554578 
256 3930842 
256 5582753 
256 5043391 
256 3883369 
256 2933726 
256 2690153 
256 5079267 
256 3584313 
256 3471591 
256 3036964 
256 7268328 
256 2904441 
256 4451824 
256 2819412 
256 3264115 
256 2419829 
256 4258628 
256 4600450 
256 7112838 
256 2716839 
256 5001644 
256 5082410 
256 2768972 
256 3492724 
256 3706549 
256 2265541 
256 4365707 
256 3625120 
256 6394563 
256 5871483 
256 3563889 
256 3284829 
256 4465966 
256 4163092 
256 2362016 
256 2395645 
256 3237226 
256 2850652 
256 3002417 
256 5644866 
256 7067527 
256 5732228 
256 4693243 
256 2862371 
256 1505483 
256 1935553 
256 4060943 
256 5272242 
256 3325141 
256 5037325 
256 4249206 
256 3032474 
256 4621019 
256 6229679 
256 5864940 
256 4212863 
256 2816106 
256 2346932 
256 3096153 
256 4171292 
256 4345393 
256 2624751 
256 4037656 
256 4048877 
256 4733001 
256 3408021 
256 3630044 
256 6149371 
256 3845655 
256 6630636 
256 4594851 
256 5081362 
256 4654721 
256 3165352 
256 4949340 
256 4797933 
256 9163467 
256 6565373 
256 3728872 
256 3280553 
256 5223146 
256 3601460 
256 2396474 
256 4052424 
256 3118742 
256 2589244 
256 3994216 
256 2885657 
256 1826166 
256 4180159 
256 3390402 
256 8623980 
256 4624180 
256 6924781 
256 3223761 
256 4909091 
256 2984576 
256 6133652 
256 1691759 
256 5204926 
256 3922965 
256 2270774 
256 5913593 
256 4468834 
256 4281606 
256 4516163 
256 3171507 
256 4571055 
256 6220646 
256 4346735 
256 9086768 
256 2299176 
256 6716702 
256 4019343 
256 2701609 
256 5751574 
256 3348601 
256 3019149 
256 4155904 
256 7613308 
256 4236551 
256 4023594 
256 4097380 
256 3403998 
256 4565365 
256 2326036 
256 5721889 
256 4106976 
256 4435308 
256 2567355 
256 4409371 
256 3781258 
256 10805812 
256 5770464 
256 3237673 
256 7334369 
256 3536421 
256 1118664 
256 4393063 
256 3951736 
256 6125928 
256 3669552 
256 6833448 
256 5031635 
256 4421620 
256 3310895 
256 2456963 
256 3087210 
256 2803335 
256 11577685 
256 2710198 
256 3611702 
256 3964554 
256 4059692 
256 2701287 
256 3442366 
256 4294708 
256 7680015 
256 6860122 
256 5154364 
256 6801046 
256 4452612 
256 3957347 
256 4726274 
256 3940876 
256 2562825 
256 2516689 
256 5532077 
256 4988727 
256 3214650 
256 2051876 
256 5204980 
256 3027640 
256 4918894 
256 3800454 
256 4495491 
256 3764494 
256 4358326 
256 3331848 
256 9882616 
256 4212789 
256 6542956 
256 2561512 
256 3812331 
256 5151021 
256 2192162 
256 7476049 
256 7162386 
256 3334944 
256 6256195 
256 5922770 
256 2601686 
256 4781936 
256 2912258 
256 2975978 
256 5706335 
256 3468338 
256 2914376 
256 3465862 
256 5038026 
256 4206020 
256 3309991 
256 3235021 
256 2889930 
256 2166538 
256 6236297 
256 5540994 
256 5021869 
256 3981521 
256 4342321 
256 8098572 
256 4308736 
256 2473472 
256 4146863 
256 2957728 
256 5864419 
256 2563421 
256 3003991 
256 5154938 
256 3647460 
256 5876090 
256 2703269 
256 5339497 
256 6502696 
256 5157397 
256 3090556 
256 5231949 
256 4099915 
256 5952481 
256 4784970 
256 6532782 
256 2963504 
256 2706001 
256 3315550 
256 5108719 
256 1833712 
256 3001638 
256 6114240 
256 5338232 
256 2571153 
256 2826922 
256 4716729 
256 3231693 
256 5613496 
256 3215462 
256 3059256 
256 3261049 
256 2335658 
256 8322540 
256 4399103 
256 4169940 
256 2549560 
256 2343163 
256 3817798 
256 3373549 
256 2383209 
256 3035311 
256 6487785 
256 4921760 
256 3298830 
256 6076195 
256 8405615 
256 3105006 
256 5369564 
256 3282816 
256 2840155 
256 1161154 
256 4187445 
256 4107627 
256 3586126 
256 6095269 
256 3293061 
256 2624548 
256 7069952 
256 4061794 
256 7669731 
256 3114950 
256 2248767 
256 3558185 
256 4447524 
256 1773890 
256 3879765 
256 3816730 
256 2343184 
256 6413930 
256 4671653 
256 3108386 
256 4612267 
256 4616470 
256 4441513 
256 3549108 
256 3925545 
256 4375784 
256 6445988 
256 4564605 
256 3624197 
256 3658697 
256 5102515 
256 4422889 
256 4513124 
256 3223897 
256 2111363 
256 1366031 
256 6867971 
256 3217990 
256 2614577 
256 6319861 
256 7281358 
256 3093146 
256 5609407 
256 3250299 
256 6300232 
256 3580100 
256 2540416 
256 2583265 
256 5669130 
256 4868965 
256 2468737 
256 3569978 
256 3349536 
256 5014451 
256 4753387 
256 5215530 
256 3453273 
256 4386746 
256 2603005 
256 3779558 
256 2895450 
256 6832819 
256 4411012 
256 2562473 
256 1905194 
256 4093964 
256 9085354 
256 8083128 
256 6123771 
256 6304838 
256 6544158 
256 4076392 
256 3105261 
256 3509313 
256 4616898 
256 4837333 
256 5098530 
256 3266521 
256 5947960 
256 4377202 
256 2536974 
256 2419789 
256 3058801 
256 6593323 
256 5663791 
256 2932194 
256 4186967 
256 3849654 
256 2942471 
256 2920541 
256 4410836 
256 3930797 
256 3699874 
256 4702334 
256 2211934 
256 4258279 
256 9394848 
256 4254042 
256 2121186 
256 6095999 
256 3856600 
256 6193666 
256 3483870 
256 2995747 
256 6916780 
256 4149192 
256 4680734 
256 6001068 
256 6105997 
256 5876875 
256 3139402 
256 3063662 
256 5380152 
256 6396233 
256 3081693 
256 2075513 
256 3856057 
256 3843960 
256 4602895 
256 4497882 
256 2988044 
256 5853503 
256 4144344 
256 6160493 
256 2975444 
256 4077602 
256 2271227 
256 4150070 
256 2704822 
256 2466026 
256 6759419 
256 3859855 
256 3030382 
256 8293673 
256 3840455 
256 6991719 
256 3421246 
256 4215987 
256 3158623 
256 3538175 
256 4080952 
256 2607543 
256 2848924 
256 1821988 
256 4594525 
256 4433381 
256 3843902 
256 2729649 
256 3855482 
256 4502970 
256 1928022 
256 1219636 
256 3618203 
256 5752250 
256 7762281 
256 6070219 
256 4857524 
256 4950814 
256 3478504 
256 4397719 
256 6490983 
256 5728438 
256 5689696 
256 4865195 
256 3617394 
256 4438598 
256 3178132 
256 9602080 
256 5593421 
256 5421523 
256 2564042 
256 3560140 
256 4647850 
256 6151898 
256 3429868 
256 4229743 
256 6701680 
256 3902570 
256 3403041 
256 5915865 
256 3980854 
256 5375196 
256 2289230 
256 4949187 
256 4332594 
256 6071140 
256 5176334 
256 4720565 
256 5153931 
256 1901894 
256 2862115 
256 4289093 
256 4089182 
256 4044189 
256 2327988 
256 7382469 
256 5113005 
256 1943489 
256 6350226 
256 6059417 
256 4361278 
256 4157752 
256 6476803 
256 2730834 
256 7351666 
256 3454440 
256 3257096 
256 4390299 
256 4058100 
256 2765223 
256 9236911 
256 2442075 
256 3948282 
256 6483049 
256 3675892 
256 4763097 
256 4247270 
256 3061681 
256 4092547 
256 3319652 
256 4232299 
256 3159764 
256 3797118 
256 4297906 
256 4787055 
256 3890729 
256 2379629 
256 2461087 
256 3661206 
256 3416047 
256 3439753 
256 2720416 
256 2301665 
256 5097346 
256 4459621 
256 3958303 
256 4011453 
256 5649356 
256 4432045 
256 4331118 
256 5066540 
256 4512419 
256 2272150 
256 4944321 
256 7732207 
256 5329638 
256 3547834 
256 5080218 
256 3503345 
256 3748622 
256 3910421 
256 3883171 
256 2884758 
256 6864286 
256 2525136 
256 5190309 
256 7056071 
256 6005231 
256 6600457 
256 3556154 
256 5880592 
256 3798703 
256 5982459 
256 2813800 
256 2598169 
256 2393948 
256 4287452 
256 3904754 
256 4873961 
256 5915181 
256 2777579 
256 4408336 
256 2170334 
256 3287717 
256 2986745 
256 2544164 
256 3138034 
256 2811827 
256 3887775 
256 3270289 
256 5040825 
256 4282814 
256 6489908 
256 4614599 
256 3258127 
256 5277550 
256 3916998 
