64 2715299 
64 5160953 
64 4406686 
64 3448606 
64 3450912 
64 3004379 
64 2758853 
64 2499530 
64 4963379 
64 6287437 
64 5586512 
64 5073977 
64 4088393 
64 3859051 
64 6269523 
64 3759713 
64 4174240 
64 3262552 
64 7362924 
64 3010459 
64 6572011 
64 8267460 
64 7048296 
64 7402749 
64 4941439 
64 2152741 
64 2371478 
64 5655488 
64 7881633 
64 6284160 
64 3036076 
64 7974569 
64 3873736 
64 8007290 
64 3922275 
64 2894192 
64 5581787 
64 2836720 
64 6132713 
64 1901453 
64 2740785 
64 3423770 
64 4584473 
64 5850912 
64 3681329 
64 5945230 
64 5116543 
64 3650470 
64 1315434 
64 9266054 
64 5559751 
64 2606321 
64 2162305 
64 3532432 
64 2447865 
64 5257777 
64 3516177 
64 3667922 
64 3182188 
64 5973862 
64 4398295 
64 7181592 
64 5858177 
64 6018816 
64 5407428 
64 3810499 
64 2709758 
64 3379033 
64 2811807 
64 4821490 
64 2896600 
64 4097756 
64 2228943 
64 2967209 
64 4002605 
64 2673520 
64 3637151 
64 4340758 
64 2018174 
64 1991778 
64 4795841 
64 4444156 
64 4220751 
64 7126463 
64 4179096 
64 3305947 
64 2422298 
64 2807291 
64 3165758 
64 5244255 
64 7251325 
64 3685192 
64 4452364 
64 5536609 
64 4460170 
64 3454086 
64 7204541 
64 6432549 
64 4027901 
64 4716234 
64 3639990 
64 4880873 
64 4624533 
64 5749990 
64 3781681 
64 2927653 
64 5032097 
64 6130216 
64 2486468 
64 2743405 
64 4734653 
64 2212780 
64 2573422 
64 3976171 
64 4881419 
64 3151580 
64 5208329 
64 4119140 
64 3539710 
64 2723080 
64 4286998 
64 5594068 
64 3517796 
64 4103404 
64 2588194 
64 4542221 
64 2970731 
64 4875514 
64 3305502 
64 2991342 
64 3283949 
64 6200220 
64 3884592 
64 3848513 
64 3392858 
64 2926483 
64 6267922 
64 4927514 
64 6364237 
64 4059699 
64 3682838 
64 2501544 
64 6731353 
64 5534980 
64 3175734 
64 2542367 
64 4112349 
64 5778310 
64 4878331 
64 1878326 
64 5854614 
64 4770647 
64 5335189 
64 6329923 
64 4330648 
64 5728430 
64 3061589 
64 2458928 
64 2796360 
64 1639564 
64 3461333 
64 3679684 
64 3544329 
64 5843501 
64 3684574 
64 2040986 
64 6188415 
64 4539064 
64 4844719 
64 5557846 
64 3155321 
64 6009617 
64 2793469 
64 5491352 
64 4561957 
64 7310953 
64 3811416 
64 4052036 
64 4266693 
64 3604823 
64 3940535 
64 4046467 
64 2672433 
64 6702538 
64 4067564 
64 2294726 
64 4962451 
64 3922592 
64 5419394 
64 4164101 
64 3288687 
64 4758544 
64 5199682 
64 2257395 
64 5434764 
64 4633490 
64 3452726 
64 7811359 
64 5938794 
64 2107299 
64 3716348 
64 4392232 
64 4624366 
64 3908263 
64 5950230 
64 4471229 
64 3454854 
64 4077718 
64 3207714 
64 7011280 
64 3460649 
64 3184994 
64 6265555 
64 3314831 
64 2395912 
64 7218371 
64 1640660 
64 3294111 
64 6407084 
64 3213156 
64 4629108 
64 7582701 
64 3596015 
64 2494462 
64 3604159 
64 4185364 
64 3605747 
64 5754759 
64 4732650 
64 2912377 
64 4566859 
64 4923153 
64 4850505 
64 4470844 
64 3648596 
64 3687569 
64 2684564 
64 2422189 
64 3455556 
64 2278541 
64 3285137 
64 4299361 
64 5055722 
64 2378578 
64 3132968 
64 6710892 
64 4527358 
64 4361932 
64 2643973 
64 3777497 
64 1986567 
64 3675701 
64 5686544 
64 4287766 
64 2360592 
64 3604918 
64 3220734 
64 4071039 
64 2569196 
64 3094179 
64 3615306 
64 2750054 
64 6923601 
64 5903417 
64 2210368 
64 4088139 
64 3270553 
64 3733983 
64 2621589 
64 4571370 
64 4511504 
64 2295322 
64 6866634 
64 3371597 
64 2123975 
64 2906256 
64 4071928 
64 6917278 
64 4536696 
64 4472729 
64 5161336 
64 3402306 
64 5687281 
64 5367667 
64 4665152 
64 4311785 
64 4296881 
64 2116206 
64 4936815 
64 9242918 
64 4154254 
64 2994198 
64 2438929 
64 3233855 
64 4705015 
64 3474927 
64 4122329 
64 3002789 
64 3899856 
64 3740761 
64 4533699 
64 3402742 
64 2597381 
64 4304950 
64 6140861 
64 4473875 
64 3217162 
64 2992004 
64 5906844 
64 3744754 
64 6686203 
64 5978098 
64 3265116 
64 2336092 
64 3888292 
64 6792702 
64 6361632 
64 3201092 
64 6375031 
64 5512450 
64 3952636 
64 7958893 
64 5359549 
64 4536849 
64 4082960 
64 3049923 
64 2416082 
64 4821700 
64 2309283 
64 2044288 
64 5293553 
64 3248743 
64 2402767 
64 3965263 
64 8075084 
64 5055631 
64 4647666 
64 2915018 
64 4668288 
64 4712697 
64 4810614 
64 7351241 
64 3713636 
64 2458583 
64 4721121 
64 5145414 
64 3417861 
64 5920859 
64 1505285 
64 4794321 
64 2411848 
64 6038078 
64 4536247 
64 3010241 
64 6738734 
64 4963618 
64 2324045 
64 4394702 
64 3788970 
64 2626565 
64 4421583 
64 3059547 
64 6450614 
64 4021420 
64 2701875 
64 2305465 
64 6188693 
64 5065148 
64 4532078 
64 2621501 
64 3873958 
64 2882954 
64 2605291 
64 6570416 
64 3890923 
64 3457105 
64 2015602 
64 3276294 
64 3619998 
64 3550584 
64 3706874 
64 2929241 
64 6025770 
64 4401476 
64 4252498 
64 2798937 
64 3929917 
64 3816292 
64 4295713 
64 1924845 
64 4262343 
64 4035431 
64 2355093 
64 5178509 
64 2006307 
64 3023708 
64 2243440 
64 6357262 
64 6079839 
64 3653377 
64 5338848 
64 4856607 
64 7864362 
64 3744617 
64 3050953 
64 3665983 
64 6937884 
64 3013827 
64 2506638 
64 5722303 
64 2194616 
64 2429486 
64 4280650 
64 4866473 
64 5316147 
64 3435488 
64 3532181 
64 3498141 
64 3335404 
64 2960016 
64 6187082 
64 8926116 
64 3293393 
64 4974535 
64 3243144 
64 1913234 
64 6910049 
64 3386200 
64 6477124 
64 5559855 
64 3020827 
64 2842346 
64 3594858 
64 3310558 
64 4135250 
64 4423645 
64 4178485 
64 4085837 
64 3360475 
64 4869266 
64 5332436 
64 5275313 
64 6160814 
64 3426802 
64 3725155 
64 4428245 
64 3727127 
64 5296729 
64 5000005 
64 3714755 
64 2490758 
64 2637593 
64 4870323 
64 3510353 
64 3750338 
64 3060307 
64 8288629 
64 2885405 
64 4122308 
64 2850948 
64 3402612 
64 2463487 
64 4411299 
64 4201339 
64 6215163 
64 2764977 
64 4970481 
64 5122902 
64 2732583 
64 3403847 
64 3602918 
64 2327092 
64 4384497 
64 3436513 
64 5432497 
64 5571928 
64 4032460 
64 3375919 
64 3609397 
64 4001678 
64 2361428 
64 2663133 
64 3469508 
64 2376981 
64 3009206 
64 5790328 
64 5982841 
64 4484173 
64 5043758 
64 2950138 
64 1495392 
64 2032514 
64 3989251 
64 4882225 
64 2984956 
64 5108487 
64 4620332 
64 3189761 
64 4238188 
64 5734527 
64 5463490 
64 3499968 
64 2842363 
64 2172849 
64 3497222 
64 4000975 
64 3856872 
64 2365523 
64 3867317 
64 3938851 
64 4511712 
64 3432804 
64 3415032 
64 5494545 
64 3765569 
64 5294772 
64 4548904 
64 4742161 
64 4196953 
64 3011216 
64 5309646 
64 5046933 
64 8459219 
64 5527099 
64 3221675 
64 3373416 
64 4447603 
64 3578397 
64 2284519 
64 4029305 
64 4063118 
64 2146013 
64 2933859 
64 2982107 
64 1777359 
64 3919693 
64 3421264 
64 8787851 
64 4683815 
64 6689697 
64 2999174 
64 5092095 
64 2907060 
64 6477334 
64 1777526 
64 5128605 
64 4078126 
64 2280109 
64 6491924 
64 4407503 
64 4584011 
64 3421673 
64 3094102 
64 4556166 
64 6100855 
64 4467594 
64 8755492 
64 2568236 
64 6699889 
64 4118970 
64 2650582 
64 5508566 
64 3280191 
64 3166811 
64 3929849 
64 7361995 
64 4050441 
64 4023268 
64 4219017 
64 3323052 
64 3699346 
64 2401409 
64 5576464 
64 3100836 
64 3694538 
64 2625194 
64 4299724 
64 3835808 
64 10846956 
64 5997705 
64 3208010 
64 6811805 
64 3905934 
64 1243794 
64 3547519 
64 3708251 
64 6154395 
64 3511669 
64 6809866 
64 4955003 
64 4684653 
64 3727602 
64 2359671 
64 3390652 
64 2762098 
64 10953422 
64 2704776 
64 3923362 
64 3545987 
64 4224214 
64 2719616 
64 2758450 
64 4048763 
64 7995143 
64 6986493 
64 5059347 
64 7024809 
64 3698216 
64 3689472 
64 5023778 
64 3818211 
64 2710215 
64 2406091 
64 5217002 
64 5114195 
64 3232280 
64 2192501 
64 5317271 
64 2963966 
64 5042222 
64 3706313 
64 4403976 
64 3741701 
64 4514490 
64 3292726 
64 9024712 
64 4248887 
64 6019435 
64 2527253 
64 3825230 
64 5295200 
64 2000312 
64 6770730 
64 5728829 
64 3256325 
64 6407250 
64 6448456 
64 2635883 
64 4035081 
64 3043109 
64 3083891 
64 5575919 
64 3582286 
64 2961858 
64 3414015 
64 5194845 
64 4217120 
64 3536858 
64 3157216 
64 2855775 
64 2049648 
64 5582231 
64 5920892 
64 4579949 
64 4264293 
64 4474544 
64 7583662 
64 4309650 
64 2516528 
64 4300711 
64 3316052 
64 5726343 
64 2623021 
64 3138596 
64 4908342 
64 3543797 
64 5626732 
64 2599542 
64 4986715 
64 5450039 
64 4991658 
64 2915892 
64 5530669 
64 3934964 
64 6236091 
64 4768422 
64 6821031 
64 2864777 
64 2871090 
64 3358742 
64 5146309 
64 1802229 
64 3244516 
64 6151317 
64 4998718 
64 2457249 
64 2612880 
64 4272464 
64 3285147 
64 4887213 
64 3472669 
64 3135361 
64 3248381 
64 2516635 
64 7671360 
64 4311025 
64 3718711 
64 2548747 
64 2433180 
64 3935097 
64 3135717 
64 2325682 
64 3134860 
64 6848400 
64 4782191 
64 3228174 
64 6416408 
64 7342560 
64 3000344 
64 5021763 
64 3390273 
64 2760031 
64 1483294 
64 4294834 
64 3992538 
64 3737248 
64 5277278 
64 3199815 
64 2596455 
64 6811629 
64 4205270 
64 7222440 
64 3097421 
64 2495608 
64 3399170 
64 3941924 
64 2037569 
64 3561856 
64 3482432 
64 2611551 
64 6233003 
64 4822860 
64 3302827 
64 5002704 
64 4801964 
64 4551334 
64 3498390 
64 3977296 
64 4352320 
64 5474834 
64 4771429 
64 3297233 
64 3627304 
64 5313440 
64 4372690 
64 4634905 
64 3120211 
64 2427268 
64 1717883 
64 5863364 
64 3289280 
64 2123128 
64 6119209 
64 6403700 
64 3342121 
64 5817810 
64 3329213 
64 6304844 
64 3629330 
64 2804097 
64 2688163 
64 4926355 
64 4744973 
64 2672383 
64 3830036 
64 3486840 
64 5512448 
64 4897870 
64 5501877 
64 3249251 
64 4141373 
64 2673239 
64 3941036 
64 2956447 
64 5738974 
64 4306873 
64 2567965 
64 1926411 
64 4270346 
64 8818553 
64 8137740 
64 5791039 
64 6376564 
64 6221761 
64 3916441 
64 3103282 
64 3626243 
64 3781599 
64 4026375 
64 4875917 
64 3279937 
64 6291129 
64 4744692 
64 2367806 
64 2361510 
64 3070054 
64 6899187 
64 5849826 
64 2729004 
64 4323236 
64 3902537 
64 2549843 
64 3301227 
64 4303345 
64 4043022 
64 4005909 
64 4478545 
64 2393820 
64 4037906 
64 9405795 
64 4207320 
64 2499402 
64 5825351 
64 3853266 
64 6155115 
64 3292774 
64 2846134 
64 6261810 
64 4388420 
64 4632655 
64 5270243 
64 6600928 
64 5762389 
64 3253889 
64 2878526 
64 5480855 
64 6266789 
64 2999583 
64 1930730 
64 3632165 
64 3902720 
64 4436132 
64 3659228 
64 2894804 
64 5812399 
64 3195870 
64 5352421 
64 2965301 
64 3812397 
64 2321534 
64 3985515 
64 2739406 
64 2312904 
64 7115701 
64 3709469 
64 2982105 
64 7803957 
64 3385328 
64 7224746 
64 3259778 
64 3840676 
64 3268588 
64 3511537 
64 4080597 
64 2755076 
64 2700702 
64 1905514 
64 4706028 
64 4055364 
64 4346201 
64 2906931 
64 3908938 
64 4262169 
64 2092088 
64 1430509 
64 4011416 
64 5074912 
64 7821490 
64 5780220 
64 4579722 
64 4651376 
64 3770320 
64 3997056 
64 5322599 
64 6178319 
64 5778641 
64 4756421 
64 3604899 
64 4583020 
64 3176589 
64 9272092 
64 5877065 
64 5433505 
64 2562747 
64 3447317 
64 5235147 
64 5388742 
64 3459413 
64 4051461 
64 6166930 
64 3405468 
64 3287452 
64 4925903 
64 3904019 
64 5871314 
64 2231056 
64 4728841 
64 4091806 
64 5936704 
64 5123816 
64 4415821 
64 4864133 
64 2079558 
64 2904365 
64 3463171 
64 3909326 
64 4022018 
64 2268688 
64 6660251 
64 4665874 
64 2028746 
64 6502831 
64 6021075 
64 4591072 
64 4201493 
64 5574989 
64 2838548 
64 6639636 
64 3513185 
64 3202833 
64 4425441 
64 4111460 
64 2640621 
64 8762429 
64 2591006 
64 3780454 
64 5698210 
64 3468337 
64 5235741 
64 4398473 
64 2932589 
64 3967804 
64 3287964 
64 4491787 
64 3372556 
64 3605154 
64 4241847 
64 4565168 
64 3783802 
64 2190950 
64 2391691 
64 3535252 
64 3394009 
64 3488086 
64 2363765 
64 2294064 
64 5316675 
64 4814003 
64 3624566 
64 4026880 
64 5521843 
64 4361118 
64 4069009 
64 4239585 
64 4380612 
64 2228297 
64 4797311 
64 7600622 
64 5570598 
64 3528605 
64 5102722 
64 3406106 
64 3798300 
64 4119586 
64 3869158 
64 3061968 
64 5976276 
64 2452325 
64 4043440 
64 6977559 
64 5350850 
64 7249200 
64 3716441 
64 6266546 
64 3897177 
64 5160377 
64 2894374 
64 2626729 
64 2079167 
64 4730603 
64 4002135 
64 5079778 
64 5121470 
64 2843792 
64 4118124 
64 2153620 
64 3171607 
64 2959808 
64 2356058 
64 3488917 
64 2385860 
64 3815282 
64 3132985 
64 4757590 
64 3748875 
64 6919799 
64 4574873 
64 3237696 
64 5216371 
64 3843743 
