32768 2887302 
32768 5292703 
32768 4617445 
32768 3096526 
32768 3250163 
32768 2849034 
32768 2675395 
32768 2613077 
32768 5284299 
32768 6514246 
32768 5873340 
32768 4697978 
32768 4084643 
32768 3635879 
32768 6374474 
32768 4333616 
32768 3673839 
32768 4260028 
32768 6386767 
32768 3046958 
32768 6576408 
32768 8381200 
32768 7148654 
32768 6889538 
32768 5058046 
32768 2552181 
32768 4808279 
32768 5676860 
32768 8364837 
32768 6314011 
32768 2985478 
32768 7825376 
32768 4353473 
32768 7985810 
32768 3742441 
32768 3012998 
32768 5871220 
32768 2946814 
32768 5257059 
32768 1952843 
32768 2551420 
32768 3457902 
32768 4168936 
32768 5885755 
32768 3927776 
32768 3979089 
32768 5546706 
32768 4110337 
32768 1740747 
32768 9079994 
32768 6686984 
32768 3026356 
32768 2207442 
32768 3481301 
32768 2390141 
32768 4317478 
32768 3366391 
32768 4456558 
32768 2572813 
32768 6218411 
32768 4667564 
32768 7668533 
32768 5388237 
32768 5995861 
32768 5354939 
32768 3739857 
32768 2727250 
32768 3897415 
32768 2342187 
32768 5598060 
32768 2736868 
32768 4072213 
32768 2270396 
32768 2713110 
32768 4182722 
32768 2587299 
32768 3788837 
32768 4399563 
32768 2284099 
32768 1881468 
32768 5246553 
32768 4510950 
32768 4372311 
32768 9262118 
32768 3865235 
32768 3756746 
32768 2338446 
32768 2354356 
32768 3401342 
32768 5577487 
32768 7606290 
32768 3857060 
32768 4178891 
32768 6342991 
32768 5302528 
32768 4296508 
32768 6124116 
32768 6621122 
32768 4074649 
32768 4127527 
32768 4276131 
32768 4778138 
32768 4947284 
32768 5628880 
32768 3823100 
32768 3083880 
32768 4870755 
32768 6194692 
32768 2637189 
32768 2829549 
32768 5382773 
32768 1904599 
32768 2681882 
32768 3892636 
32768 5122659 
32768 3068270 
32768 5385494 
32768 4269156 
32768 3651202 
32768 2652573 
32768 4679412 
32768 6073896 
32768 3250661 
32768 4263630 
32768 2865891 
32768 4472184 
32768 2707159 
32768 5098587 
32768 3399559 
32768 3154240 
32768 3561272 
32768 6577787 
32768 4018958 
32768 3956481 
32768 3236558 
32768 3590105 
32768 6262671 
32768 5298558 
32768 6622334 
32768 4055020 
32768 3368389 
32768 2915450 
32768 6704771 
32768 5622666 
32768 3748286 
32768 2611274 
32768 4429066 
32768 5621845 
32768 4682431 
32768 1814961 
32768 6116974 
32768 5810358 
32768 5457002 
32768 6385334 
32768 4437981 
32768 5587890 
32768 3716763 
32768 2592114 
32768 2536374 
32768 2074639 
32768 3671589 
32768 3717516 
32768 3236428 
32768 5962644 
32768 3860129 
32768 1982840 
32768 6132940 
32768 4441134 
32768 5867508 
32768 5589630 
32768 3191656 
32768 6697986 
32768 2832210 
32768 4952959 
32768 4578953 
32768 8270694 
32768 4159401 
32768 4235317 
32768 4858279 
32768 3497310 
32768 4005672 
32768 4012191 
32768 3233490 
32768 6803896 
32768 3929263 
32768 2375177 
32768 4659399 
32768 4211531 
32768 5233291 
32768 4386903 
32768 2632373 
32768 5015400 
32768 5552640 
32768 2001819 
32768 5616292 
32768 4720434 
32768 3442547 
32768 7476553 
32768 5125678 
32768 1912410 
32768 3767586 
32768 4461857 
32768 4881887 
32768 3881101 
32768 5720157 
32768 4784566 
32768 3396936 
32768 4234051 
32768 3225877 
32768 6552064 
32768 3130874 
32768 3247027 
32768 6448264 
32768 3390440 
32768 2506218 
32768 7308937 
32768 1560889 
32768 3108609 
32768 6557899 
32768 2994534 
32768 4279018 
32768 8481261 
32768 3715256 
32768 2646162 
32768 3850428 
32768 4356240 
32768 3735732 
32768 5596839 
32768 5059047 
32768 2961825 
32768 4343975 
32768 4648952 
32768 4674713 
32768 4323288 
32768 3688404 
32768 3687573 
32768 2707444 
32768 2519782 
32768 3179460 
32768 2494496 
32768 3323587 
32768 4590022 
32768 4707463 
32768 2588772 
32768 3219960 
32768 6799800 
32768 4776416 
32768 5397210 
32768 2545109 
32768 3851629 
32768 1954137 
32768 3616555 
32768 5276394 
32768 4179766 
32768 2353030 
32768 3419359 
32768 3144185 
32768 4209492 
32768 2416227 
32768 2771920 
32768 3636685 
32768 2440094 
32768 6951327 
32768 6164171 
32768 2260729 
32768 3818916 
32768 3151731 
32768 3831575 
32768 2508229 
32768 4444287 
32768 4183576 
32768 2760491 
32768 6266327 
32768 3199992 
32768 1892988 
32768 3210791 
32768 4276852 
32768 7425267 
32768 4400786 
32768 4552111 
32768 4820522 
32768 4145419 
32768 5946782 
32768 4810639 
32768 4689833 
32768 4363239 
32768 4043876 
32768 2072945 
32768 5018890 
32768 8800400 
32768 3786057 
32768 2959731 
32768 2388882 
32768 3361133 
32768 5205164 
32768 3452088 
32768 4168167 
32768 3284925 
32768 3962551 
32768 4229639 
32768 5083827 
32768 3459285 
32768 2701926 
32768 4489750 
32768 6245929 
32768 4475290 
32768 3094782 
32768 2752954 
32768 6252320 
32768 3917630 
32768 6722207 
32768 6239339 
32768 3615730 
32768 1860118 
32768 3745939 
32768 7002316 
32768 6388091 
32768 3315087 
32768 6190017 
32768 5677015 
32768 3613063 
32768 8731014 
32768 5499418 
32768 4597645 
32768 4574691 
32768 3419165 
32768 2506768 
32768 4892204 
32768 2269613 
32768 1972330 
32768 4985799 
32768 3139883 
32768 2384645 
32768 4044924 
32768 7915284 
32768 5118389 
32768 4345603 
32768 2924875 
32768 4616831 
32768 4835683 
32768 4859395 
32768 7459545 
32768 3980684 
32768 2570619 
32768 4398514 
32768 5227570 
32768 3739557 
32768 5809238 
32768 1494362 
32768 4354398 
32768 2496766 
32768 6359699 
32768 4458595 
32768 2943687 
32768 6512026 
32768 5270007 
32768 2449346 
32768 4643923 
32768 3951687 
32768 2758339 
32768 4661482 
32768 2984764 
32768 6324831 
32768 4208767 
32768 2657746 
32768 2401583 
32768 6770305 
32768 5070153 
32768 4978126 
32768 2656896 
32768 4129333 
32768 2797606 
32768 2870974 
32768 6310849 
32768 3998158 
32768 3529526 
32768 1958876 
32768 3274387 
32768 3493644 
32768 3643842 
32768 4165176 
32768 3153083 
32768 5902392 
32768 4251098 
32768 4349482 
32768 2828995 
32768 4594182 
32768 3895563 
32768 4675687 
32768 1794842 
32768 6067275 
32768 4187338 
32768 2268418 
32768 5221357 
32768 2001298 
32768 3351425 
32768 2253672 
32768 6808938 
32768 6167817 
32768 3730793 
32768 5107448 
32768 4996261 
32768 7615036 
32768 3768712 
32768 3149580 
32768 3851660 
32768 6887947 
32768 3683334 
32768 2481762 
32768 6665018 
32768 2310144 
32768 2435586 
32768 4043545 
32768 5491759 
32768 5315134 
32768 3279239 
32768 3453469 
32768 3453958 
32768 3492564 
32768 2984276 
32768 6354961 
32768 9492018 
32768 3176778 
32768 5483667 
32768 3307115 
32768 2394781 
32768 6768550 
32768 3209362 
32768 6682643 
32768 5456007 
32768 2958371 
32768 2752919 
32768 3802633 
32768 3339783 
32768 4257063 
32768 4962593 
32768 4341791 
32768 3932799 
32768 3083339 
32768 5395230 
32768 5306409 
32768 5235380 
32768 6229812 
32768 3077348 
32768 3574996 
32768 4674951 
32768 3711317 
32768 4941549 
32768 5049747 
32768 3828172 
32768 2551287 
32768 2594030 
32768 5085233 
32768 3640695 
32768 3790218 
32768 3130894 
32768 7315217 
32768 3071658 
32768 4887471 
32768 2725470 
32768 3298210 
32768 2377278 
32768 4494407 
32768 5002842 
32768 6332253 
32768 2677673 
32768 5466955 
32768 5057771 
32768 2813731 
32768 3483542 
32768 3696460 
32768 2178572 
32768 4652344 
32768 3490671 
32768 6338136 
32768 5284897 
32768 3624490 
32768 3596642 
32768 3949656 
32768 4120578 
32768 2392406 
32768 2580525 
32768 3109854 
32768 2378769 
32768 2979825 
32768 5682210 
32768 6082203 
32768 4667226 
32768 4772782 
32768 2936537 
32768 1574255 
32768 1935297 
32768 3616412 
32768 5228460 
32768 3396759 
32768 5137228 
32768 4337452 
32768 3139253 
32768 4504593 
32768 5677437 
32768 5678589 
32768 3570864 
32768 3198971 
32768 2201303 
32768 3056649 
32768 4314632 
32768 4407617 
32768 2684626 
32768 3980328 
32768 4160703 
32768 4877564 
32768 3655063 
32768 3910586 
32768 5206525 
32768 4079510 
32768 5919311 
32768 4623931 
32768 5005166 
32768 4469476 
32768 3125587 
32768 5002375 
32768 4845453 
32768 8482426 
32768 5750082 
32768 2947967 
32768 3258147 
32768 4561927 
32768 3895611 
32768 2459239 
32768 4252344 
32768 3321678 
32768 2150025 
32768 3463588 
32768 3188529 
32768 1681510 
32768 4442095 
32768 3728671 
32768 10169667 
32768 5050050 
32768 6587420 
32768 3411007 
32768 5106972 
32768 3004272 
32768 6217686 
32768 1785797 
32768 5850051 
32768 3820936 
32768 2355115 
32768 6248220 
32768 4412458 
32768 4291991 
32768 3666870 
32768 3335652 
32768 4890554 
32768 6413592 
32768 4470608 
32768 8438876 
32768 2353259 
32768 6965871 
32768 3933433 
32768 2573227 
32768 6013109 
32768 3376459 
32768 3308137 
32768 4093400 
32768 8045065 
32768 4368841 
32768 3992391 
32768 4099030 
32768 3480412 
32768 3677850 
32768 2428730 
32768 5694582 
32768 3464774 
32768 3763976 
32768 2697846 
32768 4456591 
32768 3938286 
32768 10975060 
32768 5407683 
32768 3414956 
32768 6603429 
32768 3456670 
32768 1125962 
32768 3749333 
32768 3933393 
32768 6347149 
32768 3700515 
32768 7051013 
32768 5379870 
32768 5278430 
32768 3293816 
32768 2496845 
32768 3315686 
32768 3043400 
32768 10247976 
32768 2748504 
32768 3720060 
32768 3581058 
32768 4081574 
32768 2765345 
32768 2876469 
32768 4523509 
32768 8735750 
32768 6878432 
32768 5334830 
32768 7118897 
32768 4001274 
32768 3831443 
32768 5165289 
32768 4194248 
32768 2545648 
32768 2539106 
32768 4531745 
32768 5026161 
32768 3268521 
32768 2061088 
32768 5316295 
32768 2981937 
32768 5298168 
32768 3741284 
32768 4535531 
32768 3810009 
32768 4602220 
32768 3770690 
32768 9435059 
32768 4227464 
32768 5569913 
32768 2606347 
32768 3796876 
32768 5523400 
32768 2137527 
32768 6675359 
32768 6413516 
32768 3295279 
32768 6727746 
32768 5695271 
32768 2670254 
32768 4454616 
32768 2986920 
32768 3035904 
32768 5683850 
32768 3887656 
32768 3036648 
32768 3767105 
32768 5746525 
32768 4509249 
32768 3805227 
32768 3591476 
32768 2787651 
32768 2006543 
32768 5869732 
32768 6058928 
32768 4942328 
32768 4126130 
32768 4541483 
32768 7800614 
32768 4463286 
32768 2348688 
32768 5082452 
32768 3036085 
32768 6233205 
32768 2599364 
32768 3044487 
32768 4658551 
32768 3666934 
32768 6011889 
32768 2739184 
32768 5439401 
32768 5570959 
32768 5044878 
32768 2986555 
32768 5428056 
32768 4064736 
32768 6714934 
32768 4768214 
32768 6525395 
32768 3025015 
32768 2938321 
32768 3469927 
32768 5276285 
32768 1855470 
32768 3217567 
32768 6120441 
32768 5629022 
32768 2763647 
32768 2759845 
32768 4371310 
32768 3308125 
32768 5025240 
32768 3369765 
32768 3151358 
32768 3338727 
32768 2386519 
32768 8246999 
32768 4696522 
32768 3720950 
32768 2751875 
32768 2557825 
32768 4127695 
32768 3560138 
32768 2350013 
32768 3083613 
32768 6664268 
32768 4918921 
32768 3681441 
32768 6103099 
32768 7948060 
32768 3037634 
32768 4956839 
32768 3747693 
32768 2873226 
32768 1254239 
32768 4233382 
32768 4298450 
32768 3588414 
32768 5798845 
32768 3274703 
32768 2795828 
32768 6587214 
32768 4148524 
32768 7231351 
32768 3036736 
32768 2394566 
32768 3455649 
32768 4439476 
32768 2005279 
32768 3770377 
32768 3412556 
32768 2523385 
32768 5566870 
32768 5194211 
32768 3133094 
32768 5122589 
32768 4649802 
32768 4506810 
32768 3577637 
32768 3979789 
32768 4274990 
32768 5989674 
32768 4690593 
32768 3595130 
32768 3634660 
32768 5160341 
32768 4463925 
32768 4675539 
32768 3265724 
32768 2115580 
32768 1452287 
32768 6236800 
32768 3610212 
32768 2528978 
32768 6220149 
32768 6637243 
32768 3116796 
32768 6274147 
32768 3423291 
32768 6152033 
32768 3675076 
32768 3090867 
32768 2480197 
32768 5695876 
32768 4738265 
32768 2646994 
32768 3572206 
32768 3362708 
32768 5833830 
32768 4628785 
32768 5339271 
32768 3325738 
32768 4347957 
32768 2585917 
32768 3745483 
32768 2917223 
32768 6003287 
32768 4691229 
32768 2691581 
32768 2222694 
32768 4055509 
32768 8513610 
32768 8259868 
32768 5623851 
32768 6126003 
32768 6367700 
32768 4130747 
32768 3200468 
32768 3513806 
32768 3716528 
32768 4628962 
32768 5027634 
32768 3472115 
32768 6794431 
32768 4462900 
32768 2221361 
32768 2336178 
32768 2991146 
32768 6452478 
32768 5920010 
32768 2968217 
32768 4197132 
32768 3904567 
32768 2854243 
32768 2996468 
32768 4355239 
32768 4009666 
32768 3669946 
32768 4717659 
32768 2656843 
32768 3895831 
32768 9055908 
32768 4649663 
32768 2239101 
32768 6206871 
32768 3909646 
32768 6199871 
32768 3366252 
32768 2967566 
32768 5974606 
32768 3847708 
32768 4613476 
32768 6038611 
32768 6491823 
32768 5836375 
32768 3038701 
32768 3161905 
32768 5437085 
32768 6457097 
32768 3255999 
32768 2250204 
32768 3776218 
32768 4289699 
32768 4877761 
32768 3635401 
32768 3064386 
32768 6404298 
32768 3367436 
32768 5668079 
32768 2970271 
32768 3914490 
32768 2165187 
32768 4106186 
32768 2748850 
32768 2573691 
32768 6771352 
32768 3888600 
32768 2973689 
32768 8584066 
32768 3466792 
32768 6505183 
32768 3536599 
32768 4188426 
32768 3242035 
32768 3569761 
32768 3972988 
32768 2928357 
32768 2805979 
32768 1850645 
32768 5164840 
32768 4306015 
32768 3717232 
32768 2846106 
32768 4030527 
32768 4887113 
32768 1923021 
32768 1310842 
32768 3966026 
32768 5289098 
32768 7641151 
32768 6044980 
32768 4882221 
32768 4897333 
32768 3543679 
32768 4523245 
32768 5251542 
32768 6173178 
32768 6038982 
32768 4923893 
32768 3379681 
32768 4854925 
32768 3338778 
32768 9560742 
32768 5742215 
32768 5588492 
32768 2742507 
32768 3735328 
32768 4609942 
32768 5371809 
32768 3266096 
32768 4544690 
32768 6482794 
32768 3807205 
32768 3459638 
32768 5049872 
32768 4199773 
32768 5614110 
32768 2359782 
32768 4658014 
32768 4208509 
32768 6105777 
32768 5387268 
32768 4684758 
32768 4812593 
32768 1881600 
32768 2767251 
32768 3494694 
32768 3879769 
32768 4469063 
32768 2315465 
32768 6700690 
32768 4974596 
32768 1937177 
32768 6464508 
32768 6388171 
32768 4356513 
32768 4186334 
32768 5307047 
32768 2852751 
32768 7050473 
32768 3738702 
32768 3308034 
32768 4536760 
32768 4561133 
32768 2832423 
32768 8434224 
32768 2349536 
32768 4196078 
32768 5599107 
32768 3617557 
32768 4685801 
32768 4520948 
32768 3193294 
32768 4089788 
32768 3364016 
32768 4398848 
32768 3446865 
32768 3761222 
32768 4197806 
32768 4954485 
32768 3899127 
32768 2595780 
32768 2618634 
32768 3665767 
32768 3350156 
32768 3089589 
32768 2553931 
32768 2414719 
32768 5192273 
32768 4435823 
32768 4175260 
32768 4159213 
32768 5939349 
32768 4409302 
32768 4295515 
32768 4220724 
32768 5054064 
32768 2225124 
32768 5061713 
32768 8149844 
32768 5440593 
32768 3726597 
32768 5099256 
32768 3761733 
32768 3957643 
32768 4196672 
32768 3959620 
32768 2932743 
32768 6290731 
32768 2915378 
32768 4284035 
32768 7430784 
32768 5397009 
32768 6491437 
32768 3745940 
32768 5700560 
32768 3717314 
32768 5860221 
32768 2976721 
32768 2490688 
32768 2290429 
32768 4469283 
32768 3914082 
32768 4920026 
32768 5755077 
32768 2862838 
32768 4381269 
32768 2228806 
32768 3343275 
32768 2923563 
32768 2448740 
32768 3178805 
32768 2725803 
32768 4046334 
32768 3394213 
32768 5302675 
32768 3592799 
32768 6610155 
32768 5193259 
32768 3280788 
32768 5246155 
32768 4037298 
