128 2597393 
128 4697306 
128 2713420 
128 2348005 
128 1551199 
128 1634724 
128 2541623 
128 3855997 
128 3592536 
128 5242326 
128 4611926 
128 4812910 
128 2899687 
128 3016603 
128 2884612 
128 3144791 
128 3989298 
128 2741753 
128 3789531 
128 2423943 
128 2406721 
128 2520270 
128 4149168 
128 4967447 
128 4201107 
128 5906057 
128 3543070 
128 3273180 
128 5199691 
128 2440367 
128 4692747 
128 3444350 
128 4028002 
128 3334543 
128 3441576 
128 4251356 
128 2601010 
128 5569545 
128 2162765 
128 3415897 
128 3956801 
128 3565811 
128 4693793 
128 1798635 
128 3780898 
128 1885049 
128 3450045 
128 6614855 
128 1462344 
128 2110537 
128 2649341 
128 2903065 
128 3502766 
128 5934616 
128 2298469 
128 3819981 
128 8727162 
128 3044500 
128 2905528 
128 6951250 
128 1759782 
128 3350720 
128 7111516 
128 3842161 
128 2583171 
128 4561951 
128 2986539 
128 2398558 
128 2153063 
128 2402458 
128 3436662 
128 1762209 
128 5183426 
128 3404608 
128 2422968 
128 7258254 
128 2015567 
128 2178426 
128 6184276 
128 4807742 
128 3148202 
128 2785704 
128 2863787 
128 2057012 
128 7354774 
128 1931271 
128 3643013 
128 4799115 
128 3791084 
128 7784262 
128 4438300 
128 4218930 
128 2953669 
128 3423203 
128 2646606 
128 1969275 
128 5449436 
128 4656413 
128 2982826 
128 4778546 
128 5294973 
128 2464586 
128 2390262 
128 1770748 
128 2652152 
128 3019958 
128 3649433 
128 4663608 
128 4461688 
128 3447424 
128 1253717 
128 6058330 
128 4864150 
128 3409148 
128 4181001 
128 4225389 
128 4539462 
128 5088898 
128 4675990 
128 3928149 
128 2839328 
128 1703854 
128 3711728 
128 2254694 
128 1879517 
128 9621916 
128 1913662 
128 1674633 
128 2164988 
128 5955052 
128 2943357 
128 2830362 
128 2303796 
128 2644469 
128 3397552 
128 3381744 
128 3508984 
128 3109915 
128 1624023 
128 4706518 
128 5215290 
128 3719274 
128 4148670 
128 4607007 
128 3899677 
128 2598440 
128 4302833 
128 6167774 
128 2546144 
128 4353723 
128 5437605 
128 2090856 
128 7529638 
128 4627982 
128 3905019 
128 5542311 
128 5929984 
128 7394478 
128 3218442 
128 2646931 
128 5118675 
128 3525449 
128 3580416 
128 2565714 
128 3203697 
128 2953825 
128 4296618 
128 4903452 
128 2453015 
128 2564902 
128 4869889 
128 4937052 
128 2683941 
128 2933171 
128 4285747 
128 1654837 
128 2254529 
128 3855538 
128 2870146 
128 3294067 
128 4056799 
128 3977223 
128 2694407 
128 3545041 
128 4394356 
128 2166004 
128 3954118 
128 3859796 
128 2736689 
128 4232241 
128 1907186 
128 2125935 
128 4740127 
128 4664787 
128 4378421 
128 3726172 
128 2834466 
128 4830174 
128 5292026 
128 7157900 
128 4765174 
128 1358626 
128 3943409 
128 2863359 
128 3647968 
128 3434027 
128 2273972 
128 2902183 
128 4035013 
128 3083040 
128 2846282 
128 4210335 
128 5555957 
128 3423664 
128 2471953 
128 6558860 
128 3145531 
128 4402227 
128 2746065 
128 4888495 
128 5461031 
128 2621968 
128 5961032 
128 2690116 
128 4868778 
128 4849737 
128 3863089 
128 2820095 
128 2081833 
128 6447724 
128 5940204 
128 1111689 
128 7638735 
128 2265639 
128 4242017 
128 4341331 
128 4499052 
128 2391029 
128 3466678 
128 3043403 
128 4158955 
128 5910312 
128 2598540 
128 5110687 
128 1741002 
128 2419391 
128 5152474 
128 2914314 
128 3836748 
128 3054381 
128 3073726 
128 4691971 
128 4983267 
128 3953040 
128 2017738 
128 6397805 
128 3159284 
128 2681024 
128 3624252 
128 2641002 
128 3574741 
128 2972146 
128 4789340 
128 2355516 
128 2198348 
128 2771215 
128 2690585 
128 1891432 
128 4279308 
128 1921542 
128 2108617 
128 4521757 
128 1705580 
128 2152679 
128 2953050 
128 3497379 
128 5330481 
128 3697463 
128 1856523 
128 4772283 
128 3155311 
128 3599010 
128 4758382 
128 2871181 
128 3614048 
128 4483691 
128 3665016 
128 1679323 
128 6005397 
128 3471948 
128 3290973 
128 1253329 
128 2134316 
128 4248275 
128 3726045 
128 2960756 
128 2928097 
128 1745367 
128 4352148 
128 2988661 
128 3084276 
128 2623382 
128 4888660 
128 3247893 
128 1696011 
128 3698558 
128 2266405 
128 3465403 
128 2889472 
128 1526321 
128 3182736 
128 4950444 
128 6062138 
128 4171465 
128 1943250 
128 4553014 
128 2647685 
128 3620653 
128 2712690 
128 3095106 
128 2581240 
128 1556567 
128 2929488 
128 3346623 
128 3034732 
128 6058666 
128 1692405 
128 4265671 
128 4535117 
128 2237900 
128 1302279 
128 6377628 
128 1893743 
128 3795175 
128 2745901 
128 3470158 
128 4452299 
128 2263501 
128 2847725 
128 2734968 
128 7199745 
128 2879125 
128 2382710 
128 5777930 
128 3445239 
128 3911129 
128 2331582 
128 2956150 
128 2785216 
128 3734979 
128 2620298 
128 2519332 
128 5756884 
128 1453381 
128 4180955 
128 3229145 
128 1503309 
128 5994087 
128 5412398 
128 2237282 
128 1765100 
128 1523405 
128 5285447 
128 2097666 
128 5097296 
128 2904970 
128 2035424 
128 2963424 
128 5623078 
128 2424798 
128 4072718 
128 3085411 
128 2276147 
128 5284989 
128 3128953 
128 3057415 
128 2045122 
128 1654069 
128 2488646 
128 2210057 
128 2607178 
128 2128316 
128 3997813 
128 3561043 
128 2665075 
128 3335340 
128 1893229 
128 1841428 
128 3377286 
128 3752815 
128 5698337 
128 2327103 
128 3569372 
128 4315219 
128 2206975 
128 3710025 
128 2119805 
128 5693103 
128 1222114 
128 2364262 
128 3945431 
128 4311747 
128 4336752 
128 4038277 
128 5392915 
128 2706019 
128 3085132 
128 4220369 
128 3968281 
128 5860017 
128 2319937 
128 2895033 
128 4921745 
128 4878718 
128 3099284 
128 4886904 
128 3014998 
128 2691177 
128 6456219 
128 2040248 
128 1489318 
128 3378148 
128 2971804 
128 1282561 
128 3936178 
128 1212226 
128 3145909 
128 4107831 
128 1932647 
128 3276635 
128 1492360 
128 2809499 
128 4602603 
128 5417029 
128 3612737 
128 3038401 
128 2980600 
128 2604519 
128 1768485 
128 6709076 
128 3006774 
128 3523550 
128 2986953 
128 2140566 
128 3128760 
128 4287328 
128 4615044 
128 3794767 
128 2356497 
128 1605659 
128 4739316 
128 2836157 
128 2928899 
128 3633198 
128 2167356 
128 2352435 
128 3583974 
128 3580728 
128 902866 
128 2656110 
128 1734525 
128 4713741 
128 2482246 
128 3799040 
128 2874238 
128 4557572 
128 1649537 
128 3965261 
128 4039540 
128 2946744 
128 3198230 
128 1492625 
128 6912994 
128 2790723 
128 2342329 
128 5066211 
128 1793288 
128 1627988 
128 2768187 
128 1811373 
128 3444287 
128 4107872 
128 4152818 
128 2521593 
128 1616891 
128 3963641 
128 1522405 
128 3856383 
128 3884250 
128 3023430 
128 5436808 
128 3001513 
128 4601931 
128 1913856 
128 2348796 
128 3111369 
128 1824062 
128 1624198 
128 3809733 
128 3894893 
128 2766110 
128 2440551 
128 1894590 
128 7143218 
128 1166323 
128 1870295 
128 2816273 
128 2066072 
128 3134965 
128 2069621 
128 2336201 
128 5690400 
128 2011837 
128 3238220 
128 3820884 
128 2193038 
128 2671969 
128 2730784 
128 6346889 
128 1845689 
128 1533507 
128 2594144 
128 2966114 
128 2189314 
128 2758325 
128 1063169 
128 5731061 
128 2670315 
128 2821941 
128 2641769 
128 1370724 
128 3942291 
128 3075611 
128 1390469 
128 7833889 
128 1884073 
128 1493440 
128 3450010 
128 3765364 
128 2646609 
128 3593462 
128 3320194 
128 2168377 
128 4150310 
128 3408780 
128 3279503 
128 3178958 
128 5404402 
128 5696891 
128 2501209 
128 4458782 
128 1882572 
128 2280232 
128 2944853 
128 4193369 
128 4163920 
128 2035405 
128 1427352 
128 4703638 
128 3818951 
128 4344740 
128 1441167 
128 1958070 
128 4444085 
128 2444166 
128 3081138 
128 3274346 
128 2970161 
128 3891227 
128 1849554 
128 2405587 
128 2246976 
128 2439511 
128 2166701 
128 3179662 
128 2245062 
128 2318084 
128 1713981 
128 2913121 
128 3994317 
128 4083038 
128 6138429 
128 4279243 
128 2166936 
128 2368763 
128 3123445 
128 1937096 
128 2777069 
128 1337856 
128 4365758 
128 6148421 
128 2060692 
128 4036290 
128 4007577 
128 4458700 
128 3604349 
128 2319250 
128 1889589 
128 1659909 
128 3927733 
128 2602062 
128 1532751 
128 2175267 
128 3196397 
128 2572170 
128 2843863 
128 4592775 
128 2650334 
128 3892102 
128 2791415 
128 2263180 
128 1996379 
128 3326064 
128 3585836 
128 2960138 
128 3095420 
128 3680916 
128 3581010 
128 2236615 
128 3719897 
128 2387245 
128 1918471 
128 3031436 
128 2323861 
128 2266946 
128 2935746 
128 2341274 
128 6233107 
128 3094654 
128 5127035 
128 3227503 
128 1825577 
128 2462567 
128 1587471 
128 3313932 
128 1605391 
128 2907572 
128 3259037 
128 3500386 
128 2258121 
128 2279639 
128 2141014 
128 1811235 
128 3871291 
128 4630816 
128 4054130 
128 1672491 
128 1972323 
128 2545797 
128 1853467 
128 5808909 
128 2116546 
128 1891833 
128 2688188 
128 1889456 
128 2709594 
128 2794618 
128 2812515 
128 4246924 
128 3810419 
128 1710658 
128 3038581 
128 6963575 
128 2932193 
128 4155108 
128 1810693 
128 2709085 
128 3651628 
128 2823808 
128 1811837 
128 4560040 
128 2987359 
128 3467633 
128 2191091 
128 3710855 
128 6211490 
128 3331612 
128 4681055 
128 2786117 
128 2108191 
128 4142521 
128 2436949 
128 2390703 
128 4072170 
128 1618908 
128 1651493 
128 3994117 
128 2439471 
128 2054915 
128 1502670 
128 1907242 
128 4537172 
128 4098095 
128 3749617 
128 7846785 
128 3092181 
128 3385969 
128 3132271 
128 3131877 
128 1860989 
128 1080763 
128 2357135 
128 1286926 
128 2352413 
128 2911546 
128 3206080 
128 4472449 
128 2138942 
128 3133164 
128 3224331 
128 3774316 
128 2537214 
128 1896660 
128 3082183 
128 2738187 
128 3521757 
128 3393455 
128 3315216 
128 3389261 
128 4602006 
128 2221800 
128 1639740 
128 3005659 
128 1836869 
128 2713831 
128 1844150 
128 2496345 
128 4013059 
128 2744117 
128 1709792 
128 5786594 
128 3087984 
128 2265524 
128 3715917 
128 3273830 
128 2829973 
128 1965553 
128 2657573 
128 2322933 
128 3613318 
128 5913349 
128 2326915 
128 3923533 
128 3275245 
128 2645361 
128 6396116 
128 3164889 
128 2810674 
128 5651545 
128 1991938 
128 3167183 
128 3316854 
128 2013862 
128 3029789 
128 3794021 
128 5373378 
128 6253931 
128 3799954 
128 1830394 
128 6328351 
128 2153180 
128 2996668 
128 2791533 
128 2132848 
128 1428057 
128 5705873 
128 2558346 
128 2094512 
128 5116665 
128 1367064 
128 2672100 
128 3426737 
128 1858513 
128 1085264 
128 2545026 
128 7560383 
128 2827679 
128 4955800 
128 5701871 
128 2888542 
128 4034310 
128 4434052 
128 4355805 
128 2432723 
128 2749730 
128 3119438 
128 2130410 
128 1798190 
128 4191899 
128 3830922 
128 1917770 
128 1112008 
128 1712182 
128 3216796 
128 4322653 
128 2350563 
128 1400864 
128 2832141 
128 2287070 
128 4075514 
128 2755249 
128 3630419 
128 2670730 
128 2170084 
128 6843406 
128 2048801 
128 2845180 
128 5185978 
128 3673976 
128 3575314 
128 2658040 
128 2687339 
128 4265810 
128 6004426 
128 1491418 
128 4413796 
128 4047601 
128 3781665 
128 2610668 
128 1615091 
128 3269793 
128 7779861 
128 2679885 
128 3503600 
128 1945633 
128 2712054 
128 2433095 
128 3922590 
128 4777178 
128 2601796 
128 5020449 
128 2545151 
128 3462605 
128 2503933 
128 2449352 
128 5147473 
128 2247481 
128 1820150 
128 1365562 
128 4027265 
128 3777776 
128 2353807 
128 2176000 
128 2202265 
128 5833198 
128 1654095 
128 2609324 
128 4275793 
128 2419913 
128 2734214 
128 6364503 
128 6648080 
128 3758302 
128 4872273 
128 2529244 
128 2661331 
128 4059307 
128 3839487 
128 2260941 
128 876018 
128 2355829 
128 3563600 
128 2335594 
128 2489725 
128 3736339 
128 4378714 
128 2845060 
128 2807613 
128 4186089 
128 5862054 
128 3192588 
128 3900776 
128 2856620 
128 2218257 
128 2106266 
128 1616148 
128 2429026 
128 1905708 
128 1735115 
128 6080755 
128 6648619 
128 4690903 
128 1697061 
128 2269263 
128 4266987 
128 2167958 
128 2578076 
128 2722521 
128 3694268 
128 1662168 
128 1766414 
128 2248335 
128 2651505 
128 2981198 
128 4674525 
128 5898553 
128 4297760 
128 3580738 
128 3274778 
128 2871010 
128 1651207 
128 4163251 
128 3043813 
128 2364499 
128 3582701 
128 2260916 
128 2683534 
128 3006027 
128 2417934 
128 3702543 
128 1559587 
128 1523388 
128 2827752 
128 2864106 
128 5512596 
128 3206724 
128 2152004 
128 3809124 
128 1284707 
128 3118297 
128 4524964 
128 2004617 
128 2829929 
128 3543775 
128 4387005 
128 2247644 
128 3344600 
128 2775325 
128 2437805 
128 4326888 
128 2788596 
128 2420042 
128 2139198 
128 4331668 
128 6334276 
128 3627587 
128 2486931 
128 2423270 
128 3817626 
128 4780123 
128 1740058 
128 2033761 
128 2907521 
128 2759904 
128 3389027 
128 2560517 
128 1505965 
128 4101614 
128 5570069 
128 3781871 
128 5213206 
128 2067524 
128 3263951 
128 4142024 
128 3723021 
128 5049474 
128 2097116 
128 4130589 
128 2552271 
128 2263806 
128 1928247 
128 7105437 
128 3682991 
128 3121440 
128 2732103 
128 1754530 
128 3311497 
128 2020698 
128 3299685 
128 3343169 
128 2494149 
128 6194069 
128 2565619 
128 2074375 
128 3050163 
128 1761261 
128 2407616 
128 1303917 
128 3939634 
128 4955831 
128 3538505 
128 2538188 
128 2226374 
128 3341053 
128 2506032 
128 4174414 
128 2730925 
128 4748156 
128 4548593 
128 4693346 
128 2727014 
128 2050113 
128 2944224 
128 2645443 
128 3364943 
128 1897145 
128 2837317 
128 3937409 
128 3146651 
128 1667498 
128 2800918 
128 2017783 
128 2824733 
128 5810747 
128 2182995 
128 3843992 
128 2038365 
128 8304288 
128 3400336 
128 3328207 
128 3316510 
128 4106839 
128 3270928 
128 2863370 
128 1824162 
128 1881501 
128 3721586 
128 2467275 
128 7619369 
128 3798005 
128 2656664 
128 2668452 
128 5023721 
128 4006936 
128 2425406 
128 4539195 
128 1698169 
128 2455364 
128 2016550 
128 2324027 
128 3896984 
128 1233719 
128 3711482 
128 1929565 
128 2706575 
128 3778989 
128 3593510 
128 3953141 
128 1974790 
128 3823552 
128 1896535 
128 3546844 
128 2672526 
128 2273635 
128 3263168 
128 3123594 
128 2614193 
128 1977777 
128 1933704 
128 4936306 
128 2056597 
128 1354352 
128 4553976 
128 5074687 
128 4754643 
128 2734237 
128 2526304 
128 5742887 
128 1610021 
128 3055423 
128 1546850 
128 2347388 
128 2846829 
128 2140607 
128 1485301 
128 4076457 
128 1850915 
128 3001025 
128 3931757 
128 4614374 
128 3252914 
128 2176486 
128 4889349 
128 3659419 
128 3662997 
128 4991077 
128 1969363 
128 1823030 
128 2403068 
128 3357794 
128 5053933 
128 2043405 
128 1763547 
128 2984532 
128 830390 
128 3678418 
128 2654354 
128 2412002 
128 2918123 
128 2222113 
128 3343832 
128 6527445 
128 2420935 
128 2411354 
128 1950538 
128 3813018 
128 5246327 
128 2590370 
128 3044332 
128 3446622 
128 2394884 
128 4822488 
128 1949668 
128 4055196 
128 1483543 
128 2154440 
128 4029346 
128 2645181 
128 1121113 
128 5401991 
128 2864348 
128 2361568 
128 2247466 
128 1484610 
128 4778740 
128 4117579 
128 2845777 
128 5065954 
128 1978622 
128 3001482 
128 2843513 
128 3598298 
128 3405017 
128 3242316 
128 2812863 
128 2262727 
128 2151309 
128 4114296 
128 2532773 
128 2780086 
128 3358623 
128 3406148 
128 4565571 
128 3050089 
128 2310614 
128 5893281 
128 2221838 
128 3133348 
128 3661445 
128 3530495 
128 2594247 
128 3345380 
128 2823629 
128 1948910 
128 3953184 
128 1516695 
128 2127743 
128 800500 
128 2458247 
128 4294457 
128 2815730 
128 1935606 
128 1419936 
128 2487344 
128 2384835 
128 3826632 
128 3937682 
128 5289524 
128 2359946 
128 5262178 
128 3432986 
128 1874958 
128 4362864 
128 3937098 
128 4204039 
128 2578580 
128 1466804 
128 2972372 
128 1467787 
128 1271750 
128 2050344 
128 3354930 
128 3016186 
128 3115034 
128 1534484 
128 4671230 
128 2298576 
128 2145934 
128 3095716 
128 3122051 
128 5259623 
128 2938515 
128 3677653 
128 3520749 
128 3025584 
128 2197935 
128 2691139 
128 4129411 
128 1701189 
128 2469832 
128 5463656 
128 1818607 
128 4096536 
128 6089196 
128 2748142 
128 3547069 
128 1748500 
128 1238313 
128 2549317 
128 2886708 
128 2466431 
128 2766596 
128 5345317 
128 4141623 
128 5485138 
128 3787069 
128 3188400 
128 2492007 
128 4171120 
128 3832695 
128 3975657 
128 3723054 
128 2390738 
128 3919431 
128 1937150 
128 2076020 
128 3349449 
128 2323391 
128 3224567 
128 2561581 
128 3036405 
128 5338922 
128 2331007 
128 3442267 
128 3967879 
128 2751938 
128 5665711 
128 1299021 
128 1390715 
128 3917533 
128 1919673 
128 4220566 
128 5475863 
128 3633057 
128 4384476 
128 1722830 
128 3368363 
128 2672548 
128 2416166 
128 4705124 
128 1894680 
128 1788733 
128 4270211 
128 2720405 
128 2420917 
128 7926199 
128 2262404 
128 2819203 
128 1961478 
128 5845907 
128 2375697 
128 2919643 
128 2993935 
128 5257217 
128 2587276 
128 4050630 
128 1429910 
128 3036526 
128 3650429 
128 2466169 
128 2332475 
128 3518470 
128 3779871 
128 2856692 
128 2124820 
128 1934031 
128 1969103 
128 3180861 
128 3648316 
128 2660841 
128 2623575 
128 1547595 
128 3169769 
128 3734564 
128 3529088 
128 3046282 
128 4122718 
128 7647388 
128 3562054 
128 1805255 
128 4299350 
128 2039621 
128 3410504 
128 5647317 
128 2901133 
128 3812198 
128 1901399 
128 1457490 
128 4447612 
128 2281732 
128 2657431 
128 2835001 
128 2760423 
128 5352147 
128 1402623 
128 2471411 
128 1923545 
128 4662404 
128 3591024 
128 3425831 
128 2393208 
128 2027793 
128 3232953 
128 1795929 
128 5764924 
128 2411526 
128 1463488 
128 4079706 
128 2594128 
128 1699847 
128 3726077 
128 1927342 
128 3470885 
128 4500693 
128 2590184 
128 2452251 
128 1843971 
128 4216207 
128 5199620 
128 5300668 
128 2240630 
128 3944582 
128 4226472 
128 2103724 
128 2569190 
128 8100991 
128 1960640 
128 1920339 
128 2271224 
128 2448307 
128 6303963 
128 1713092 
128 1805665 
128 3693448 
128 1373117 
128 2315519 
128 2961602 
128 2518487 
128 4527547 
128 2772437 
128 2688652 
128 1830412 
128 2535615 
128 2400561 
128 2707778 
128 3436510 
128 1136495 
128 784595 
128 2179467 
128 6651230 
128 3173727 
128 3811827 
128 4906773 
128 3881577 
128 3694879 
128 3852490 
128 2871640 
128 3424574 
128 2880100 
128 3373906 
128 2759017 
128 2306954 
128 2492469 
128 5019775 
128 3543742 
128 2959675 
128 3433727 
128 3525375 
128 4205140 
128 2446817 
128 3266020 
128 2040636 
128 3985188 
128 2768075 
128 3524251 
128 2195605 
128 6137326 
128 9281781 
128 3842453 
128 5339687 
128 3738807 
128 3655320 
128 1747464 
128 2484109 
128 5959619 
128 3018640 
128 3800712 
128 3313560 
128 1007461 
128 2808590 
128 3930225 
128 2729805 
128 3195629 
128 3778749 
128 2337510 
128 5219569 
128 2073565 
128 3418856 
128 3529134 
128 2397264 
128 6440275 
128 3460427 
128 1403476 
128 5006736 
128 2977729 
128 2749973 
128 4296711 
128 3436372 
128 3158558 
128 2637387 
128 3402533 
128 3020613 
128 2845486 
128 2728771 
128 2956753 
128 1305531 
128 1759106 
128 2160831 
128 10395961 
128 2799748 
128 2549308 
128 2507194 
128 1512933 
128 3559200 
128 3972358 
128 3341111 
128 2935298 
128 3900659 
128 1339141 
128 2358816 
128 4051965 
128 3066976 
128 3613766 
128 3561836 
128 2748861 
128 2544033 
128 7138062 
128 3671406 
128 1718105 
128 6038122 
128 4013113 
128 2118126 
128 4859381 
128 2302765 
128 2803985 
128 5432432 
128 2953434 
128 2991861 
128 1704607 
128 3327535 
128 5354909 
128 1535187 
128 4008094 
128 2586464 
128 3472718 
128 3589510 
128 2208556 
128 2115063 
128 2737899 
128 2998641 
128 3990289 
128 2807413 
128 1931777 
128 4950929 
128 2374878 
128 3365074 
128 2206229 
128 1993300 
128 2634547 
128 1987154 
128 4562407 
128 2404861 
128 2597788 
128 2667496 
128 4614854 
128 3080634 
128 2361845 
128 3394052 
128 1520559 
128 1663455 
128 4090095 
128 2271712 
128 3520943 
128 2121779 
128 1866299 
128 4045733 
128 1663781 
128 1399258 
128 3317297 
128 3160476 
128 2702891 
128 8779210 
128 2367916 
128 2438226 
128 3772005 
128 3952136 
128 4550035 
128 2880308 
128 2040417 
128 2602249 
128 3300132 
128 2498821 
128 2638579 
128 4422212 
128 1388790 
128 1590183 
128 3102113 
128 6314668 
128 4864678 
128 3643294 
128 5561553 
128 2069067 
128 3001417 
128 2966602 
128 2141556 
128 5769717 
128 2426508 
128 2316915 
128 5338607 
128 2489336 
128 2526707 
128 1916800 
128 3900789 
128 3913962 
128 1453410 
128 2711507 
128 2683164 
128 2951751 
128 4056015 
128 5360441 
128 3654119 
128 3848632 
128 2930259 
128 4022080 
128 2037112 
128 3036564 
128 3651506 
128 4696967 
128 2667502 
128 3698507 
128 3811754 
128 1778424 
128 3336360 
128 1563030 
128 1449792 
128 3270082 
128 2624172 
128 2611320 
128 2048773 
128 2331513 
128 2986200 
128 4958941 
128 3138030 
128 1864777 
128 4822383 
128 2645505 
128 1209936 
128 4385299 
128 1959517 
128 1865557 
128 3909240 
128 1680231 
128 2143419 
128 4393908 
128 1678936 
128 2378091 
128 2363493 
128 6230164 
128 2995623 
128 3783818 
128 2725504 
128 2419916 
128 3961877 
128 4012273 
128 2688112 
128 2494373 
128 2110930 
128 3221843 
128 5869400 
128 2165300 
128 2143635 
128 2730446 
