512 2900174 
512 5253023 
512 5502647 
512 3118623 
512 3388973 
512 2789480 
512 2769335 
512 2612352 
512 5281691 
512 6605210 
512 5918630 
512 7825127 
512 4184476 
512 3781405 
512 7288185 
512 3580361 
512 4304074 
512 4834223 
512 6942051 
512 3540501 
512 6437837 
512 8967374 
512 7012253 
512 6575259 
512 5164957 
512 3404402 
512 2898052 
512 5815699 
512 8643384 
512 7102818 
512 3125382 
512 8561678 
512 4159697 
512 8280718 
512 4888419 
512 2753439 
512 5691864 
512 2986150 
512 5289326 
512 2417805 
512 2590322 
512 3758470 
512 4216145 
512 6529592 
512 3837632 
512 4952799 
512 5703793 
512 4962317 
512 1206038 
512 9220761 
512 7188554 
512 3514962 
512 2106292 
512 4156405 
512 2384183 
512 4416089 
512 3866172 
512 4830833 
512 2468318 
512 6932880 
512 4536621 
512 7547646 
512 5301107 
512 7419161 
512 5019346 
512 3904637 
512 3405352 
512 3661041 
512 2846989 
512 6345432 
512 2777402 
512 4229939 
512 2268931 
512 2721175 
512 5802669 
512 2623657 
512 4583320 
512 3927194 
512 2261736 
512 1910194 
512 4891256 
512 4541768 
512 4313768 
512 7562794 
512 4588604 
512 4333114 
512 2498544 
512 2915436 
512 3230165 
512 6682169 
512 7006351 
512 7808842 
512 4457284 
512 5744675 
512 5516734 
512 4351591 
512 6196488 
512 6657578 
512 4093387 
512 4270582 
512 4391304 
512 4356735 
512 5124515 
512 5708868 
512 3736994 
512 3572677 
512 4989693 
512 6152154 
512 2760125 
512 2978241 
512 5980913 
512 1978950 
512 2605702 
512 4178473 
512 5101524 
512 3096680 
512 5485274 
512 4811987 
512 3646771 
512 3473409 
512 4586252 
512 6176347 
512 3376985 
512 4199108 
512 2647178 
512 5289423 
512 2717057 
512 5067448 
512 3444782 
512 3279232 
512 3612706 
512 5733252 
512 5037607 
512 3999964 
512 3215639 
512 3167280 
512 6234383 
512 5169129 
512 7439690 
512 4165990 
512 3632167 
512 3365467 
512 7697398 
512 6615784 
512 3936412 
512 2726555 
512 4318205 
512 6814989 
512 4673007 
512 1834449 
512 6572676 
512 5053171 
512 5546171 
512 6960196 
512 4558551 
512 4958980 
512 3184455 
512 2504829 
512 2640581 
512 2037255 
512 4458217 
512 3745664 
512 3310834 
512 5938033 
512 4036155 
512 1990529 
512 6517875 
512 4311464 
512 5086254 
512 5264266 
512 3353487 
512 6195489 
512 2779342 
512 6058104 
512 4587390 
512 8441882 
512 4309415 
512 3878304 
512 4404073 
512 3498806 
512 4397837 
512 4147009 
512 3385164 
512 6727176 
512 3863716 
512 2270752 
512 5664098 
512 4307335 
512 5435640 
512 4353323 
512 2613730 
512 4942375 
512 6099754 
512 2101571 
512 5494388 
512 4637660 
512 3471709 
512 6914728 
512 5044829 
512 1960114 
512 3872944 
512 4536765 
512 4241194 
512 4013098 
512 6697663 
512 4808554 
512 3286205 
512 3936286 
512 3888301 
512 7746870 
512 3356051 
512 3110590 
512 6412679 
512 3389671 
512 2760527 
512 7099611 
512 1550503 
512 3754619 
512 7523973 
512 3031251 
512 4896757 
512 9015256 
512 4376232 
512 2652138 
512 3982966 
512 4293196 
512 3936247 
512 6799836 
512 5354654 
512 2931348 
512 5161018 
512 5446067 
512 5016057 
512 4347122 
512 4399643 
512 3851088 
512 3568573 
512 2448890 
512 3319862 
512 2291505 
512 4257492 
512 4949646 
512 4936418 
512 2620617 
512 3208543 
512 6525056 
512 4489003 
512 5532255 
512 2618877 
512 3855125 
512 1835082 
512 3315865 
512 5580031 
512 4089820 
512 3137853 
512 3500475 
512 3364480 
512 4235637 
512 2476004 
512 2804524 
512 4125763 
512 3228797 
512 7225862 
512 5664236 
512 2131096 
512 3925727 
512 3225276 
512 3729518 
512 2606315 
512 4546977 
512 5139059 
512 2215032 
512 6344718 
512 3305237 
512 1966970 
512 3095511 
512 4553828 
512 7247521 
512 4480625 
512 4479938 
512 4924803 
512 3807798 
512 7107379 
512 4981222 
512 4565423 
512 4745089 
512 4053474 
512 2045347 
512 4966767 
512 8682165 
512 3762572 
512 2935811 
512 2254517 
512 3547936 
512 4722477 
512 3438416 
512 4214542 
512 3411639 
512 3926478 
512 3693647 
512 5035838 
512 3281796 
512 2548487 
512 4362088 
512 6397735 
512 4090183 
512 3647620 
512 2786820 
512 6397856 
512 3963444 
512 6761813 
512 6605413 
512 3558815 
512 1865890 
512 4811438 
512 7644563 
512 6491352 
512 3212427 
512 6255562 
512 6590455 
512 3645226 
512 8344109 
512 5590736 
512 4599441 
512 4434228 
512 3599455 
512 2417736 
512 5121982 
512 3075694 
512 2049875 
512 5818002 
512 3024907 
512 2304381 
512 4623106 
512 8372022 
512 5084776 
512 5169431 
512 2742351 
512 4738886 
512 4976863 
512 5076215 
512 8521625 
512 4661730 
512 2516818 
512 5192279 
512 4879728 
512 3782404 
512 6683934 
512 1576371 
512 4660706 
512 2350099 
512 6447338 
512 4431855 
512 2813826 
512 6357429 
512 5412135 
512 2409767 
512 4860245 
512 3985987 
512 3279904 
512 4463763 
512 3309327 
512 6519289 
512 4210296 
512 2864064 
512 2368571 
512 7398165 
512 5064416 
512 5006832 
512 2758930 
512 4062412 
512 2838254 
512 2647142 
512 5968082 
512 3928252 
512 3160762 
512 1816529 
512 3366525 
512 3945829 
512 3276916 
512 4072837 
512 3125680 
512 6970498 
512 4127825 
512 4786560 
512 2903335 
512 4504506 
512 4373587 
512 4913565 
512 1790801 
512 4495927 
512 4310230 
512 2468521 
512 4884263 
512 1999132 
512 3023016 
512 2262546 
512 6409025 
512 6156822 
512 4177139 
512 6198876 
512 5090287 
512 8966877 
512 3526128 
512 3100803 
512 3866326 
512 7216983 
512 3434433 
512 2399265 
512 6083722 
512 2376928 
512 2566664 
512 4824416 
512 5127005 
512 5355195 
512 3272761 
512 3700141 
512 3320364 
512 3172137 
512 2894696 
512 7506015 
512 8970067 
512 3323439 
512 4697417 
512 3244476 
512 1917813 
512 7269348 
512 3010911 
512 6781524 
512 5479282 
512 2880948 
512 2795348 
512 4340441 
512 3356712 
512 4417006 
512 4564216 
512 4431044 
512 3784287 
512 3077947 
512 5375785 
512 4951954 
512 5592897 
512 6162792 
512 3332548 
512 3718927 
512 4645219 
512 3942074 
512 4994194 
512 5029452 
512 3803482 
512 2596461 
512 2763700 
512 4977158 
512 3492719 
512 3373069 
512 2989193 
512 7000331 
512 2842731 
512 4520812 
512 2848178 
512 3362824 
512 2484137 
512 4366047 
512 4984808 
512 6029070 
512 2596631 
512 5109882 
512 5756890 
512 2854843 
512 3436953 
512 4325541 
512 2314958 
512 4356558 
512 3521631 
512 6336171 
512 5331680 
512 3717774 
512 3343256 
512 3742486 
512 4240850 
512 2403121 
512 2402019 
512 3226361 
512 2549234 
512 2784779 
512 6760488 
512 6169551 
512 5373721 
512 4879945 
512 2937125 
512 1459637 
512 1936974 
512 4159445 
512 5110856 
512 3187870 
512 5256230 
512 4585408 
512 3125797 
512 4970179 
512 6221272 
512 6880296 
512 4316662 
512 2762081 
512 2345544 
512 3200074 
512 4376667 
512 4425853 
512 2629430 
512 4724602 
512 3981672 
512 4672592 
512 3359292 
512 3656649 
512 5094472 
512 3956577 
512 6555548 
512 5454995 
512 5135713 
512 4302676 
512 3220087 
512 4889245 
512 4794382 
512 8528222 
512 5640500 
512 2829437 
512 3363430 
512 4923309 
512 3567691 
512 2406691 
512 5144436 
512 3364589 
512 2267928 
512 3358999 
512 3030804 
512 1808835 
512 4454606 
512 3238474 
512 8507220 
512 4550997 
512 6664780 
512 3214434 
512 4991971 
512 3009698 
512 6190699 
512 1675000 
512 5045942 
512 3865647 
512 2310939 
512 5972544 
512 4308081 
512 4455017 
512 4199258 
512 3046202 
512 4576322 
512 6334946 
512 4287343 
512 8263562 
512 2384005 
512 7742579 
512 3961364 
512 2466024 
512 5261547 
512 3404872 
512 3376093 
512 4190077 
512 7826382 
512 4126171 
512 3874425 
512 4275957 
512 3408751 
512 4526305 
512 2472107 
512 5903888 
512 3361119 
512 3860773 
512 2519734 
512 4483630 
512 4006051 
512 11289395 
512 5705028 
512 3921682 
512 6662844 
512 3800731 
512 1051591 
512 3681155 
512 3908458 
512 6331911 
512 3910019 
512 6928877 
512 5250733 
512 4554437 
512 3494603 
512 2608664 
512 3085691 
512 2970721 
512 13064267 
512 2892456 
512 3989409 
512 3601710 
512 4125088 
512 2769478 
512 3167905 
512 4414235 
512 8167723 
512 8668790 
512 5589586 
512 7001654 
512 3882604 
512 3792017 
512 4633977 
512 4098347 
512 3182621 
512 2511833 
512 4720210 
512 5350935 
512 3170199 
512 2061242 
512 5586240 
512 3154214 
512 4785552 
512 4072770 
512 4525667 
512 4398781 
512 4646603 
512 3355696 
512 9340062 
512 4382258 
512 5740176 
512 2713960 
512 4646830 
512 5913873 
512 2111062 
512 6966247 
512 7026273 
512 3308793 
512 6908569 
512 6850015 
512 2724570 
512 4857697 
512 2846816 
512 3081045 
512 6168827 
512 4252275 
512 3010351 
512 3858821 
512 11697517 
512 4583752 
512 3388989 
512 3312524 
512 3752711 
512 1996991 
512 5902298 
512 6785428 
512 5044200 
512 4237916 
512 4511823 
512 8179414 
512 4515277 
512 3049720 
512 4231143 
512 2946431 
512 6001429 
512 2676386 
512 3183132 
512 4704876 
512 3583242 
512 7248152 
512 2633647 
512 5202433 
512 5555256 
512 5159132 
512 2981779 
512 6331784 
512 4158756 
512 6925616 
512 4743907 
512 7381080 
512 2917751 
512 2759770 
512 3338044 
512 5443876 
512 1826641 
512 3134135 
512 6111788 
512 6859459 
512 2525349 
512 2613921 
512 4493002 
512 3338818 
512 5447916 
512 3365547 
512 2972578 
512 3189554 
512 2887793 
512 8888454 
512 4382751 
512 3509567 
512 2363112 
512 2321266 
512 3915747 
512 3291127 
512 2352321 
512 2974614 
512 6823252 
512 5109376 
512 3204409 
512 6191145 
512 8012407 
512 3154525 
512 5092615 
512 3800658 
512 2764465 
512 1535962 
512 4143812 
512 4252048 
512 3885940 
512 5182368 
512 3140872 
512 2739693 
512 7336083 
512 4124051 
512 7499830 
512 3046063 
512 2312436 
512 3541239 
512 4329100 
512 2037422 
512 3692198 
512 3489452 
512 2388172 
512 5833880 
512 4837628 
512 3662522 
512 4829134 
512 4851729 
512 5077446 
512 4106176 
512 4532494 
512 4255976 
512 6386960 
512 4876850 
512 3561300 
512 4028976 
512 5237934 
512 4461785 
512 4583524 
512 3365712 
512 2123370 
512 1368079 
512 6294034 
512 3249491 
512 2208061 
512 6378449 
512 6527656 
512 3104374 
512 6062662 
512 3805077 
512 6587225 
512 4557602 
512 2482778 
512 2427800 
512 5246307 
512 4891332 
512 2541791 
512 3708081 
512 3349392 
512 5364952 
512 4543428 
512 5580229 
512 3385132 
512 4564825 
512 2641985 
512 3899578 
512 2978319 
512 6040743 
512 4576526 
512 2609268 
512 1955268 
512 4063570 
512 9480323 
512 7331616 
512 5807424 
512 6530186 
512 7016917 
512 4140571 
512 3132092 
512 3417737 
512 4119991 
512 3951424 
512 5057915 
512 3643485 
512 6388716 
512 4518158 
512 2202932 
512 2316275 
512 3011240 
512 6434792 
512 5597130 
512 2783152 
512 4140492 
512 3955834 
512 2866506 
512 2887288 
512 4524428 
512 4056155 
512 3609551 
512 4557789 
512 2217809 
512 4241463 
512 9501199 
512 4429302 
512 2106179 
512 5896205 
512 4002564 
512 6396564 
512 3691838 
512 2854831 
512 6246302 
512 4161648 
512 4651645 
512 5938441 
512 6404483 
512 6024925 
512 3251070 
512 3112328 
512 5641594 
512 6196117 
512 3257135 
512 2237854 
512 3824190 
512 4103529 
512 4607176 
512 3902644 
512 3068084 
512 5942457 
512 3374262 
512 5595987 
512 3161451 
512 3819166 
512 2995842 
512 4265236 
512 2772269 
512 2599849 
512 7545550 
512 4529644 
512 3170194 
512 8963922 
512 3388811 
512 6601104 
512 3536862 
512 4216745 
512 3124163 
512 4626329 
512 3991512 
512 2585992 
512 2886547 
512 1820949 
512 4576376 
512 4083956 
512 3874852 
512 2735528 
512 4039865 
512 4435931 
512 1851766 
512 1337466 
512 4026052 
512 5305522 
512 7839687 
512 5986069 
512 4804007 
512 5929030 
512 3585841 
512 4136049 
512 6249170 
512 5685478 
512 6054395 
512 4940888 
512 3609568 
512 4539464 
512 3249355 
512 10215465 
512 5817532 
512 5501450 
512 2775259 
512 3479405 
512 5163219 
512 5249385 
512 3317951 
512 4222990 
512 5748667 
512 3857012 
512 3423990 
512 5049036 
512 4409111 
512 6435269 
512 2823774 
512 4900959 
512 4182558 
512 5525744 
512 5345773 
512 4520530 
512 4829520 
512 1825734 
512 2899644 
512 3817361 
512 4060576 
512 4652369 
512 2531320 
512 6605505 
512 5022768 
512 1970033 
512 6329182 
512 6192486 
512 4555324 
512 4384916 
512 6360735 
512 2867322 
512 7508842 
512 3434845 
512 3244033 
512 4606404 
512 4230148 
512 2758692 
512 9461429 
512 2392062 
512 3959579 
512 5921407 
512 4257069 
512 4676983 
512 4324712 
512 3165830 
512 4249857 
512 3969117 
512 4647589 
512 3291538 
512 3870757 
512 4260611 
512 4732599 
512 3779391 
512 2479028 
512 2520166 
512 3657501 
512 3366822 
512 3020547 
512 2515932 
512 2255222 
512 6016488 
512 4513096 
512 3854550 
512 4152740 
512 5664391 
512 4519413 
512 4390665 
512 4068278 
512 4392973 
512 2732545 
512 5082570 
512 8238326 
512 5095511 
512 3757901 
512 5092321 
512 4286952 
512 4058526 
512 4339330 
512 3946469 
512 3012161 
512 6644551 
512 2398548 
512 4455212 
512 6752199 
512 6364737 
512 6371155 
512 3341133 
512 5669936 
512 3662611 
512 5055801 
512 2940035 
512 2535634 
512 2307620 
512 4688560 
512 3892888 
512 5073212 
512 5220831 
512 2908580 
512 4304414 
512 2170336 
512 3186504 
512 2859427 
512 3337029 
512 3609010 
512 2744944 
512 3920372 
512 3656470 
512 5815903 
512 3709580 
512 6607898 
512 5684817 
512 3287980 
512 5399911 
512 4274910 
