8192 2763470 
8192 5018838 
8192 4470077 
8192 2784862 
8192 3265961 
8192 2672111 
8192 3471654 
8192 2271779 
8192 5457311 
8192 6417612 
8192 5588978 
8192 4845060 
8192 4613006 
8192 4112089 
8192 5901743 
8192 4493695 
8192 3624437 
8192 3920911 
8192 6562988 
8192 3104157 
8192 5984700 
8192 8621160 
8192 7338038 
8192 7044106 
8192 4675866 
8192 2884948 
8192 4750740 
8192 5646123 
8192 7756512 
8192 7701832 
8192 3017490 
8192 7864890 
8192 3980894 
8192 8668607 
8192 3691911 
8192 2821495 
8192 5964422 
8192 3035748 
8192 5023605 
8192 1966982 
8192 2492878 
8192 3615176 
8192 3777885 
8192 6415072 
8192 3647383 
8192 4029749 
8192 4855509 
8192 3917114 
8192 1219338 
8192 8721258 
8192 6016538 
8192 2472912 
8192 2049252 
8192 3644079 
8192 2592764 
8192 4286424 
8192 3175327 
8192 4175710 
8192 2435946 
8192 5790479 
8192 4128514 
8192 7048840 
8192 5643139 
8192 6352010 
8192 4881418 
8192 3735790 
8192 2757667 
8192 3475964 
8192 2752126 
8192 5479910 
8192 2570367 
8192 3982936 
8192 2240843 
8192 2686600 
8192 3577562 
8192 2516256 
8192 3521866 
8192 3693927 
8192 2258310 
8192 1892828 
8192 4718656 
8192 4064058 
8192 4357934 
8192 8001038 
8192 3746741 
8192 3215472 
8192 2375640 
8192 2261786 
8192 3105171 
8192 6719588 
8192 6969793 
8192 3693161 
8192 4269720 
8192 5409468 
8192 4786476 
8192 3487048 
8192 6407225 
8192 6535010 
8192 3836338 
8192 4259740 
8192 3482154 
8192 4166771 
8192 4825939 
8192 6998977 
8192 4232703 
8192 2969184 
8192 4520501 
8192 6117410 
8192 2536444 
8192 2768512 
8192 4885038 
8192 2469900 
8192 2656725 
8192 4391623 
8192 4736746 
8192 3019453 
8192 5252016 
8192 4043885 
8192 3663988 
8192 2800817 
8192 4855550 
8192 5267218 
8192 3898923 
8192 4515832 
8192 2652987 
8192 5131088 
8192 2768323 
8192 5016504 
8192 4270604 
8192 3091007 
8192 3385841 
8192 5797096 
8192 3919007 
8192 3826164 
8192 3148060 
8192 3038103 
8192 5764677 
8192 5104087 
8192 6173424 
8192 3996097 
8192 3367844 
8192 2643660 
8192 7101714 
8192 5630746 
8192 3186120 
8192 2441870 
8192 4345912 
8192 5159795 
8192 4560933 
8192 2109882 
8192 5612117 
8192 5567912 
8192 5267079 
8192 6183345 
8192 4365047 
8192 5147317 
8192 3109692 
8192 2572052 
8192 2537691 
8192 1813250 
8192 3794961 
8192 4098081 
8192 3207338 
8192 5653278 
8192 3774662 
8192 2008638 
8192 6162811 
8192 4424650 
8192 4555029 
8192 5403446 
8192 3144541 
8192 6053499 
8192 2850784 
8192 5221140 
8192 4871412 
8192 6935033 
8192 3778495 
8192 4231665 
8192 4359605 
8192 3975157 
8192 3985664 
8192 4033435 
8192 3245832 
8192 7437400 
8192 3785739 
8192 2520150 
8192 4754084 
8192 4099998 
8192 5156814 
8192 4322549 
8192 2618418 
8192 4625354 
8192 5414336 
8192 2439126 
8192 4935663 
8192 4613723 
8192 3469115 
8192 6806947 
8192 5529632 
8192 1872450 
8192 3783457 
8192 4597466 
8192 4333930 
8192 4092575 
8192 5282701 
8192 4631711 
8192 3103644 
8192 3606304 
8192 3145735 
8192 6683517 
8192 3227980 
8192 3387744 
8192 6122554 
8192 3310099 
8192 2459705 
8192 7307479 
8192 1629360 
8192 3044720 
8192 6627159 
8192 2970308 
8192 4333854 
8192 7610034 
8192 3998563 
8192 2555513 
8192 3891332 
8192 4010922 
8192 3499516 
8192 5688608 
8192 4927574 
8192 2858937 
8192 4437337 
8192 4898148 
8192 5000765 
8192 3999923 
8192 3768011 
8192 3663909 
8192 2593003 
8192 2370174 
8192 3244225 
8192 2188951 
8192 3483634 
8192 4354023 
8192 4662004 
8192 2923564 
8192 3150190 
8192 6108838 
8192 4451522 
8192 4850297 
8192 2573733 
8192 3650760 
8192 1855670 
8192 3406374 
8192 5507006 
8192 4163060 
8192 2212683 
8192 3446845 
8192 3311639 
8192 4280901 
8192 2398966 
8192 2728905 
8192 3550863 
8192 2148397 
8192 7349518 
8192 5745929 
8192 2052523 
8192 3980822 
8192 3586533 
8192 3525384 
8192 2404878 
8192 4536566 
8192 4189169 
8192 2163520 
8192 6150681 
8192 3365568 
8192 1858095 
8192 2918099 
8192 4089642 
8192 6871932 
8192 4197334 
8192 4247712 
8192 5296338 
8192 3513566 
8192 6243624 
8192 4714181 
8192 4315185 
8192 4496318 
8192 3829527 
8192 1959201 
8192 4849806 
8192 8775577 
8192 3698921 
8192 2799947 
8192 2314282 
8192 3439535 
8192 4753110 
8192 2994709 
8192 4198771 
8192 3116070 
8192 3870032 
8192 3758634 
8192 4898790 
8192 3478240 
8192 2568254 
8192 4346509 
8192 6571632 
8192 4300669 
8192 3209575 
8192 2870142 
8192 6028936 
8192 3919458 
8192 8116870 
8192 6424765 
8192 3528036 
8192 1846767 
8192 4326857 
8192 6861209 
8192 6624704 
8192 3273027 
8192 6398312 
8192 5610797 
8192 3660210 
8192 8281565 
8192 5077490 
8192 4599804 
8192 4318534 
8192 3112024 
8192 2482726 
8192 5155479 
8192 2206324 
8192 1852949 
8192 5464912 
8192 3082078 
8192 2282405 
8192 4255426 
8192 7797192 
8192 4979430 
8192 4409106 
8192 2843078 
8192 4509323 
8192 4894305 
8192 4619342 
8192 8002554 
8192 3810663 
8192 2502803 
8192 4411606 
8192 4756522 
8192 3633124 
8192 5515906 
8192 1524468 
8192 4475360 
8192 2156089 
8192 6621308 
8192 4216575 
8192 2775438 
8192 6524059 
8192 5059244 
8192 2185606 
8192 4741873 
8192 3799733 
8192 2682398 
8192 4517974 
8192 2799456 
8192 8244041 
8192 3891164 
8192 2586002 
8192 2741955 
8192 6214915 
8192 4953618 
8192 5339589 
8192 2669231 
8192 3847327 
8192 2871522 
8192 2710832 
8192 5843185 
8192 3766714 
8192 3111381 
8192 1838265 
8192 2941654 
8192 3347022 
8192 3692600 
8192 3988579 
8192 3250752 
8192 5713550 
8192 4278510 
8192 4386487 
8192 2701842 
8192 4423659 
8192 3871656 
8192 4594963 
8192 1779513 
8192 4343462 
8192 4058762 
8192 2298947 
8192 5449644 
8192 2048067 
8192 2946757 
8192 2124464 
8192 6151448 
8192 6119253 
8192 3688149 
8192 5017520 
8192 4588161 
8192 7661821 
8192 3433833 
8192 2992566 
8192 3670739 
8192 6883982 
8192 3179643 
8192 2263844 
8192 6029208 
8192 2312355 
8192 2388686 
8192 4002438 
8192 5566290 
8192 4879732 
8192 3172155 
8192 3523952 
8192 3483764 
8192 3042688 
8192 2904581 
8192 5933374 
8192 8939252 
8192 3574864 
8192 4624843 
8192 3063448 
8192 2048317 
8192 6589339 
8192 3195962 
8192 6146495 
8192 5526607 
8192 2951523 
8192 2830659 
8192 3489266 
8192 3113182 
8192 4183122 
8192 4252418 
8192 4235869 
8192 3843615 
8192 2954881 
8192 4697417 
8192 4860722 
8192 5600542 
8192 6307592 
8192 3123151 
8192 3618579 
8192 4684186 
8192 3681290 
8192 4840978 
8192 5674321 
8192 3758404 
8192 2548120 
8192 2606718 
8192 5102505 
8192 3612229 
8192 3604164 
8192 2970334 
8192 7328806 
8192 2852564 
8192 4081424 
8192 2865200 
8192 3109470 
8192 2242814 
8192 4442170 
8192 4597682 
8192 6285723 
8192 2643004 
8192 4692585 
8192 5523656 
8192 2695797 
8192 3229544 
8192 3776379 
8192 2127101 
8192 4346582 
8192 3384717 
8192 5368390 
8192 5747483 
8192 4031652 
8192 3265410 
8192 3726970 
8192 4019112 
8192 2369053 
8192 2464641 
8192 3058137 
8192 2471963 
8192 2946921 
8192 5744863 
8192 5763315 
8192 4639501 
8192 4862993 
8192 2732447 
8192 1508964 
8192 1969220 
8192 3535383 
8192 5131508 
8192 3224402 
8192 4815684 
8192 4325654 
8192 3069839 
8192 4414590 
8192 5347551 
8192 5551542 
8192 3895554 
8192 2708549 
8192 2197182 
8192 2810324 
8192 4696256 
8192 4206542 
8192 2529502 
8192 3989181 
8192 3956777 
8192 4646614 
8192 3120316 
8192 3602138 
8192 5276916 
8192 3524053 
8192 5760658 
8192 4515428 
8192 4981747 
8192 4248371 
8192 2915864 
8192 5342157 
8192 4765996 
8192 8229444 
8192 5516454 
8192 2755066 
8192 3256132 
8192 4350190 
8192 3522441 
8192 2200840 
8192 4021023 
8192 3145337 
8192 2466619 
8192 3254953 
8192 2974124 
8192 1645612 
8192 4010310 
8192 3281804 
8192 9026091 
8192 4586865 
8192 6937683 
8192 3266527 
8192 5332939 
8192 3028363 
8192 6894546 
8192 1622994 
8192 5055287 
8192 3815129 
8192 2258033 
8192 6234499 
8192 4384157 
8192 4265068 
8192 3711008 
8192 3212553 
8192 4412197 
8192 6170378 
8192 4201128 
8192 8322143 
8192 2407095 
8192 6909827 
8192 3869972 
8192 2522131 
8192 5333736 
8192 3251226 
8192 3252054 
8192 4030080 
8192 7622238 
8192 4009739 
8192 3829256 
8192 4172390 
8192 3189435 
8192 4003204 
8192 2393879 
8192 5693264 
8192 3431086 
8192 3756437 
8192 2630600 
8192 4483282 
8192 3944263 
8192 10128085 
8192 5463374 
8192 3366888 
8192 6828989 
8192 3481944 
8192 1121305 
8192 3645401 
8192 3820724 
8192 6252817 
8192 3453185 
8192 6941608 
8192 4947444 
8192 4777633 
8192 3228499 
8192 2467320 
8192 3384513 
8192 2760662 
8192 10631937 
8192 2529701 
8192 3690469 
8192 3552718 
8192 4017336 
8192 2697187 
8192 2907288 
8192 4380222 
8192 8022562 
8192 6828001 
8192 5226426 
8192 6525758 
8192 3821626 
8192 3644495 
8192 4503421 
8192 3967292 
8192 2564100 
8192 2419662 
8192 4597082 
8192 4793626 
8192 3047689 
8192 2069781 
8192 5059381 
8192 2996435 
8192 5032509 
8192 3772661 
8192 4328829 
8192 3863908 
8192 4378448 
8192 3307194 
8192 9452620 
8192 4363290 
8192 6092542 
8192 2597564 
8192 3725147 
8192 4915681 
8192 2056692 
8192 6353422 
8192 6002623 
8192 3286061 
8192 6349060 
8192 5818323 
8192 2557947 
8192 3773070 
8192 2897288 
8192 3112809 
8192 5529631 
8192 3264812 
8192 2857168 
8192 3766206 
8192 4900937 
8192 4202455 
8192 3156453 
8192 3038320 
8192 2890226 
8192 1942676 
8192 5582137 
8192 5600541 
8192 4701709 
8192 4153329 
8192 4388455 
8192 7229433 
8192 4387002 
8192 2246854 
8192 4292913 
8192 3143066 
8192 5999590 
8192 2655172 
8192 3078175 
8192 4732002 
8192 3515315 
8192 6003479 
8192 2577478 
8192 4977488 
8192 5618391 
8192 5034003 
8192 2769211 
8192 5173027 
8192 4010023 
8192 6032135 
8192 4892179 
8192 6462851 
8192 2861818 
8192 2793844 
8192 3081475 
8192 5090050 
8192 1725986 
8192 3024489 
8192 5871443 
8192 5121607 
8192 2401168 
8192 2666339 
8192 4278337 
8192 3242452 
8192 5096813 
8192 3286231 
8192 2834523 
8192 3309218 
8192 2261285 
8192 7989043 
8192 4362481 
8192 3397709 
8192 2316161 
8192 2238838 
8192 3825196 
8192 3206332 
8192 2412349 
8192 2849886 
8192 6749784 
8192 5192396 
8192 3265261 
8192 5926905 
8192 7467103 
8192 2915437 
8192 4932017 
8192 3311856 
8192 2802006 
8192 1116751 
8192 3913547 
8192 3797429 
8192 3645410 
8192 5454160 
8192 3346033 
8192 2463278 
8192 6529126 
8192 4131340 
8192 6819540 
8192 2967343 
8192 2357462 
8192 3488365 
8192 4092878 
8192 1965068 
8192 3574967 
8192 3505221 
8192 2484318 
8192 5575576 
8192 4525925 
8192 3179857 
8192 4660369 
8192 4605227 
8192 4425633 
8192 3334671 
8192 3984156 
8192 4178337 
8192 5424053 
8192 4587972 
8192 3827909 
8192 3680443 
8192 5568940 
8192 4424663 
8192 4613045 
8192 3193047 
8192 2140907 
8192 1325948 
8192 5845420 
8192 3477430 
8192 2171298 
8192 5780883 
8192 6251960 
8192 2986965 
8192 5486998 
8192 3270433 
8192 6221922 
8192 3651077 
8192 2363378 
8192 2461082 
8192 5619787 
8192 4645845 
8192 2503135 
8192 3584933 
8192 3414617 
8192 5258137 
8192 4453186 
8192 5286974 
8192 3177257 
8192 4082487 
8192 2399077 
8192 3524814 
8192 3014459 
8192 5630270 
8192 4547108 
8192 2999226 
8192 1919501 
8192 4156034 
8192 7747816 
8192 7421473 
8192 5786096 
8192 6319657 
8192 6771807 
8192 4115728 
8192 3350028 
8192 3517234 
8192 3643102 
8192 3901950 
8192 5087090 
8192 2997007 
8192 5866099 
8192 4416103 
8192 2168094 
8192 2228262 
8192 2941894 
8192 6722800 
8192 5265117 
8192 2877771 
8192 4622815 
8192 3586776 
8192 2791182 
8192 2876376 
8192 4227865 
8192 3684569 
8192 3835996 
8192 4813757 
8192 2167927 
8192 3822097 
8192 9347047 
8192 4200158 
8192 2196098 
8192 5879264 
8192 3737508 
8192 5920551 
8192 3580491 
8192 2995956 
8192 6332596 
8192 3942306 
8192 4705160 
8192 5535733 
8192 6687729 
8192 5896829 
8192 3109168 
8192 2908854 
8192 5270768 
8192 6269992 
8192 3126420 
8192 2252301 
8192 3799462 
8192 3801349 
8192 4597564 
8192 3711841 
8192 3105715 
8192 6179685 
8192 3480071 
8192 5392412 
8192 3061391 
8192 3923275 
8192 2217508 
8192 4184162 
8192 2679075 
8192 2434341 
8192 7180174 
8192 3671265 
8192 2834502 
8192 7725164 
8192 3803321 
8192 6682262 
8192 3278812 
8192 4035630 
8192 3328957 
8192 4049840 
8192 3756316 
8192 2575933 
8192 2834257 
8192 1867272 
8192 4848495 
8192 4161818 
8192 4064656 
8192 2825264 
8192 3774213 
8192 4232203 
8192 1832290 
8192 1396975 
8192 3750427 
8192 5037623 
8192 7030461 
8192 6443779 
8192 4971074 
8192 4733004 
8192 3894323 
8192 4209280 
8192 5543117 
8192 5815873 
8192 5769498 
8192 4663298 
8192 3746228 
8192 4283331 
8192 3196118 
8192 9522096 
8192 6119751 
8192 5867407 
8192 2320434 
8192 3589431 
8192 4614892 
8192 5417419 
8192 3460162 
8192 4233916 
8192 5807810 
8192 3599451 
8192 3334710 
8192 4901610 
8192 3991579 
8192 5008976 
8192 2325517 
8192 4698367 
8192 3960723 
8192 5637001 
8192 4919846 
8192 4363581 
8192 4505756 
8192 1840067 
8192 2713078 
8192 3521542 
8192 4005899 
8192 4146346 
8192 2328389 
8192 6280502 
8192 5482802 
8192 1926423 
8192 6475015 
8192 6204258 
8192 4381589 
8192 4233444 
8192 5023130 
8192 2667207 
8192 6650837 
8192 3413016 
8192 3267723 
8192 4345217 
8192 4213981 
8192 2580329 
8192 8391645 
8192 2320831 
8192 4014503 
8192 5428170 
8192 4005661 
8192 4685601 
8192 4216135 
8192 3126535 
8192 3996376 
8192 3678711 
8192 4259772 
8192 3626869 
8192 3598732 
8192 4190211 
8192 5034283 
8192 3715837 
8192 2378165 
8192 2414030 
8192 3892469 
8192 3725049 
8192 2987188 
8192 2498363 
8192 2265061 
8192 5640140 
8192 4489062 
8192 3818747 
8192 4167820 
8192 5854937 
8192 4311195 
8192 4463735 
8192 4055553 
8192 4428070 
8192 2218710 
8192 4749852 
8192 8922183 
8192 5464405 
8192 3443954 
8192 4782125 
8192 3568189 
8192 3652985 
8192 4462695 
8192 3839935 
8192 2704344 
8192 6209808 
8192 2433793 
8192 4134833 
8192 7052208 
8192 5413399 
8192 6541764 
8192 3519749 
8192 5932482 
8192 3567208 
8192 5234848 
8192 2768129 
8192 2412067 
8192 2370220 
8192 4389972 
8192 3883386 
8192 4589570 
8192 5112576 
8192 2902387 
8192 4284204 
8192 1999675 
8192 3631366 
8192 2950884 
8192 2476891 
8192 3237365 
8192 2455291 
8192 3793442 
8192 3408005 
8192 5121678 
8192 3392143 
8192 7006827 
8192 4760934 
8192 3382062 
8192 4932829 
8192 3928862 
