2048 2864712 
2048 5250206 
2048 5536528 
2048 3005002 
2048 3298932 
2048 2855752 
2048 2878775 
2048 2624543 
2048 5053705 
2048 6774195 
2048 5904895 
2048 5100005 
2048 4187647 
2048 4479081 
2048 7259613 
2048 4617434 
2048 9477980 
2048 4799345 
2048 6999304 
2048 2661026 
2048 6389301 
2048 8976154 
2048 7124930 
2048 7335610 
2048 5013391 
2048 3507651 
2048 2307692 
2048 6371306 
2048 8893823 
2048 7251297 
2048 2987389 
2048 8354613 
2048 4149987 
2048 8952179 
2048 4675441 
2048 2828949 
2048 6485741 
2048 2988567 
2048 5456193 
2048 1996233 
2048 2571295 
2048 3416574 
2048 5030763 
2048 6739481 
2048 4882873 
2048 4025893 
2048 5165354 
2048 5071797 
2048 1308861 
2048 9986047 
2048 7093389 
2048 3512022 
2048 2202920 
2048 3540140 
2048 3241717 
2048 4430836 
2048 3890590 
2048 4867696 
2048 3591753 
2048 6817233 
2048 4319322 
2048 7521698 
2048 6370285 
2048 7095497 
2048 5157912 
2048 3687284 
2048 2828473 
2048 3608838 
2048 2376935 
2048 5018080 
2048 2920149 
2048 4629590 
2048 2325083 
2048 2812626 
2048 4640866 
2048 2571633 
2048 4956001 
2048 4776847 
2048 3196373 
2048 2100131 
2048 4887582 
2048 4230453 
2048 4618771 
2048 6971703 
2048 4671939 
2048 3390693 
2048 3169111 
2048 3309104 
2048 3143830 
2048 6484088 
2048 6829499 
2048 4796386 
2048 4468350 
2048 9269589 
2048 5803785 
2048 4182349 
2048 6271870 
2048 6624912 
2048 4923953 
2048 4299583 
2048 3587993 
2048 4279709 
2048 4805415 
2048 6724335 
2048 4583322 
2048 3119600 
2048 4922667 
2048 6281719 
2048 2756114 
2048 3493494 
2048 4895767 
2048 1938779 
2048 2790681 
2048 4909943 
2048 4934408 
2048 3116964 
2048 5602299 
2048 5175832 
2048 4628131 
2048 2857074 
2048 4451139 
2048 5407236 
2048 3314635 
2048 5163719 
2048 2687100 
2048 4453602 
2048 2946374 
2048 5169483 
2048 3612893 
2048 3166775 
2048 3470109 
2048 6821900 
2048 4895560 
2048 5059532 
2048 3584113 
2048 2982835 
2048 6185824 
2048 5456853 
2048 7283805 
2048 4408862 
2048 3469359 
2048 3427285 
2048 6681364 
2048 6683720 
2048 3394398 
2048 2593809 
2048 4308944 
2048 5666517 
2048 4607850 
2048 2213120 
2048 6653865 
2048 5011630 
2048 5379938 
2048 7130640 
2048 5829802 
2048 5284049 
2048 3179353 
2048 2641613 
2048 3401828 
2048 2220978 
2048 4827648 
2048 4556027 
2048 3352805 
2048 6786409 
2048 3963682 
2048 2139838 
2048 6302351 
2048 4557529 
2048 5308804 
2048 6228688 
2048 3434585 
2048 7511919 
2048 3763880 
2048 5235917 
2048 4559598 
2048 8137679 
2048 4678576 
2048 3925279 
2048 4483436 
2048 3985117 
2048 4171043 
2048 4181721 
2048 3243750 
2048 6661919 
2048 3843327 
2048 2989161 
2048 4839586 
2048 4180278 
2048 6303915 
2048 4597376 
2048 3210901 
2048 4887322 
2048 6185981 
2048 2139767 
2048 6092568 
2048 4588710 
2048 4307476 
2048 7190414 
2048 5659400 
2048 2673812 
2048 3808955 
2048 4643139 
2048 4731344 
2048 4698369 
2048 6698661 
2048 4669203 
2048 3509878 
2048 3987475 
2048 3114004 
2048 6809745 
2048 3132948 
2048 4176486 
2048 7181909 
2048 3347887 
2048 2431884 
2048 7165948 
2048 1570325 
2048 3331016 
2048 6630066 
2048 3068851 
2048 5600244 
2048 8901584 
2048 4664218 
2048 3467845 
2048 4828209 
2048 4470850 
2048 3739441 
2048 6701954 
2048 5194923 
2048 2947466 
2048 5299806 
2048 4990471 
2048 4871616 
2048 5600500 
2048 4638325 
2048 3849028 
2048 2696424 
2048 3348549 
2048 3234446 
2048 3172154 
2048 3316855 
2048 5589740 
2048 4800704 
2048 3315471 
2048 3105919 
2048 7397416 
2048 4504440 
2048 4896748 
2048 3372967 
2048 4844719 
2048 1881437 
2048 3616776 
2048 6406234 
2048 5290460 
2048 3122042 
2048 3643692 
2048 3203490 
2048 4130758 
2048 2454782 
2048 3573558 
2048 3646655 
2048 3247474 
2048 9764739 
2048 6156334 
2048 2195731 
2048 4522265 
2048 3101733 
2048 3666320 
2048 2573664 
2048 5375624 
2048 4283697 
2048 3060380 
2048 6407168 
2048 3256496 
2048 2070429 
2048 3030504 
2048 4342014 
2048 7497039 
2048 5268757 
2048 4332123 
2048 5101117 
2048 4392684 
2048 6944558 
2048 4927595 
2048 4854947 
2048 4426956 
2048 6782776 
2048 2087329 
2048 4985827 
2048 10173741 
2048 4594806 
2048 2987183 
2048 2343529 
2048 3481423 
2048 4952767 
2048 3445433 
2048 4088892 
2048 3503372 
2048 4727511 
2048 3716172 
2048 5164014 
2048 3810098 
2048 2698318 
2048 4907549 
2048 6335903 
2048 4331956 
2048 3080512 
2048 2797994 
2048 6949965 
2048 4196045 
2048 8004089 
2048 6785932 
2048 3640149 
2048 1862990 
2048 3908489 
2048 7005783 
2048 6427165 
2048 3254677 
2048 6123926 
2048 6055038 
2048 3902332 
2048 8189910 
2048 5302341 
2048 4769294 
2048 4551458 
2048 3360309 
2048 2486867 
2048 4776650 
2048 3254792 
2048 1940037 
2048 5099520 
2048 3082389 
2048 2553684 
2048 4546290 
2048 8339223 
2048 6284956 
2048 4388571 
2048 3012453 
2048 4870194 
2048 5897124 
2048 5014272 
2048 8777450 
2048 4335972 
2048 2645203 
2048 4754188 
2048 5900992 
2048 4529716 
2048 6261044 
2048 1566846 
2048 5360004 
2048 2904435 
2048 6273191 
2048 4611923 
2048 2920370 
2048 6776205 
2048 5064879 
2048 3255916 
2048 4378918 
2048 4267842 
2048 2646492 
2048 4495750 
2048 2958880 
2048 7162659 
2048 4202664 
2048 2551956 
2048 2473702 
2048 7459240 
2048 5057654 
2048 4848403 
2048 2749611 
2048 5020798 
2048 3455258 
2048 2804151 
2048 6227161 
2048 4855023 
2048 3175463 
2048 2009333 
2048 3183586 
2048 3628058 
2048 3471885 
2048 4876648 
2048 3155340 
2048 7065963 
2048 5323261 
2048 4503352 
2048 2930469 
2048 4923224 
2048 3540664 
2048 4713795 
2048 1928823 
2048 4665966 
2048 4826937 
2048 3157648 
2048 4841384 
2048 2404578 
2048 3714247 
2048 2206023 
2048 6276390 
2048 6971514 
2048 3741955 
2048 5599651 
2048 5552150 
2048 7875102 
2048 4347413 
2048 3044960 
2048 3706362 
2048 8349715 
2048 3530064 
2048 2449468 
2048 6079689 
2048 3116867 
2048 2538537 
2048 4280041 
2048 5108828 
2048 5333034 
2048 3957591 
2048 4036996 
2048 3457424 
2048 3283811 
2048 2910591 
2048 6462962 
2048 9172864 
2048 3218893 
2048 5016583 
2048 3132364 
2048 2389818 
2048 6946288 
2048 3429110 
2048 7543019 
2048 6260241 
2048 3461056 
2048 2713729 
2048 4514970 
2048 3733385 
2048 4335154 
2048 4719449 
2048 4472816 
2048 3982410 
2048 3063989 
2048 5602773 
2048 5751451 
2048 5576655 
2048 6117766 
2048 3157434 
2048 3706344 
2048 4867878 
2048 3770421 
2048 5829877 
2048 5021253 
2048 4603058 
2048 3018998 
2048 2682436 
2048 6073204 
2048 3668644 
2048 3556315 
2048 2944263 
2048 7384692 
2048 3271342 
2048 4254849 
2048 2813962 
2048 3447831 
2048 2611100 
2048 5170840 
2048 4781179 
2048 6475205 
2048 2669125 
2048 5037201 
2048 4940051 
2048 2970054 
2048 3586705 
2048 4325947 
2048 2262085 
2048 4394545 
2048 4153767 
2048 5485759 
2048 5679155 
2048 3683702 
2048 3326425 
2048 3877900 
2048 4031288 
2048 2399394 
2048 2463748 
2048 3409736 
2048 3128558 
2048 2897573 
2048 5919037 
2048 7102924 
2048 4887001 
2048 6004278 
2048 3058923 
2048 1529689 
2048 2619678 
2048 3516931 
2048 5203376 
2048 3396244 
2048 5354105 
2048 5181733 
2048 3157907 
2048 4723413 
2048 5447102 
2048 5702287 
2048 3751061 
2048 2984917 
2048 2335957 
2048 3130243 
2048 4303198 
2048 5364807 
2048 3436485 
2048 4564186 
2048 4142077 
2048 4816385 
2048 3857533 
2048 3673093 
2048 5277867 
2048 5240514 
2048 5658617 
2048 4606698 
2048 6222922 
2048 4405476 
2048 3560042 
2048 5276649 
2048 5354663 
2048 8625898 
2048 6091719 
2048 2998060 
2048 3471296 
2048 4417357 
2048 3689106 
2048 2295341 
2048 4726862 
2048 3282462 
2048 2284102 
2048 3561474 
2048 3775441 
2048 2039144 
2048 4606635 
2048 3329014 
2048 9912450 
2048 4711037 
2048 6499678 
2048 3417314 
2048 4859214 
2048 3350889 
2048 7349330 
2048 1749917 
2048 5760656 
2048 3847672 
2048 2446011 
2048 5951768 
2048 4524996 
2048 5110491 
2048 3871748 
2048 3217730 
2048 4495946 
2048 6879784 
2048 5287097 
2048 8311894 
2048 2458407 
2048 7193090 
2048 4014469 
2048 2510264 
2048 5553664 
2048 3384376 
2048 3213440 
2048 4115600 
2048 8652654 
2048 4245453 
2048 4628199 
2048 4226925 
2048 3275077 
2048 3778871 
2048 2376409 
2048 5473270 
2048 3327993 
2048 3932103 
2048 2630145 
2048 4390775 
2048 3811843 
2048 10373566 
2048 5653546 
2048 3457028 
2048 7838049 
2048 3617120 
2048 1175853 
2048 3805789 
2048 4806773 
2048 6708411 
2048 3833958 
2048 7190850 
2048 5283301 
2048 4667291 
2048 3284994 
2048 2684735 
2048 2972675 
2048 2991633 
2048 10583553 
2048 2616086 
2048 3823917 
2048 4157016 
2048 5082777 
2048 2707964 
2048 2947296 
2048 4535160 
2048 8480299 
2048 6995388 
2048 5344740 
2048 6978554 
2048 3951644 
2048 4771746 
2048 4601643 
2048 4927981 
2048 3504839 
2048 2470926 
2048 5059542 
2048 5292695 
2048 3425136 
2048 2015469 
2048 5231261 
2048 2891856 
2048 4881718 
2048 3701806 
2048 4730863 
2048 4793300 
2048 4372408 
2048 3264622 
2048 10281193 
2048 4233644 
2048 6745606 
2048 2729016 
2048 4574323 
2048 5252761 
2048 2187069 
2048 7156052 
2048 6273489 
2048 3504918 
2048 6614074 
2048 6958259 
2048 2646126 
2048 4149367 
2048 3123371 
2048 2938293 
2048 6088788 
2048 4579731 
2048 2909704 
2048 3410273 
2048 5111916 
2048 5016005 
2048 3363088 
2048 3286956 
2048 2839925 
2048 2005774 
2048 6478991 
2048 5804598 
2048 5326909 
2048 4472474 
2048 4497769 
2048 8533754 
2048 5188150 
2048 2352470 
2048 4301909 
2048 3111888 
2048 5959626 
2048 2693877 
2048 3529158 
2048 4790571 
2048 3662811 
2048 6179952 
2048 2880923 
2048 5504346 
2048 6039028 
2048 5666443 
2048 2921382 
2048 5475010 
2048 4781026 
2048 6086516 
2048 4810973 
2048 6921699 
2048 3035019 
2048 2871524 
2048 3334815 
2048 6035053 
2048 2185275 
2048 3185162 
2048 6944754 
2048 5413988 
2048 3109863 
2048 2753220 
2048 4463807 
2048 3844932 
2048 5515404 
2048 3410086 
2048 3019453 
2048 3257214 
2048 2254884 
2048 7718305 
2048 4364441 
2048 4724443 
2048 2510793 
2048 2433857 
2048 3941851 
2048 3341867 
2048 3288235 
2048 3280435 
2048 6626718 
2048 4926002 
2048 3257927 
2048 6203930 
2048 7254350 
2048 3467280 
2048 4917681 
2048 3436644 
2048 3013955 
2048 1446799 
2048 4223239 
2048 4246697 
2048 3861580 
2048 5339009 
2048 3258200 
2048 3074042 
2048 6529035 
2048 4620812 
2048 7006250 
2048 3129969 
2048 2480476 
2048 3641531 
2048 4675439 
2048 2313647 
2048 3946491 
2048 3470002 
2048 2798503 
2048 5601375 
2048 4788008 
2048 3213787 
2048 5335951 
2048 4581414 
2048 5366266 
2048 3540940 
2048 4078488 
2048 4508335 
2048 5907417 
2048 4716475 
2048 4587987 
2048 3715357 
2048 5208493 
2048 5276141 
2048 4648391 
2048 3348456 
2048 2968778 
2048 1471461 
2048 6445604 
2048 3397958 
2048 2742980 
2048 6006524 
2048 6197602 
2048 3074058 
2048 5730226 
2048 3294300 
2048 6266620 
2048 4552951 
2048 2496250 
2048 3123446 
2048 5337038 
2048 4900646 
2048 2470211 
2048 3430634 
2048 3450629 
2048 5271914 
2048 4715808 
2048 6131983 
2048 3647194 
2048 4415333 
2048 2569857 
2048 3984736 
2048 2932864 
2048 5797051 
2048 4538812 
2048 2665149 
2048 2132529 
2048 4434971 
2048 8480885 
2048 7570679 
2048 5784632 
2048 6201901 
2048 6274172 
2048 4040312 
2048 3036579 
2048 3528276 
2048 4323217 
2048 4897365 
2048 5192361 
2048 3245195 
2048 7188652 
2048 5015291 
2048 2201920 
2048 3196652 
2048 3199547 
2048 6507916 
2048 6132385 
2048 3049964 
2048 4247180 
2048 4328737 
2048 3002676 
2048 3441494 
2048 4370050 
2048 4414915 
2048 3859183 
2048 5032485 
2048 2282680 
2048 5062162 
2048 9265879 
2048 4426795 
2048 2642916 
2048 6836101 
2048 4032350 
2048 6603469 
2048 3675611 
2048 3482856 
2048 6188328 
2048 5109462 
2048 5052674 
2048 5836048 
2048 6581974 
2048 6044256 
2048 3114544 
2048 3311212 
2048 6480479 
2048 6996649 
2048 3183387 
2048 2140348 
2048 4729784 
2048 4096488 
2048 4504047 
2048 3815565 
2048 3035747 
2048 6483533 
2048 3483744 
2048 5261020 
2048 3197290 
2048 3974941 
2048 2206978 
2048 4291882 
2048 2901107 
2048 3047857 
2048 6762351 
2048 4685057 
2048 3166968 
2048 8245562 
2048 3514930 
2048 6713682 
2048 3502177 
2048 4249466 
2048 3198571 
2048 4260582 
2048 3963705 
2048 2732875 
2048 2893562 
2048 2192247 
2048 4529402 
2048 4979536 
2048 4606742 
2048 2807100 
2048 3796344 
2048 4446113 
2048 1895350 
2048 1446652 
2048 4477963 
2048 5043462 
2048 7558900 
2048 6874252 
2048 4833230 
2048 4944449 
2048 4400340 
2048 4524080 
2048 5543899 
2048 5723584 
2048 6513541 
2048 4880244 
2048 3548559 
2048 4548101 
2048 3411938 
2048 9360619 
2048 6338067 
2048 5747277 
2048 2575276 
2048 3529470 
2048 5146857 
2048 6527913 
2048 3345771 
2048 4275830 
2048 5878222 
2048 3771397 
2048 3262467 
2048 5986268 
2048 4041703 
2048 5381585 
2048 2409702 
2048 4793579 
2048 4167353 
2048 5858851 
2048 5044181 
2048 4730909 
2048 5051899 
2048 2108556 
2048 2998611 
2048 3529160 
2048 4642624 
2048 4185891 
2048 2251943 
2048 6412736 
2048 5066640 
2048 2002141 
2048 6711062 
2048 6254171 
2048 4890211 
2048 4198925 
2048 6361207 
2048 2710346 
2048 6526743 
2048 4495406 
2048 3431237 
2048 4524621 
2048 5144210 
2048 2841221 
2048 8669010 
2048 2627767 
2048 4096312 
2048 5952327 
2048 4051473 
2048 4951325 
2048 4323165 
2048 3150489 
2048 3974785 
2048 3357145 
2048 5276844 
2048 3407548 
2048 3840030 
2048 4226036 
2048 4790251 
2048 4826746 
2048 2496222 
2048 2719767 
2048 4483130 
2048 3752021 
2048 2906448 
2048 2862325 
2048 2354882 
2048 5209272 
2048 4616400 
2048 3970157 
2048 4124846 
2048 5766547 
2048 4583364 
2048 4815751 
2048 4894174 
2048 4778639 
2048 2270953 
2048 5160644 
2048 8639934 
2048 5176552 
2048 3628452 
2048 4985370 
2048 3542906 
2048 3924298 
2048 4768549 
2048 4180149 
2048 3049097 
2048 7002779 
2048 2561969 
2048 4149817 
2048 8170521 
2048 5535836 
2048 7450264 
2048 3497333 
2048 5937577 
2048 3791879 
2048 5494950 
2048 2946574 
2048 2553418 
2048 3193163 
2048 5240761 
2048 3793215 
2048 5050179 
2048 5536447 
2048 2932380 
2048 5075775 
2048 2827757 
2048 3323168 
2048 3211771 
2048 2546083 
2048 3243244 
2048 3424525 
2048 4341628 
2048 3261459 
2048 6058557 
2048 3639120 
2048 7329681 
2048 5124598 
2048 3282463 
2048 5658513 
2048 4001420 
