512 2864021 
512 5130041 
512 5452547 
512 2868850 
512 3206858 
512 2821739 
512 2694752 
512 3411435 
512 5075561 
512 7040542 
512 5725055 
512 5107106 
512 4242094 
512 3671950 
512 6306556 
512 4714876 
512 3667918 
512 3790168 
512 11293282 
512 3465796 
512 7081823 
512 8981042 
512 7181055 
512 6878352 
512 5071182 
512 2934984 
512 2204739 
512 5362701 
512 8702800 
512 7331202 
512 3641220 
512 7594643 
512 3962347 
512 8430622 
512 4963307 
512 3287551 
512 5673164 
512 3072292 
512 5490932 
512 1999104 
512 2974749 
512 3395712 
512 4288764 
512 6071547 
512 4663841 
512 5307609 
512 6030555 
512 5018470 
512 1283723 
512 10868359 
512 6254402 
512 2584012 
512 2082518 
512 4359015 
512 3320452 
512 5741798 
512 3296415 
512 4475099 
512 2520409 
512 5839501 
512 4385008 
512 8122744 
512 6216847 
512 6209458 
512 5117067 
512 3825752 
512 3131502 
512 3474347 
512 2341896 
512 5179973 
512 2823503 
512 5014133 
512 2279194 
512 2792709 
512 4801673 
512 2612630 
512 3830711 
512 3841287 
512 2646759 
512 2024239 
512 4772678 
512 4369199 
512 4440750 
512 7275059 
512 9240331 
512 3308472 
512 2331393 
512 2444799 
512 3273121 
512 6552960 
512 7756991 
512 3937131 
512 4291418 
512 5505934 
512 4533949 
512 3677125 
512 6506026 
512 6574376 
512 4149812 
512 4218156 
512 3594916 
512 5054174 
512 5854977 
512 5753841 
512 3937172 
512 3180059 
512 5061328 
512 6271173 
512 3617063 
512 2779297 
512 5768049 
512 1998054 
512 2633843 
512 4281739 
512 4850712 
512 3127750 
512 5403384 
512 4263769 
512 3670891 
512 2691249 
512 4344345 
512 6376816 
512 3360255 
512 4335502 
512 2736073 
512 4518106 
512 2794198 
512 6068236 
512 3521073 
512 3599711 
512 3378940 
512 5989215 
512 4174259 
512 3863739 
512 3224666 
512 3242786 
512 7156672 
512 5185540 
512 6602345 
512 4044131 
512 3531000 
512 2384669 
512 6808846 
512 6484391 
512 3410843 
512 2539851 
512 4075960 
512 6698222 
512 4621973 
512 2275182 
512 5880587 
512 4969809 
512 5479280 
512 6160852 
512 4460848 
512 6468337 
512 3301040 
512 2605154 
512 2574389 
512 2297242 
512 3726917 
512 3828924 
512 3426960 
512 5706594 
512 4751410 
512 2204687 
512 7877513 
512 4602015 
512 5006273 
512 5325649 
512 3140999 
512 6875230 
512 2982742 
512 5242543 
512 4694304 
512 8099358 
512 4718487 
512 3874949 
512 4402978 
512 3620974 
512 4026179 
512 4791025 
512 3281280 
512 7982018 
512 3879385 
512 2322008 
512 4923772 
512 4858643 
512 6634755 
512 4402869 
512 2592895 
512 4775458 
512 5542344 
512 2141929 
512 5549917 
512 4603614 
512 3417446 
512 7268801 
512 5702032 
512 1945454 
512 3945450 
512 4559902 
512 4544317 
512 4293457 
512 6905351 
512 4602883 
512 3514702 
512 4351943 
512 3263647 
512 7165459 
512 3213682 
512 3286432 
512 6064301 
512 3301766 
512 2624138 
512 6955242 
512 1569854 
512 3246027 
512 6581175 
512 3119993 
512 4339843 
512 8342325 
512 3647644 
512 2568705 
512 4630884 
512 4363721 
512 3649600 
512 5761996 
512 5674189 
512 2851128 
512 5215279 
512 4714473 
512 4921300 
512 4564132 
512 3609313 
512 3717124 
512 2687040 
512 2518560 
512 3146022 
512 2705900 
512 3519370 
512 4647438 
512 4744619 
512 2494941 
512 3227633 
512 6700121 
512 4385128 
512 5008118 
512 2544859 
512 3942064 
512 1884863 
512 3487590 
512 5524701 
512 4160651 
512 3271763 
512 3525427 
512 3030753 
512 4255156 
512 2540371 
512 2848168 
512 3545063 
512 2407897 
512 6960877 
512 6563723 
512 2270556 
512 3707092 
512 3104918 
512 3862311 
512 3398324 
512 4414464 
512 4121722 
512 2208283 
512 6695202 
512 3191121 
512 1835735 
512 2997813 
512 4438427 
512 7053336 
512 4443931 
512 4381285 
512 4924753 
512 4858580 
512 5853986 
512 5030314 
512 4662557 
512 4399073 
512 4100437 
512 2806854 
512 4986817 
512 10437717 
512 4666992 
512 2857811 
512 2177967 
512 3406905 
512 5136230 
512 3407471 
512 4192324 
512 3214296 
512 4547614 
512 4110783 
512 5182614 
512 3286701 
512 2565858 
512 4268113 
512 6737403 
512 4210511 
512 3185391 
512 2792924 
512 5990794 
512 4084434 
512 7006455 
512 7167836 
512 3492206 
512 1842386 
512 3974879 
512 6958971 
512 6931142 
512 3218343 
512 6824661 
512 5752649 
512 3779683 
512 9245124 
512 5988548 
512 4752215 
512 4390090 
512 3113953 
512 2519607 
512 4849096 
512 2147578 
512 2035683 
512 5072603 
512 3027064 
512 2445115 
512 4021708 
512 8622857 
512 4990434 
512 4220592 
512 2878316 
512 4624312 
512 5424301 
512 4709693 
512 7567233 
512 3963721 
512 2546959 
512 4570043 
512 5628953 
512 3678321 
512 7075126 
512 1508548 
512 4530521 
512 2671875 
512 6299560 
512 4638310 
512 3123822 
512 6678308 
512 6025013 
512 2275033 
512 4610182 
512 3908446 
512 2846917 
512 4483954 
512 2837661 
512 6318318 
512 4265071 
512 2690494 
512 2416529 
512 6624049 
512 5254274 
512 4990850 
512 2784425 
512 4173270 
512 2829157 
512 2635159 
512 6275200 
512 3916177 
512 3174801 
512 1913831 
512 2951915 
512 4259095 
512 4169678 
512 4007938 
512 3205421 
512 7225616 
512 4604467 
512 4437550 
512 2777536 
512 5237829 
512 3891929 
512 4614460 
512 1840364 
512 4477754 
512 4240672 
512 2283020 
512 5127589 
512 2174213 
512 2931008 
512 2716982 
512 6246561 
512 6066596 
512 4282876 
512 5803836 
512 5075654 
512 8691351 
512 3675769 
512 3001564 
512 3817211 
512 7723783 
512 3379321 
512 2423522 
512 6035027 
512 2380165 
512 2430456 
512 3971191 
512 5056626 
512 5342647 
512 3192888 
512 3533922 
512 3504325 
512 3001695 
512 2778918 
512 6682912 
512 9975572 
512 3096472 
512 4838176 
512 3034321 
512 2092523 
512 7302085 
512 3182626 
512 7221183 
512 5570785 
512 3009897 
512 2659524 
512 3525372 
512 3296566 
512 4218742 
512 4507093 
512 4398078 
512 4244812 
512 3464492 
512 5172518 
512 4831685 
512 6533847 
512 7498622 
512 3198557 
512 3798140 
512 4871264 
512 3931832 
512 5209777 
512 5165992 
512 3793433 
512 2485122 
512 2777298 
512 5938155 
512 3651095 
512 3497810 
512 3089643 
512 7757791 
512 2974200 
512 4430467 
512 2831157 
512 3332398 
512 2684874 
512 4425039 
512 4851695 
512 6480337 
512 2717893 
512 4977099 
512 4957752 
512 2739592 
512 3453529 
512 4695497 
512 2272797 
512 4341056 
512 3575483 
512 5760035 
512 6421899 
512 3814879 
512 3312959 
512 4678355 
512 3957947 
512 2408828 
512 3216786 
512 3160289 
512 2476410 
512 3055726 
512 5692276 
512 7094848 
512 4958972 
512 4902949 
512 2985100 
512 1601886 
512 2081702 
512 3454718 
512 5686889 
512 3283126 
512 5280950 
512 4290651 
512 3191694 
512 4663952 
512 5751182 
512 6521402 
512 3955498 
512 2855348 
512 2379409 
512 3093756 
512 4298880 
512 4644803 
512 2744800 
512 4238114 
512 4120889 
512 4584850 
512 3364568 
512 4468608 
512 5491705 
512 3973498 
512 6594945 
512 4580589 
512 5140997 
512 4427466 
512 3325491 
512 5128802 
512 4773480 
512 8425357 
512 5707751 
512 2879314 
512 3323154 
512 4592408 
512 3588036 
512 2277906 
512 4149858 
512 3556926 
512 2566111 
512 3395491 
512 3125115 
512 1775414 
512 4111818 
512 3373724 
512 8651551 
512 6094539 
512 6761402 
512 3215227 
512 4914108 
512 2966347 
512 6306242 
512 1762253 
512 5317723 
512 4134151 
512 2292440 
512 7064705 
512 4499086 
512 4280936 
512 3697210 
512 3274125 
512 4592608 
512 6535604 
512 4399601 
512 9359133 
512 2268939 
512 7581067 
512 3996564 
512 2616022 
512 5694941 
512 3469942 
512 3084725 
512 4104195 
512 8701166 
512 4168664 
512 4104644 
512 4995693 
512 3455035 
512 3778528 
512 2347566 
512 5739569 
512 3385802 
512 3815726 
512 2667981 
512 4396598 
512 3862764 
512 11962378 
512 6268761 
512 3553024 
512 6810726 
512 3523458 
512 1103831 
512 3701671 
512 4633583 
512 6601850 
512 3734985 
512 6871338 
512 6130273 
512 4719904 
512 3330117 
512 2631560 
512 3070245 
512 2939571 
512 11553484 
512 2657222 
512 4345573 
512 4403006 
512 4180833 
512 2740324 
512 2933228 
512 5295057 
512 7989867 
512 6779600 
512 5255511 
512 6901959 
512 3905344 
512 3981060 
512 4654327 
512 4022566 
512 2532938 
512 2354396 
512 4789560 
512 5429071 
512 4416330 
512 1904349 
512 5596760 
512 2936396 
512 5375369 
512 3753065 
512 4499109 
512 3813672 
512 4504597 
512 3346450 
512 9813552 
512 4887595 
512 5638041 
512 2562896 
512 3902503 
512 5577081 
512 2155973 
512 7436273 
512 6271217 
512 3390296 
512 6521694 
512 5962243 
512 2643678 
512 4944598 
512 3000281 
512 3185257 
512 6717037 
512 3487597 
512 2940526 
512 3426939 
512 5597440 
512 4027986 
512 3490751 
512 3276784 
512 2848735 
512 2111209 
512 5800706 
512 6596446 
512 4962752 
512 3918098 
512 5216806 
512 7171288 
512 4307433 
512 2435257 
512 4231772 
512 2941240 
512 6693070 
512 2582192 
512 3032758 
512 4786971 
512 3737781 
512 6545439 
512 2578981 
512 5071962 
512 6379636 
512 5100110 
512 2918497 
512 5313735 
512 4040010 
512 6370229 
512 4699319 
512 6542797 
512 2923865 
512 2781872 
512 3284934 
512 5479186 
512 1831111 
512 3610805 
512 6498150 
512 6328800 
512 2506945 
512 2696186 
512 4324207 
512 3275665 
512 5688562 
512 3286051 
512 3056924 
512 3307216 
512 2331963 
512 9306224 
512 4491176 
512 3585623 
512 2443799 
512 2348068 
512 4719659 
512 3470373 
512 2682177 
512 2987274 
512 7558250 
512 5719059 
512 3271571 
512 5928181 
512 7496361 
512 3032659 
512 5102615 
512 3413204 
512 2894373 
512 1205069 
512 4228592 
512 4165760 
512 3705358 
512 5412309 
512 3254125 
512 2699981 
512 6918482 
512 4157173 
512 7940248 
512 3149080 
512 2323120 
512 3567014 
512 4435167 
512 1982100 
512 4515603 
512 3419676 
512 2475603 
512 6648878 
512 5023014 
512 3170798 
512 5622829 
512 4582460 
512 4707371 
512 3759049 
512 4076777 
512 4402105 
512 5649312 
512 4947212 
512 3563779 
512 3717956 
512 5277457 
512 5648564 
512 4562361 
512 3181927 
512 2167458 
512 1333917 
512 6709166 
512 3856711 
512 2175487 
512 6401484 
512 6254341 
512 3082126 
512 6693293 
512 3292758 
512 6401591 
512 3585409 
512 2499112 
512 2895598 
512 5280823 
512 4756517 
512 2642433 
512 3576089 
512 3550517 
512 5220024 
512 4869367 
512 6413796 
512 3391471 
512 4688490 
512 2529141 
512 4671535 
512 2900360 
512 6205669 
512 4624461 
512 2625338 
512 1934917 
512 4205147 
512 9203916 
512 7402696 
512 5736792 
512 6231402 
512 7129923 
512 4508989 
512 3039428 
512 3608207 
512 3868008 
512 4100101 
512 5037722 
512 3676397 
512 6031203 
512 4501821 
512 2193265 
512 2366806 
512 2882632 
512 6374899 
512 5681506 
512 2752555 
512 5040616 
512 3808373 
512 2754033 
512 2933643 
512 4433397 
512 4099243 
512 3733862 
512 4816960 
512 2326744 
512 4053257 
512 9821898 
512 4466908 
512 2155936 
512 6166483 
512 3989746 
512 6106664 
512 3444935 
512 3096253 
512 6240657 
512 4020882 
512 4858806 
512 5807322 
512 6345165 
512 5836233 
512 3133533 
512 3068798 
512 5428366 
512 6863295 
512 3238226 
512 2173773 
512 4038418 
512 3944447 
512 5320679 
512 3722711 
512 3061455 
512 5810772 
512 3455221 
512 5770015 
512 3017554 
512 3908824 
512 2289896 
512 4856931 
512 2729724 
512 2562559 
512 6848796 
512 3699206 
512 3019582 
512 8548782 
512 3395527 
512 6724908 
512 3388771 
512 4385323 
512 3192390 
512 3737543 
512 3942415 
512 2694710 
512 2886322 
512 1778819 
512 4729663 
512 4160690 
512 3651592 
512 2827587 
512 3971131 
512 4445652 
512 1837349 
512 1775618 
512 4410851 
512 4944389 
512 8659493 
512 5916312 
512 4695846 
512 5065779 
512 3552600 
512 4054562 
512 5636785 
512 6339206 
512 7365020 
512 5047747 
512 3545858 
512 4476752 
512 3190360 
512 9368555 
512 6420793 
512 6223820 
512 2586317 
512 3680163 
512 4616057 
512 6355705 
512 3494801 
512 4439034 
512 6135869 
512 3690487 
512 4152232 
512 5000701 
512 4129773 
512 5156012 
512 2366204 
512 5446815 
512 4212926 
512 5849412 
512 5189199 
512 4760540 
512 4848883 
512 2044718 
512 2931880 
512 3807405 
512 4173957 
512 4191852 
512 2232989 
512 6521044 
512 5099787 
512 2043527 
512 6394342 
512 6873472 
512 4514698 
512 4190498 
512 5380420 
512 2800028 
512 6571669 
512 3495238 
512 3291648 
512 4423539 
512 4171371 
512 2834729 
512 8781308 
512 2494996 
512 4132885 
512 5597453 
512 3499433 
512 4788192 
512 4325194 
512 3198651 
512 4916034 
512 3405616 
512 5065025 
512 3470480 
512 3943089 
512 4089147 
512 4800330 
512 4015164 
512 3136559 
512 2714455 
512 3714270 
512 3517873 
512 2809707 
512 2535211 
512 2237563 
512 5245623 
512 4703183 
512 4117724 
512 4228595 
512 6522584 
512 4363872 
512 4516730 
512 4178696 
512 4389449 
512 2758603 
512 5084119 
512 7829124 
512 5952753 
512 4524842 
512 5022333 
512 3684963 
512 3800589 
512 4061657 
512 3975018 
512 3012339 
512 6163940 
512 2405548 
512 4202250 
512 7000738 
512 5369264 
512 6525406 
512 3547789 
512 5763877 
512 3954070 
512 6282879 
512 2940787 
512 2475910 
512 2335735 
512 4408546 
512 3979915 
512 4888092 
512 5101769 
512 2945422 
512 4425110 
512 2092047 
512 3218423 
512 2950699 
512 3004625 
512 3255668 
512 2856675 
512 3987607 
512 3303562 
512 5002764 
512 3744438 
512 6206872 
512 4812463 
512 3430882 
512 5305642 
512 3804684 
