1024 2881438 
1024 5342845 
1024 4802553 
1024 3253135 
1024 3372441 
1024 2855962 
1024 3242643 
1024 2649594 
1024 5242939 
1024 6872103 
1024 5984586 
1024 5416764 
1024 4242776 
1024 4564072 
1024 6222191 
1024 4769968 
1024 4786602 
1024 4917442 
1024 7051116 
1024 2725621 
1024 6275022 
1024 8982026 
1024 8135170 
1024 7171163 
1024 4982253 
1024 2501023 
1024 2607048 
1024 5588719 
1024 8764291 
1024 6259438 
1024 2892323 
1024 7673876 
1024 3982950 
1024 8563224 
1024 4009404 
1024 3071538 
1024 6798741 
1024 3211304 
1024 6065669 
1024 1866967 
1024 2538195 
1024 3564358 
1024 4089916 
1024 6150088 
1024 4042249 
1024 4676880 
1024 12404960 
1024 4121572 
1024 1258858 
1024 9839905 
1024 5806381 
1024 2480405 
1024 2122093 
1024 4417386 
1024 2569631 
1024 5244377 
1024 3319156 
1024 5516836 
1024 2589103 
1024 5801703 
1024 4380681 
1024 7455196 
1024 6265576 
1024 6441407 
1024 5329752 
1024 3713005 
1024 2815183 
1024 3506200 
1024 2472736 
1024 5248448 
1024 3519103 
1024 5099756 
1024 3143304 
1024 2673039 
1024 3760608 
1024 3146153 
1024 4685186 
1024 3997949 
1024 3040082 
1024 2549974 
1024 4915991 
1024 5295671 
1024 4428691 
1024 6937755 
1024 3850092 
1024 3289978 
1024 2456681 
1024 2511691 
1024 3993626 
1024 6225833 
1024 6719324 
1024 3993332 
1024 5553837 
1024 5668286 
1024 4675742 
1024 3349840 
1024 6576412 
1024 6746757 
1024 4777339 
1024 4308151 
1024 3677080 
1024 4372819 
1024 4837962 
1024 6649826 
1024 4253101 
1024 3177539 
1024 4815873 
1024 6297842 
1024 2809769 
1024 2820680 
1024 5066668 
1024 1987768 
1024 2704321 
1024 5326180 
1024 4931742 
1024 3042750 
1024 6634564 
1024 4463666 
1024 4614154 
1024 2771615 
1024 5005369 
1024 5487669 
1024 3460554 
1024 4255547 
1024 2768804 
1024 5237718 
1024 2709427 
1024 5084743 
1024 3432369 
1024 3595948 
1024 3336943 
1024 7099466 
1024 5076800 
1024 3825087 
1024 3266071 
1024 2927191 
1024 6048287 
1024 5138561 
1024 6633997 
1024 4355546 
1024 3454333 
1024 2526898 
1024 7702779 
1024 5809976 
1024 4594181 
1024 2596495 
1024 4125516 
1024 5776898 
1024 4462384 
1024 1728342 
1024 7158582 
1024 5793703 
1024 5529804 
1024 6409328 
1024 4323542 
1024 6291470 
1024 3462868 
1024 2576257 
1024 2668040 
1024 1998902 
1024 3715686 
1024 3637041 
1024 3270439 
1024 6181318 
1024 3715226 
1024 1937337 
1024 6788050 
1024 5260563 
1024 5304276 
1024 5791860 
1024 3301757 
1024 5898012 
1024 2849816 
1024 5129962 
1024 4833853 
1024 7602988 
1024 3857954 
1024 3869274 
1024 4200620 
1024 3474914 
1024 4117717 
1024 5044860 
1024 3084452 
1024 7688883 
1024 4777745 
1024 2237426 
1024 5950421 
1024 4794849 
1024 5540867 
1024 4466105 
1024 2708604 
1024 5548974 
1024 6140461 
1024 2943617 
1024 6016034 
1024 4704768 
1024 3390669 
1024 8056272 
1024 5979861 
1024 2058772 
1024 4075032 
1024 4705177 
1024 4359117 
1024 3820361 
1024 6544432 
1024 5056490 
1024 4257488 
1024 4015474 
1024 3833846 
1024 6786831 
1024 3045034 
1024 3216182 
1024 6108671 
1024 3161075 
1024 2383948 
1024 7797542 
1024 1504571 
1024 2948094 
1024 7369041 
1024 3141401 
1024 4200633 
1024 8624071 
1024 3551084 
1024 3262935 
1024 3848664 
1024 4187443 
1024 3817271 
1024 6875442 
1024 6162353 
1024 2881543 
1024 4416517 
1024 4894663 
1024 4925757 
1024 4239299 
1024 4680405 
1024 4592247 
1024 2776959 
1024 2534082 
1024 3163041 
1024 2323936 
1024 3249827 
1024 4630663 
1024 6113797 
1024 2528483 
1024 3373362 
1024 6824928 
1024 4643529 
1024 5013288 
1024 3191510 
1024 4089384 
1024 1820791 
1024 3373739 
1024 6012204 
1024 4364304 
1024 2330172 
1024 3570968 
1024 3196130 
1024 4476668 
1024 2467307 
1024 2764789 
1024 3704365 
1024 2301508 
1024 7269293 
1024 6393233 
1024 2330740 
1024 3795394 
1024 3271956 
1024 3937532 
1024 2672089 
1024 4663879 
1024 3966845 
1024 2356882 
1024 6279462 
1024 3979052 
1024 1940056 
1024 2902630 
1024 4521912 
1024 6681274 
1024 4650506 
1024 4291599 
1024 4842524 
1024 3603223 
1024 6674661 
1024 4861866 
1024 5298553 
1024 4365450 
1024 3919339 
1024 2085967 
1024 5113629 
1024 9970957 
1024 4517475 
1024 2817044 
1024 2307435 
1024 3212658 
1024 5991006 
1024 3409720 
1024 4058477 
1024 3301370 
1024 4047932 
1024 4573467 
1024 5416436 
1024 3297268 
1024 2531355 
1024 4234143 
1024 6276321 
1024 4477782 
1024 3052876 
1024 2936553 
1024 5879670 
1024 4714179 
1024 6842108 
1024 6603940 
1024 3964883 
1024 1784724 
1024 3860435 
1024 6964643 
1024 6324197 
1024 3332298 
1024 7032668 
1024 5837497 
1024 3830529 
1024 9457426 
1024 5056560 
1024 4542086 
1024 4538285 
1024 3270799 
1024 2482117 
1024 5068090 
1024 2996481 
1024 2052949 
1024 5369053 
1024 3060782 
1024 2376068 
1024 3870757 
1024 8167168 
1024 5322243 
1024 4193027 
1024 2838956 
1024 5230264 
1024 4577636 
1024 4613967 
1024 7862482 
1024 4048960 
1024 2679654 
1024 4647327 
1024 5248082 
1024 4289482 
1024 6862360 
1024 1478378 
1024 4447680 
1024 2302164 
1024 8008724 
1024 4569928 
1024 2821522 
1024 7293834 
1024 4933813 
1024 2449665 
1024 4473300 
1024 3774624 
1024 2865140 
1024 4380609 
1024 2988722 
1024 6466059 
1024 4084033 
1024 2675307 
1024 2391558 
1024 7462045 
1024 5002000 
1024 6000360 
1024 2685262 
1024 4026280 
1024 2766921 
1024 2625413 
1024 6195130 
1024 4865688 
1024 2909665 
1024 1924805 
1024 3122734 
1024 4438811 
1024 3538244 
1024 3952017 
1024 3126583 
1024 6405685 
1024 4444967 
1024 4211007 
1024 2872519 
1024 4523962 
1024 3624317 
1024 4514387 
1024 1844401 
1024 4848882 
1024 4073270 
1024 2205343 
1024 5044568 
1024 2053699 
1024 3122480 
1024 2206967 
1024 6218500 
1024 6191643 
1024 3903018 
1024 5172047 
1024 5616781 
1024 8332561 
1024 3549642 
1024 3146992 
1024 3672187 
1024 7849998 
1024 3483006 
1024 2370997 
1024 5761155 
1024 2234505 
1024 2475944 
1024 4086983 
1024 5880209 
1024 5491335 
1024 3090536 
1024 3826037 
1024 3711854 
1024 3209703 
1024 2807402 
1024 6291240 
1024 9419926 
1024 4257269 
1024 4918866 
1024 3152240 
1024 2957222 
1024 6884628 
1024 3135258 
1024 6455556 
1024 6565365 
1024 2868656 
1024 2751734 
1024 3669789 
1024 3266220 
1024 4426368 
1024 4460042 
1024 4590778 
1024 3946206 
1024 3091300 
1024 6048269 
1024 5784662 
1024 5099999 
1024 6165787 
1024 3375912 
1024 3984113 
1024 5486147 
1024 4296845 
1024 5036034 
1024 5865676 
1024 3864287 
1024 2446233 
1024 2654869 
1024 5375645 
1024 3456708 
1024 3383369 
1024 2987605 
1024 7649289 
1024 2879054 
1024 4132449 
1024 2946352 
1024 3182671 
1024 2390907 
1024 4203966 
1024 7930890 
1024 6592958 
1024 2877402 
1024 5025106 
1024 4915684 
1024 2677144 
1024 3725689 
1024 4383608 
1024 3031587 
1024 4728585 
1024 4145774 
1024 6383327 
1024 5732251 
1024 4413881 
1024 4260210 
1024 3746747 
1024 4877776 
1024 2425857 
1024 2531167 
1024 3296315 
1024 2546457 
1024 2948950 
1024 5644478 
1024 6196700 
1024 5343894 
1024 5929240 
1024 2908701 
1024 1563491 
1024 2027225 
1024 4272261 
1024 5061272 
1024 3758318 
1024 5402127 
1024 4390963 
1024 3885110 
1024 4353777 
1024 6253246 
1024 5991339 
1024 3756389 
1024 2944552 
1024 2370746 
1024 3068208 
1024 4364610 
1024 4460831 
1024 2704227 
1024 4293140 
1024 4074068 
1024 4694594 
1024 3394325 
1024 4335769 
1024 5338321 
1024 4614843 
1024 6548937 
1024 4716833 
1024 5240826 
1024 4623225 
1024 3217606 
1024 4829708 
1024 4896514 
1024 9185266 
1024 6805029 
1024 2806407 
1024 3305791 
1024 4519670 
1024 4420886 
1024 2396391 
1024 3951446 
1024 3248305 
1024 2191615 
1024 3329430 
1024 3096878 
1024 1791453 
1024 3927855 
1024 4042293 
1024 9511511 
1024 4744707 
1024 7427642 
1024 3413609 
1024 5815194 
1024 3153301 
1024 6207180 
1024 1767756 
1024 6012165 
1024 4827293 
1024 2326320 
1024 5997213 
1024 4368146 
1024 4470813 
1024 3524007 
1024 3239142 
1024 4435486 
1024 7314013 
1024 4449061 
1024 9205568 
1024 2466744 
1024 6862742 
1024 3832018 
1024 2718169 
1024 5243275 
1024 3431549 
1024 3364106 
1024 3949322 
1024 8383308 
1024 4385180 
1024 4544978 
1024 4170208 
1024 3283692 
1024 4705336 
1024 2277868 
1024 5483838 
1024 3575839 
1024 3828763 
1024 2699163 
1024 5454375 
1024 3710511 
1024 10528820 
1024 5290795 
1024 3250648 
1024 7087144 
1024 3418134 
1024 1105704 
1024 3705416 
1024 3935799 
1024 5956222 
1024 3720859 
1024 7352887 
1024 5932559 
1024 4446868 
1024 3337197 
1024 2413669 
1024 3154938 
1024 2920153 
1024 11212492 
1024 2710533 
1024 3904382 
1024 3418680 
1024 4323017 
1024 2708355 
1024 3105769 
1024 4784654 
1024 8688234 
1024 7718938 
1024 5539289 
1024 6734001 
1024 4011477 
1024 3904801 
1024 4579225 
1024 3852616 
1024 2537594 
1024 2424097 
1024 4866180 
1024 5306583 
1024 3403116 
1024 2141333 
1024 5337431 
1024 3086086 
1024 5146954 
1024 4034385 
1024 4594174 
1024 3644183 
1024 4547664 
1024 3441928 
1024 10264329 
1024 4421524 
1024 5826965 
1024 2781847 
1024 3836189 
1024 5337650 
1024 2100574 
1024 6904909 
1024 6197269 
1024 3339881 
1024 6390340 
1024 6988075 
1024 2678492 
1024 4884620 
1024 2931674 
1024 3041730 
1024 5601029 
1024 3639299 
1024 2919228 
1024 3314067 
1024 5695605 
1024 3936076 
1024 4251056 
1024 3172896 
1024 2724010 
1024 2143976 
1024 5809392 
1024 5459501 
1024 4832301 
1024 4997652 
1024 4425222 
1024 7527480 
1024 5320767 
1024 2455722 
1024 4343708 
1024 3252989 
1024 6724528 
1024 2643935 
1024 3285485 
1024 4641914 
1024 4566140 
1024 6446997 
1024 2666111 
1024 5286283 
1024 6094702 
1024 4947346 
1024 2906123 
1024 5511599 
1024 3966337 
1024 6037921 
1024 4939983 
1024 6308041 
1024 2889468 
1024 2835095 
1024 3466967 
1024 5156887 
1024 1786191 
1024 3236313 
1024 6199134 
1024 5070413 
1024 2629721 
1024 2642113 
1024 4449351 
1024 3309743 
1024 5301318 
1024 3339769 
1024 3163308 
1024 3161200 
1024 2463297 
1024 7776059 
1024 4769855 
1024 3782546 
1024 2390254 
1024 2272957 
1024 3902514 
1024 3429581 
1024 2430465 
1024 3221099 
1024 6834640 
1024 4774684 
1024 3344192 
1024 6127128 
1024 8821879 
1024 3016281 
1024 6027950 
1024 3381203 
1024 2744574 
1024 1240107 
1024 4084958 
1024 4565002 
1024 4833761 
1024 5304328 
1024 3460229 
1024 2757175 
1024 6981289 
1024 4388506 
1024 7368825 
1024 3120109 
1024 2268760 
1024 3674810 
1024 5036394 
1024 1999229 
1024 4465367 
1024 3533420 
1024 2437917 
1024 5706240 
1024 4895202 
1024 3101664 
1024 4996697 
1024 4676082 
1024 4704586 
1024 3443804 
1024 4001823 
1024 4849728 
1024 5526579 
1024 4628451 
1024 5142508 
1024 3598899 
1024 5119279 
1024 4399143 
1024 4617280 
1024 3142514 
1024 2275596 
1024 1416343 
1024 5692806 
1024 3336231 
1024 3056210 
1024 6135521 
1024 7307259 
1024 2965887 
1024 5605150 
1024 3381495 
1024 6007943 
1024 4293690 
1024 2596718 
1024 2475411 
1024 5279199 
1024 4778317 
1024 2609628 
1024 3618732 
1024 4145707 
1024 5016976 
1024 5490909 
1024 6167365 
1024 3615945 
1024 4342698 
1024 2764629 
1024 3692425 
1024 2917196 
1024 6783976 
1024 5101510 
1024 2567542 
1024 1998138 
1024 4211378 
1024 9202174 
1024 7347448 
1024 5685782 
1024 7155103 
1024 6529761 
1024 4412867 
1024 3063168 
1024 3604218 
1024 3693561 
1024 4724179 
1024 5359040 
1024 4425143 
1024 6127960 
1024 4382845 
1024 2179560 
1024 2408580 
1024 3056127 
1024 6565784 
1024 5511417 
1024 2724707 
1024 4194143 
1024 3795177 
1024 2897767 
1024 2930216 
1024 4242618 
1024 3864609 
1024 3735157 
1024 4813252 
1024 2218239 
1024 3938329 
1024 10317564 
1024 4189695 
1024 2249433 
1024 7195777 
1024 3874010 
1024 6304188 
1024 3475432 
1024 3076756 
1024 6657977 
1024 4049553 
1024 4784244 
1024 6325767 
1024 7097254 
1024 6536573 
1024 3240585 
1024 3033592 
1024 5877770 
1024 6096787 
1024 3305073 
1024 2062038 
1024 3864123 
1024 4470790 
1024 4868171 
1024 4580903 
1024 3037530 
1024 6479099 
1024 4290581 
1024 5362921 
1024 3146237 
1024 4116537 
1024 2302304 
1024 4083170 
1024 2889672 
1024 2496059 
1024 7729914 
1024 3700167 
1024 3017947 
1024 9111444 
1024 3438753 
1024 6592909 
1024 3526286 
1024 4389707 
1024 3040272 
1024 3819768 
1024 3919465 
1024 2590108 
1024 2924941 
1024 1855272 
1024 4750049 
1024 4424491 
1024 4612985 
1024 2974428 
1024 4058080 
1024 4594427 
1024 1839078 
1024 3642374 
1024 3706889 
1024 4946589 
1024 9413880 
1024 6645978 
1024 4540553 
1024 5317885 
1024 4550042 
1024 4106131 
1024 5516726 
1024 6583254 
1024 6709503 
1024 4690658 
1024 4406664 
1024 4544661 
1024 3325430 
1024 9811164 
1024 6635642 
1024 5596947 
1024 2406981 
1024 3770062 
1024 4828329 
1024 5249980 
1024 3498542 
1024 4139658 
1024 6520826 
1024 4157835 
1024 3250298 
1024 5984291 
1024 4860410 
1024 5352623 
1024 2386078 
1024 4910772 
1024 4927132 
1024 5886771 
1024 5014512 
1024 4867381 
1024 4670974 
1024 1777593 
1024 3053424 
1024 4331579 
1024 4190353 
1024 4210947 
1024 2342967 
1024 6724109 
1024 5137289 
1024 2037361 
1024 6665877 
1024 6849145 
1024 4401896 
1024 4113441 
1024 5290419 
1024 2834066 
1024 6885078 
1024 3472085 
1024 3303166 
1024 4275814 
1024 5446128 
1024 2838872 
1024 8827048 
1024 2762627 
1024 4188302 
1024 6434348 
1024 3886559 
1024 4663877 
1024 4183481 
1024 3484752 
1024 4005982 
1024 4188066 
1024 4430272 
1024 3387018 
1024 3801405 
1024 4212561 
1024 4962536 
1024 4280001 
1024 2335384 
1024 2474685 
1024 3816272 
1024 3666056 
1024 2835659 
1024 3008153 
1024 2223391 
1024 5183201 
1024 4520535 
1024 4859597 
1024 4181682 
1024 6758367 
1024 4237299 
1024 4591802 
1024 4959938 
1024 4424002 
1024 3175331 
1024 5167266 
1024 7884234 
1024 5236740 
1024 3694603 
1024 4988290 
1024 3718527 
1024 4429501 
1024 4721923 
1024 3901216 
1024 2973034 
1024 6752734 
1024 3140193 
1024 4108044 
1024 7425637 
1024 5283176 
1024 6575687 
1024 3642316 
1024 5632606 
1024 3926808 
1024 6244421 
1024 2881582 
1024 2577815 
1024 2337174 
1024 4331784 
1024 4489564 
1024 4967578 
1024 5265402 
1024 2962625 
1024 5286064 
1024 2170365 
1024 3194669 
1024 3110567 
1024 2557889 
1024 3316535 
1024 2568257 
1024 3778059 
1024 3723172 
1024 4855650 
1024 3506672 
1024 6564078 
1024 5563117 
1024 3410996 
1024 5439570 
1024 3835340 
