4096 2895326 
4096 5238525 
4096 5480283 
4096 3048420 
4096 3407360 
4096 2822403 
4096 2782253 
4096 2533547 
4096 5271452 
4096 6875463 
4096 6252963 
4096 4940875 
4096 4360143 
4096 4678683 
4096 7106612 
4096 4545364 
4096 4476084 
4096 4793127 
4096 7023054 
4096 3551939 
4096 6387706 
4096 8942311 
4096 7160491 
4096 6890547 
4096 5082603 
4096 3398808 
4096 2303182 
4096 6129194 
4096 8747024 
4096 7171104 
4096 3079414 
4096 8477480 
4096 3875682 
4096 7556176 
4096 4820481 
4096 3026533 
4096 6888834 
4096 3061588 
4096 5192454 
4096 2237941 
4096 2691313 
4096 3494663 
4096 4197316 
4096 6861329 
4096 4738605 
4096 5238794 
4096 6077187 
4096 5074794 
4096 1204180 
4096 10130622 
4096 6879750 
4096 3352819 
4096 2235099 
4096 4437559 
4096 3320549 
4096 4496607 
4096 3515827 
4096 4364070 
4096 3586732 
4096 5692803 
4096 4576678 
4096 7569323 
4096 6061332 
4096 7305585 
4096 5066880 
4096 3745436 
4096 2695489 
4096 3571397 
4096 3074624 
4096 5065392 
4096 2684813 
4096 4165306 
4096 2327700 
4096 2879516 
4096 4719079 
4096 2880534 
4096 4647873 
4096 4488917 
4096 2268060 
4096 2313574 
4096 4979299 
4096 4540444 
4096 4529697 
4096 7211300 
4096 4734199 
4096 3420681 
4096 2234623 
4096 3238905 
4096 3246607 
4096 7209666 
4096 6885895 
4096 4803170 
4096 4382919 
4096 6201048 
4096 4734843 
4096 4701041 
4096 6492009 
4096 6150667 
4096 4152940 
4096 4166762 
4096 3576284 
4096 4347603 
4096 5159605 
4096 6752288 
4096 4954693 
4096 3139331 
4096 5366507 
4096 6522572 
4096 2836186 
4096 2897230 
4096 4904208 
4096 2155440 
4096 2782218 
4096 5182265 
4096 5048018 
4096 3273765 
4096 6533362 
4096 4224439 
4096 4618784 
4096 2802345 
4096 4362570 
4096 6783855 
4096 3475623 
4096 5036758 
4096 2709268 
4096 4436850 
4096 2815419 
4096 5397253 
4096 3429024 
4096 3271015 
4096 3403402 
4096 6705482 
4096 4843650 
4096 3885832 
4096 3293554 
4096 3097192 
4096 6247779 
4096 5559155 
4096 6775395 
4096 4192384 
4096 4192917 
4096 2670763 
4096 6723008 
4096 6508420 
4096 3560699 
4096 2488021 
4096 4107713 
4096 5601662 
4096 6444066 
4096 1850722 
4096 6632833 
4096 5975352 
4096 5405924 
4096 7007608 
4096 4554875 
4096 5442839 
4096 3391872 
4096 2613987 
4096 2701844 
4096 1941127 
4096 4548849 
4096 4678020 
4096 3457928 
4096 6593216 
4096 4945345 
4096 2067639 
4096 6061060 
4096 5568373 
4096 6591740 
4096 6219818 
4096 3418659 
4096 6014692 
4096 3807420 
4096 5420541 
4096 4863606 
4096 8127415 
4096 4631343 
4096 4996354 
4096 4723745 
4096 3855150 
4096 4841065 
4096 4418821 
4096 3224280 
4096 6696616 
4096 3903240 
4096 3136259 
4096 5028767 
4096 4051488 
4096 5523083 
4096 4383607 
4096 2637428 
4096 4641475 
4096 6207363 
4096 2742452 
4096 6222070 
4096 5033966 
4096 3688049 
4096 7571533 
4096 5179214 
4096 2124920 
4096 4675599 
4096 4906227 
4096 4636971 
4096 4001940 
4096 6614451 
4096 4732836 
4096 3568974 
4096 3960576 
4096 3963577 
4096 6906134 
4096 3389881 
4096 3380352 
4096 7318387 
4096 3291814 
4096 2632945 
4096 7173259 
4096 1581962 
4096 3611367 
4096 7254032 
4096 3091914 
4096 4602232 
4096 9060591 
4096 3828728 
4096 3363719 
4096 4641947 
4096 4418559 
4096 3887578 
4096 6533097 
4096 5484706 
4096 4084390 
4096 4794952 
4096 5157248 
4096 5771660 
4096 5246517 
4096 3611983 
4096 3689319 
4096 2786809 
4096 2520427 
4096 3443941 
4096 2291886 
4096 3274837 
4096 4592698 
4096 4793420 
4096 2579766 
4096 3327720 
4096 7407794 
4096 4774369 
4096 5137152 
4096 3339087 
4096 4845161 
4096 1796020 
4096 3567945 
4096 5420615 
4096 4855332 
4096 2500448 
4096 3585444 
4096 3228906 
4096 5108419 
4096 2574197 
4096 3098658 
4096 4367791 
4096 3153177 
4096 8194028 
4096 5656357 
4096 3163344 
4096 4679146 
4096 3131939 
4096 3956204 
4096 2514823 
4096 4500870 
4096 4239227 
4096 2651184 
4096 6542345 
4096 3522275 
4096 1999901 
4096 2897601 
4096 4278537 
4096 7059755 
4096 4492152 
4096 4770710 
4096 5215278 
4096 4972888 
4096 6920945 
4096 5028969 
4096 4712214 
4096 4391710 
4096 4306869 
4096 2430121 
4096 5983035 
4096 9097437 
4096 3773906 
4096 3066739 
4096 3496872 
4096 9181145 
4096 5619213 
4096 3479167 
4096 4217274 
4096 3495346 
4096 4770936 
4096 3807830 
4096 5159470 
4096 3203763 
4096 2758957 
4096 4895282 
4096 6320126 
4096 4487310 
4096 3274409 
4096 2943956 
4096 6240647 
4096 4363243 
4096 6944458 
4096 6858635 
4096 3582761 
4096 1974951 
4096 3859647 
4096 6917626 
4096 6829102 
4096 3481746 
4096 6361530 
4096 6808516 
4096 4548388 
4096 8256811 
4096 5132049 
4096 4872111 
4096 4980265 
4096 3305496 
4096 2505780 
4096 4872563 
4096 3192252 
4096 2267964 
4096 5826100 
4096 3834193 
4096 2420987 
4096 4007685 
4096 9095404 
4096 5443753 
4096 5126428 
4096 3029333 
4096 4599245 
4096 4773199 
4096 4672809 
4096 8872405 
4096 4863898 
4096 2756365 
4096 5401390 
4096 7112849 
4096 4642876 
4096 7098316 
4096 1578607 
4096 5424712 
4096 3205608 
4096 6706365 
4096 4896708 
4096 3071688 
4096 7076560 
4096 5099514 
4096 3270278 
4096 4532811 
4096 3856201 
4096 2808710 
4096 4576630 
4096 3021313 
4096 6178186 
4096 4122257 
4096 2786630 
4096 2564146 
4096 7390885 
4096 4919266 
4096 4896098 
4096 2629768 
4096 4015392 
4096 3014472 
4096 2910262 
4096 6338059 
4096 4573901 
4096 3357127 
4096 2379730 
4096 3072913 
4096 3564237 
4096 3634812 
4096 4710640 
4096 3176936 
4096 6929057 
4096 4295402 
4096 4382122 
4096 2931523 
4096 4794703 
4096 3501373 
4096 4552703 
4096 1794472 
4096 4464092 
4096 4236974 
4096 2312070 
4096 5018332 
4096 2027786 
4096 3034317 
4096 3316013 
4096 6285125 
4096 7013786 
4096 4256665 
4096 5185049 
4096 5040991 
4096 7873087 
4096 4974645 
4096 3307252 
4096 4680837 
4096 7477759 
4096 3553131 
4096 2448805 
4096 6802567 
4096 2655544 
4096 2515117 
4096 4101561 
4096 5152158 
4096 6112254 
4096 3427123 
4096 3579038 
4096 3692874 
4096 3556890 
4096 3026992 
4096 7277806 
4096 9100301 
4096 3654766 
4096 4698912 
4096 3181282 
4096 2497325 
4096 7351961 
4096 3673086 
4096 6440373 
4096 6136424 
4096 3018937 
4096 3016965 
4096 4560236 
4096 3438882 
4096 4713579 
4096 4886204 
4096 4445373 
4096 4405321 
4096 3207772 
4096 5221241 
4096 5202411 
4096 5627381 
4096 6176950 
4096 3735092 
4096 4220854 
4096 5748835 
4096 3789301 
4096 5093807 
4096 5439435 
4096 4483290 
4096 2583552 
4096 3259114 
4096 7641795 
4096 4589812 
4096 3892611 
4096 3161094 
4096 7257101 
4096 2773497 
4096 4297462 
4096 2884930 
4096 3358697 
4096 2765831 
4096 4491216 
4096 4871902 
4096 6686447 
4096 2825960 
4096 5417794 
4096 5305870 
4096 2758034 
4096 3600793 
4096 3986553 
4096 2994820 
4096 4454576 
4096 3281311 
4096 5510665 
4096 5755149 
4096 3708310 
4096 3413720 
4096 3829387 
4096 4355226 
4096 2616876 
4096 2493509 
4096 3423100 
4096 2963650 
4096 3024821 
4096 6429978 
4096 6936290 
4096 4861686 
4096 5113152 
4096 3216722 
4096 1810255 
4096 2244278 
4096 3501125 
4096 5281662 
4096 3916622 
4096 5223310 
4096 5369174 
4096 3276447 
4096 4515405 
4096 5336415 
4096 6403740 
4096 4546584 
4096 2820592 
4096 2320642 
4096 3188734 
4096 5078914 
4096 4676020 
4096 2921876 
4096 4583488 
4096 4029099 
4096 5004888 
4096 3477330 
4096 3770767 
4096 6436571 
4096 4749893 
4096 5637067 
4096 5356972 
4096 5220559 
4096 4498921 
4096 3109099 
4096 6736180 
4096 5015296 
4096 9654635 
4096 5897543 
4096 3499039 
4096 3288890 
4096 4400532 
4096 3537959 
4096 2495169 
4096 4154423 
4096 3284650 
4096 2232262 
4096 3617257 
4096 3327607 
4096 1853387 
4096 4797335 
4096 3911062 
4096 9108975 
4096 4696135 
4096 6799623 
4096 3251999 
4096 4976666 
4096 2946053 
4096 6399900 
4096 1997630 
4096 6007073 
4096 3810051 
4096 2381796 
4096 6475549 
4096 4808270 
4096 4838626 
4096 4176579 
4096 3450560 
4096 4785951 
4096 6172131 
4096 5457366 
4096 9860749 
4096 3015482 
4096 6645596 
4096 4882434 
4096 2768114 
4096 5320757 
4096 3369272 
4096 3207354 
4096 4154522 
4096 7569509 
4096 4148893 
4096 4208690 
4096 4966834 
4096 3374402 
4096 3841858 
4096 4214859 
4096 5730763 
4096 4522605 
4096 4043033 
4096 2593952 
4096 4477990 
4096 4374239 
4096 10015678 
4096 5571551 
4096 3561523 
4096 7120145 
4096 3830512 
4096 1202230 
4096 3702606 
4096 3833754 
4096 6233265 
4096 3859295 
4096 6811301 
4096 6215933 
4096 5704018 
4096 3364768 
4096 2565923 
4096 3121671 
4096 2991800 
4096 11213466 
4096 2667749 
4096 4522922 
4096 4042382 
4096 4498019 
4096 2649333 
4096 3014358 
4096 4653072 
4096 8345229 
4096 7072165 
4096 5502280 
4096 6941180 
4096 4920188 
4096 3805748 
4096 5385555 
4096 4025824 
4096 2649035 
4096 3410068 
4096 4636198 
4096 5018921 
4096 3335481 
4096 2486429 
4096 6079398 
4096 2922915 
4096 4957177 
4096 3740154 
4096 4755935 
4096 3860358 
4096 4744433 
4096 3355673 
4096 10333763 
4096 5179344 
4096 6369385 
4096 2639255 
4096 3991644 
4096 5649014 
4096 2171535 
4096 7031346 
4096 6942218 
4096 3334168 
4096 7545296 
4096 5888304 
4096 2853765 
4096 5018211 
4096 2974148 
4096 3243179 
4096 6582138 
4096 4711622 
4096 3104232 
4096 3610457 
4096 5031773 
4096 5096631 
4096 4442791 
4096 3846118 
4096 2916293 
4096 2161730 
4096 6094130 
4096 5958043 
4096 5060821 
4096 4176023 
4096 4862934 
4096 7809697 
4096 4663478 
4096 2815661 
4096 4255620 
4096 3314210 
4096 6692874 
4096 2685652 
4096 3047932 
4096 4778011 
4096 3772107 
4096 6716401 
4096 2745022 
4096 5912418 
4096 6553911 
4096 5121371 
4096 3055647 
4096 5550705 
4096 4120275 
4096 6626440 
4096 4805519 
4096 6501384 
4096 3387316 
4096 3057826 
4096 3640326 
4096 5494608 
4096 2014807 
4096 3119864 
4096 6150441 
4096 5236470 
4096 2672687 
4096 2837863 
4096 4789651 
4096 3254725 
4096 5163845 
4096 3417059 
4096 3200847 
4096 3304098 
4096 2419926 
4096 8639970 
4096 4701903 
4096 3832346 
4096 2468076 
4096 2687354 
4096 4125107 
4096 4078341 
4096 3355243 
4096 3172387 
4096 7705390 
4096 5426772 
4096 4266360 
4096 6723212 
4096 7459813 
4096 3209884 
4096 5170740 
4096 3370527 
4096 2860348 
4096 1296766 
4096 4344016 
4096 4631971 
4096 3753836 
4096 5279877 
4096 3777911 
4096 2687048 
4096 6894762 
4096 5341221 
4096 7273070 
4096 3181739 
4096 2503078 
4096 3553392 
4096 4557721 
4096 2121234 
4096 4101020 
4096 4103758 
4096 2494761 
4096 5828288 
4096 4912332 
4096 3277860 
4096 4900657 
4096 4842949 
4096 4768677 
4096 3580856 
4096 3793801 
4096 4685617 
4096 6177225 
4096 4857390 
4096 3483954 
4096 4779335 
4096 5271512 
4096 4818872 
4096 4723940 
4096 3353467 
4096 2132897 
4096 2225977 
4096 5872944 
4096 3228257 
4096 2551653 
4096 6253422 
4096 6619530 
4096 3426257 
4096 5710212 
4096 3246594 
4096 6157266 
4096 3629854 
4096 2934931 
4096 2605984 
4096 5205927 
4096 4880479 
4096 2703346 
4096 3557422 
4096 3496797 
4096 5214270 
4096 4699427 
4096 5355111 
4096 3570333 
4096 4558136 
4096 2730007 
4096 4193726 
4096 2971986 
4096 6839664 
4096 4731955 
4096 2736080 
4096 2202426 
4096 4418025 
4096 8851807 
4096 7950537 
4096 6664865 
4096 6109838 
4096 7359464 
4096 4167368 
4096 3364429 
4096 3722529 
4096 3927613 
4096 4153151 
4096 5006516 
4096 3255024 
4096 7035777 
4096 4615209 
4096 2355796 
4096 2383687 
4096 2987707 
4096 6231094 
4096 6627115 
4096 2828329 
4096 4405372 
4096 4241864 
4096 2858799 
4096 3718837 
4096 4536270 
4096 4134152 
4096 3784187 
4096 4623579 
4096 2371005 
4096 3788576 
4096 8892906 
4096 4298188 
4096 2348594 
4096 6407602 
4096 4012846 
4096 6373853 
4096 4080537 
4096 3179344 
4096 6237994 
4096 4251629 
4096 4937763 
4096 5953881 
4096 6441311 
4096 6060526 
4096 3275120 
4096 3078762 
4096 5310208 
4096 6086735 
4096 3374057 
4096 2124038 
4096 4328004 
4096 4567925 
4096 5537400 
4096 4232283 
4096 3212714 
4096 6251012 
4096 4302524 
4096 5244692 
4096 3355518 
4096 3906562 
4096 2600872 
4096 4372574 
4096 2739367 
4096 2745698 
4096 7454953 
4096 4098414 
4096 2971018 
4096 8157898 
4096 3859702 
4096 6978216 
4096 3869039 
4096 4529160 
4096 3501818 
4096 3972167 
4096 4003419 
4096 2713433 
4096 3523917 
4096 1777046 
4096 5057787 
4096 4346716 
4096 3786825 
4096 2930551 
4096 4205386 
4096 4619379 
4096 1859701 
4096 1351456 
4096 3998109 
4096 5468957 
4096 8115577 
4096 6075760 
4096 4829987 
4096 5229665 
4096 4575696 
4096 4249279 
4096 6099095 
4096 7075082 
4096 6314392 
4096 5133197 
4096 4346663 
4096 4752385 
4096 3775395 
4096 9352308 
4096 6048118 
4096 5254120 
4096 2695247 
4096 4048416 
4096 5125957 
4096 5872512 
4096 3342696 
4096 4470338 
4096 6157277 
4096 4464907 
4096 4150702 
4096 5915883 
4096 4010467 
4096 5292319 
4096 2667066 
4096 5122524 
4096 4203281 
4096 5868831 
4096 5383903 
4096 5189013 
4096 4913968 
4096 2077853 
4096 3027766 
4096 3843617 
4096 4497715 
4096 4057669 
4096 2626448 
4096 6717748 
4096 5285370 
4096 2022509 
4096 6754033 
4096 6129694 
4096 4915781 
4096 4190181 
4096 6222118 
4096 2811897 
4096 6807144 
4096 3580320 
4096 3297595 
4096 4500607 
4096 4087841 
4096 2784305 
4096 9186816 
4096 2554330 
4096 4205893 
4096 5687054 
4096 3898490 
4096 4766416 
4096 4292719 
4096 3297579 
4096 4149271 
4096 3577412 
4096 4289652 
4096 3515006 
4096 3893230 
4096 5043679 
4096 4823303 
4096 4751922 
4096 2686231 
4096 2547151 
4096 3863843 
4096 3604398 
4096 3058832 
4096 2474550 
4096 2507388 
4096 5162604 
4096 4552944 
4096 4143733 
4096 4255375 
4096 6691395 
4096 4600986 
4096 4317441 
4096 4775467 
4096 4496552 
4096 2370944 
4096 5181073 
4096 8264314 
4096 6014762 
4096 3640252 
4096 6051459 
4096 3643278 
4096 3835646 
4096 3805871 
4096 4009007 
4096 3231928 
4096 6101609 
4096 3595133 
4096 5162719 
4096 7842766 
4096 6698821 
4096 7177603 
4096 3760210 
4096 6321554 
4096 3880714 
4096 5417022 
4096 3342928 
4096 2581731 
4096 3164122 
4096 5644291 
4096 4824052 
4096 5418434 
4096 5623327 
4096 2998683 
4096 4408961 
4096 2285911 
4096 3729387 
4096 3050184 
4096 3330645 
4096 3370796 
4096 3524092 
4096 3948704 
4096 3306194 
4096 5313747 
4096 3633605 
4096 6878412 
4096 5089237 
4096 3578645 
4096 5735240 
4096 4834034 
