64 2839018 
64 5356610 
64 5121750 
64 3048269 
64 3240243 
64 2780958 
64 3101678 
64 2581903 
64 5186470 
64 6195683 
64 5921917 
64 4879523 
64 3843031 
64 3675106 
64 6727374 
64 3967334 
64 4643040 
64 4107061 
64 6737711 
64 3094579 
64 6156832 
64 8454143 
64 6580341 
64 7165228 
64 4862302 
64 2944850 
64 2331300 
64 5744216 
64 8632221 
64 7014353 
64 2578303 
64 8107266 
64 4008649 
64 7155809 
64 4166029 
64 3088888 
64 5793783 
64 2879539 
64 4986388 
64 1868724 
64 2808046 
64 3548681 
64 4371563 
64 6350726 
64 3672433 
64 4418918 
64 5140695 
64 4469428 
64 1487729 
64 9691442 
64 6240203 
64 2701521 
64 2364045 
64 4009542 
64 2785550 
64 4554205 
64 3465411 
64 4388307 
64 3116527 
64 6366901 
64 4495637 
64 7547927 
64 5355566 
64 6621402 
64 4996923 
64 3715728 
64 3014556 
64 3302480 
64 2856654 
64 5033903 
64 3413049 
64 3979408 
64 2710224 
64 2802177 
64 4203513 
64 2623777 
64 4325189 
64 4305708 
64 2398225 
64 1971100 
64 4869817 
64 4483169 
64 4699403 
64 6884667 
64 4095677 
64 3583703 
64 2939013 
64 2540586 
64 3102407 
64 6070651 
64 6560523 
64 4411032 
64 4379867 
64 5486464 
64 4825661 
64 4215758 
64 5988142 
64 6595187 
64 4407285 
64 3916285 
64 3990511 
64 3690855 
64 4711438 
64 6263973 
64 4018818 
64 3722941 
64 4899207 
64 5618314 
64 2661050 
64 2843110 
64 5047435 
64 2320406 
64 2770132 
64 4401383 
64 5064334 
64 3004688 
64 6111378 
64 4772941 
64 3705446 
64 3223318 
64 4374613 
64 6410695 
64 3559239 
64 4509286 
64 2977770 
64 4402444 
64 2864257 
64 5417437 
64 3494981 
64 3312771 
64 3385543 
64 6275526 
64 4983399 
64 4258498 
64 3345386 
64 3108715 
64 6089990 
64 5185613 
64 6641457 
64 4155969 
64 3381142 
64 2646885 
64 6729072 
64 5965669 
64 3291166 
64 2447906 
64 4509279 
64 6016815 
64 4726117 
64 2103936 
64 5930131 
64 5193396 
64 5387916 
64 6430196 
64 4599124 
64 5176260 
64 3211295 
64 2702444 
64 2953533 
64 2238445 
64 6563022 
64 4033347 
64 3433074 
64 5556336 
64 3989060 
64 2159152 
64 6680250 
64 5057931 
64 4676936 
64 6131948 
64 3507290 
64 6770067 
64 3362348 
64 5794662 
64 4735892 
64 7963265 
64 3915288 
64 4169246 
64 4333311 
64 4523168 
64 4536665 
64 4481075 
64 3259795 
64 6897141 
64 4463685 
64 2717549 
64 5171975 
64 4705758 
64 6000425 
64 4819126 
64 2693261 
64 4910005 
64 6088409 
64 1746297 
64 6325354 
64 4837874 
64 3263068 
64 6837568 
64 4926753 
64 2392801 
64 4498815 
64 4488031 
64 4736515 
64 4463350 
64 6007135 
64 4565790 
64 3333679 
64 3749508 
64 3293367 
64 7485911 
64 3367923 
64 3383847 
64 6012668 
64 3529807 
64 3115880 
64 6843585 
64 1853413 
64 3706092 
64 6570045 
64 3237062 
64 5229901 
64 8717688 
64 4196533 
64 2664014 
64 4489653 
64 4770688 
64 3524974 
64 5238151 
64 4871652 
64 3423686 
64 4976831 
64 5075969 
64 4901505 
64 4802909 
64 4125173 
64 3651494 
64 2447451 
64 2743609 
64 3572921 
64 2692036 
64 3611932 
64 4968946 
64 5104318 
64 2562090 
64 3431109 
64 7093478 
64 4674513 
64 5237575 
64 2865098 
64 4805377 
64 1917643 
64 3484910 
64 5738985 
64 3980294 
64 2402466 
64 3651975 
64 3696716 
64 4125486 
64 2516990 
64 3039891 
64 3620252 
64 2155559 
64 7086413 
64 5549787 
64 2378552 
64 4687797 
64 2846151 
64 3867034 
64 2304227 
64 4998907 
64 4137193 
64 2394406 
64 6142848 
64 3166611 
64 2185319 
64 3291101 
64 4396646 
64 6869673 
64 4685979 
64 4748620 
64 4909002 
64 3761085 
64 6396815 
64 5036962 
64 4993961 
64 4586269 
64 4205777 
64 2564044 
64 5171485 
64 8591163 
64 3871754 
64 3158855 
64 2761112 
64 3375064 
64 5188742 
64 3284569 
64 4897509 
64 3337787 
64 4404776 
64 4241484 
64 5302883 
64 3457578 
64 2629845 
64 4845217 
64 6132592 
64 4474135 
64 3397570 
64 2857534 
64 5957331 
64 4375408 
64 6880377 
64 6900274 
64 3877006 
64 2163079 
64 4147690 
64 6400465 
64 6439096 
64 3310797 
64 6364121 
64 5744030 
64 3926366 
64 8936253 
64 5387476 
64 4664008 
64 4454532 
64 3570037 
64 2698229 
64 4852832 
64 1742024 
64 2155178 
64 5483846 
64 3456791 
64 2626636 
64 4732810 
64 8037924 
64 4559288 
64 4125241 
64 2590818 
64 4606990 
64 5228374 
64 5324337 
64 7814520 
64 4174056 
64 2627121 
64 4695938 
64 4699922 
64 3931163 
64 6043056 
64 1755131 
64 4874528 
64 2654327 
64 7126569 
64 4890228 
64 3334861 
64 7042625 
64 5269111 
64 2943652 
64 4885602 
64 4175798 
64 2941763 
64 4788532 
64 3151064 
64 6803512 
64 4352773 
64 2835319 
64 2679911 
64 6381040 
64 5679127 
64 4857684 
64 2860654 
64 3951897 
64 2950433 
64 3272493 
64 6765221 
64 4579988 
64 3187709 
64 2287164 
64 2877425 
64 3969577 
64 3484825 
64 4118260 
64 3139724 
64 6623122 
64 4722445 
64 4592885 
64 2588728 
64 4478428 
64 3623736 
64 4216711 
64 2149721 
64 4573217 
64 4004129 
64 2684009 
64 5253671 
64 2102474 
64 3340395 
64 2902929 
64 6243043 
64 6490759 
64 3521858 
64 5328162 
64 5015018 
64 7666420 
64 3857576 
64 3035576 
64 3334571 
64 7691708 
64 3434553 
64 2817655 
64 6453436 
64 2386699 
64 2806068 
64 4543113 
64 5991377 
64 5315253 
64 3296847 
64 3415942 
64 3230038 
64 3034966 
64 3106863 
64 6104934 
64 9404382 
64 3585262 
64 5165105 
64 3203008 
64 2325284 
64 6838565 
64 3188225 
64 6706349 
64 5949839 
64 3231513 
64 2942012 
64 3954616 
64 3844248 
64 4202033 
64 4849664 
64 4697511 
64 3968235 
64 3252971 
64 5712948 
64 4833343 
64 5118937 
64 6661120 
64 3370960 
64 4242521 
64 4738462 
64 4136027 
64 5723473 
64 5090948 
64 4579463 
64 2811220 
64 2754988 
64 5420832 
64 3621879 
64 3601151 
64 3331887 
64 7382230 
64 2981729 
64 4779403 
64 2964350 
64 3454381 
64 2399798 
64 4845319 
64 4754933 
64 6383769 
64 2600529 
64 5427492 
64 5411207 
64 2994508 
64 3577536 
64 3617405 
64 2452034 
64 4250803 
64 3589884 
64 6145205 
64 6319679 
64 3370555 
64 3523518 
64 4109654 
64 4638243 
64 2658888 
64 2520919 
64 3538673 
64 2285880 
64 3043295 
64 6308162 
64 6227077 
64 5823327 
64 4855286 
64 2876640 
64 1810054 
64 1994692 
64 3586739 
64 4820375 
64 3584323 
64 5121546 
64 4392660 
64 3428449 
64 4393324 
64 5811854 
64 6451674 
64 3322830 
64 3579912 
64 2431241 
64 3322738 
64 4579626 
64 4369348 
64 2993287 
64 4090319 
64 4358842 
64 4428177 
64 3549031 
64 3952866 
64 5236083 
64 3972373 
64 5881131 
64 5512362 
64 5840282 
64 5176303 
64 3990346 
64 5256341 
64 4728022 
64 9608560 
64 6367860 
64 3415970 
64 3222271 
64 4378890 
64 3658982 
64 2649417 
64 5063001 
64 3385154 
64 2472642 
64 3737669 
64 3112729 
64 2122837 
64 4120765 
64 3561022 
64 8417404 
64 5535590 
64 6475029 
64 3408615 
64 4939079 
64 3028191 
64 7262872 
64 1841299 
64 5505435 
64 3880124 
64 2505066 
64 6489898 
64 5587973 
64 5273839 
64 3762209 
64 3591392 
64 4509946 
64 6762222 
64 4893241 
64 8816395 
64 2537714 
64 6716704 
64 3923953 
64 2541990 
64 5091899 
64 3816837 
64 3204982 
64 4451763 
64 7883534 
64 4299471 
64 4888553 
64 4122092 
64 3628032 
64 3769365 
64 2147595 
64 6066678 
64 4144140 
64 3682538 
64 2781666 
64 4473551 
64 4700520 
64 10351411 
64 5777520 
64 3710611 
64 7000401 
64 3768024 
64 1322891 
64 3981559 
64 3548377 
64 5855509 
64 4028727 
64 7576528 
64 5083382 
64 4516375 
64 3937447 
64 2699231 
64 3405529 
64 2899779 
64 11668828 
64 2705993 
64 3587857 
64 4038123 
64 4015096 
64 2952598 
64 3148398 
64 4566598 
64 7914663 
64 8409592 
64 5130848 
64 7291452 
64 4237362 
64 4406913 
64 5042204 
64 4012715 
64 3126151 
64 2948617 
64 4514714 
64 5043132 
64 3604819 
64 2090519 
64 5647439 
64 3126170 
64 4960233 
64 4365411 
64 4460928 
64 3888070 
64 4508162 
64 3717900 
64 9943462 
64 4215508 
64 5585682 
64 2652388 
64 3967021 
64 5164066 
64 2200533 
64 6784609 
64 6956122 
64 3448778 
64 7033776 
64 5951001 
64 2800568 
64 4040484 
64 3242869 
64 2876899 
64 5503091 
64 3812510 
64 3268059 
64 3580830 
64 4612504 
64 4555361 
64 3228715 
64 3327583 
64 3086101 
64 2243091 
64 6218929 
64 6047138 
64 5149654 
64 4148916 
64 4477678 
64 7352772 
64 4256493 
64 3209002 
64 4451895 
64 3075446 
64 5948890 
64 2494313 
64 3384863 
64 4717348 
64 4143996 
64 6014700 
64 3097675 
64 5631629 
64 5674613 
64 5459631 
64 3424006 
64 5301528 
64 4742678 
64 6083724 
64 5329460 
64 6543153 
64 3175243 
64 3478631 
64 3411555 
64 5484190 
64 1921635 
64 3337025 
64 6667285 
64 5069055 
64 3056942 
64 2841866 
64 4423222 
64 3587858 
64 5454915 
64 4049739 
64 3134596 
64 3352924 
64 2782968 
64 7757721 
64 4590093 
64 3389192 
64 2550627 
64 2903312 
64 3990666 
64 3623185 
64 2613701 
64 3112892 
64 7086642 
64 5289889 
64 3318648 
64 6940266 
64 7881947 
64 3079413 
64 4432429 
64 3532965 
64 3033083 
64 1598521 
64 5342310 
64 4344236 
64 3822446 
64 5506150 
64 3369229 
64 2918079 
64 7240605 
64 3897148 
64 6971240 
64 3381881 
64 2731706 
64 3702465 
64 4509176 
64 2012913 
64 3586869 
64 4470120 
64 2759729 
64 6551724 
64 5050959 
64 3747351 
64 4885309 
64 5606295 
64 4315711 
64 3854922 
64 4554730 
64 4436595 
64 5840647 
64 4326582 
64 3677463 
64 3934885 
64 5886369 
64 4798633 
64 4350219 
64 3532198 
64 3061288 
64 1703623 
64 6377944 
64 3482899 
64 2670122 
64 6903821 
64 6374271 
64 3125895 
64 6617106 
64 3192437 
64 6018537 
64 3697319 
64 2468904 
64 2897565 
64 5137350 
64 4776382 
64 2361817 
64 3517678 
64 3526736 
64 5186236 
64 4907790 
64 6254446 
64 3344858 
64 4793952 
64 2611266 
64 4285630 
64 3181429 
64 5964795 
64 5073311 
64 2781651 
64 2151485 
64 4270851 
64 8700749 
64 7361727 
64 5769589 
64 6916046 
64 6670881 
64 4499111 
64 3307943 
64 4349717 
64 3811085 
64 4219587 
64 5384701 
64 3471514 
64 6575256 
64 5198828 
64 2756533 
64 2522637 
64 3533791 
64 6491772 
64 5322109 
64 2959425 
64 3934363 
64 4170153 
64 3154784 
64 2708705 
64 4551821 
64 4160827 
64 3341902 
64 4876019 
64 2476204 
64 4010554 
64 9044707 
64 4014233 
64 2430600 
64 5883826 
64 3853242 
64 5770563 
64 3195300 
64 2955260 
64 6472648 
64 4036971 
64 4726143 
64 5693163 
64 6070492 
64 6934765 
64 3311657 
64 3574232 
64 5584781 
64 6905149 
64 3331708 
64 2389609 
64 4768380 
64 3943940 
64 4503806 
64 3771462 
64 3392356 
64 5833423 
64 3823047 
64 4988883 
64 3349774 
64 3902925 
64 2530211 
64 3733847 
64 2801994 
64 2407343 
64 6614867 
64 3579329 
64 3422404 
64 8061474 
64 3628968 
64 6196837 
64 3516275 
64 4269390 
64 2991802 
64 3757552 
64 4032843 
64 2564886 
64 3077336 
64 1897284 
64 4682627 
64 3979842 
64 4008757 
64 3125166 
64 3382620 
64 4379604 
64 2009163 
64 1606060 
64 4143998 
64 4831339 
64 7905435 
64 6185493 
64 5003628 
64 4695088 
64 3476988 
64 4069959 
64 6117535 
64 5827053 
64 6307197 
64 5045074 
64 3479456 
64 4843660 
64 2846704 
64 10140202 
64 6025303 
64 5759194 
64 2861111 
64 3638051 
64 4926777 
64 6162854 
64 3588265 
64 5117027 
64 5522655 
64 4450520 
64 3441031 
64 5189983 
64 5121067 
64 5553652 
64 2613062 
64 4822454 
64 4525621 
64 5641688 
64 5156268 
64 4733021 
64 5115047 
64 2154424 
64 2796158 
64 3282089 
64 4334621 
64 3952162 
64 2701613 
64 6163875 
64 5116750 
64 1918417 
64 6810730 
64 6115216 
64 4278124 
64 4273007 
64 5649938 
64 3051212 
64 6610770 
64 4021144 
64 3481297 
64 4457094 
64 4001947 
64 3196935 
64 8457749 
64 2465223 
64 4309326 
64 5450798 
64 3687335 
64 4583813 
64 4888594 
64 3491205 
64 4190166 
64 3655031 
64 4954877 
64 3604253 
64 4255904 
64 4442221 
64 5061582 
64 3952673 
64 2851318 
64 2690573 
64 3746688 
64 3866910 
64 3198426 
64 2436094 
64 2540085 
64 5311835 
64 4627898 
64 3951760 
64 4274898 
64 6671028 
64 4394977 
64 4412017 
64 4487330 
64 4633976 
64 2267730 
64 5455672 
64 8119358 
64 5339612 
64 3808524 
64 5215425 
64 3831166 
64 4086021 
64 4109839 
64 4592083 
64 2777213 
64 5242322 
64 2626796 
64 4267308 
64 7093363 
64 5596018 
64 6291162 
64 3450899 
64 5845684 
64 3573701 
64 5503420 
64 3194044 
64 3027710 
64 2754864 
64 4352907 
64 4011067 
64 5502817 
64 5108676 
64 2951617 
64 4204889 
64 2125279 
64 3242921 
64 2995988 
64 2370030 
64 3171500 
64 2508411 
64 4019454 
64 3528101 
64 5207632 
64 3773874 
64 6997912 
64 4591400 
64 3506152 
64 6141329 
64 4452972 
