4096 2203345 
4096 4442932 
4096 3454642 
4096 2819110 
4096 2648053 
4096 2654137 
4096 2233570 
4096 2265960 
4096 4663447 
4096 5216812 
4096 4841432 
4096 4021505 
4096 3619352 
4096 3696016 
4096 4943912 
4096 3486936 
4096 3123459 
4096 3798632 
4096 5316716 
4096 2481278 
4096 5109738 
4096 6886947 
4096 6165223 
4096 6489811 
4096 4637689 
4096 2280417 
4096 2156197 
4096 4471842 
4096 6339886 
4096 5776080 
4096 2376036 
4096 7491474 
4096 3579169 
4096 7293810 
4096 3576256 
4096 2574914 
4096 5292686 
4096 2864253 
4096 4814710 
4096 1710800 
4096 2168482 
4096 3109225 
4096 3685133 
4096 4993590 
4096 3696843 
4096 3420154 
4096 4687445 
4096 3477410 
4096 1318557 
4096 8331497 
4096 5075230 
4096 2925366 
4096 2349515 
4096 3335176 
4096 2320349 
4096 4089126 
4096 3299879 
4096 3798073 
4096 2412787 
4096 5174591 
4096 4407287 
4096 6891430 
4096 5005017 
4096 5910904 
4096 5653392 
4096 3417652 
4096 2444917 
4096 3379600 
4096 2281563 
4096 4896456 
4096 2629399 
4096 4113312 
4096 2087764 
4096 2404291 
4096 3466249 
4096 2352430 
4096 3690265 
4096 3581779 
4096 2052669 
4096 1857670 
4096 5410553 
4096 4533762 
4096 4115793 
4096 6300970 
4096 3283310 
4096 3063054 
4096 2135576 
4096 2190522 
4096 3016697 
4096 5700704 
4096 6096610 
4096 3587901 
4096 4124852 
4096 4917681 
4096 4301287 
4096 3319135 
4096 6149440 
4096 6061452 
4096 3804738 
4096 3971843 
4096 3200562 
4096 3969223 
4096 5527382 
4096 5501724 
4096 3624697 
4096 2847298 
4096 4575148 
4096 5763803 
4096 2360665 
4096 2643547 
4096 4657150 
4096 1822902 
4096 2536892 
4096 3731430 
4096 4703049 
4096 3270378 
4096 4909678 
4096 4452737 
4096 3365909 
4096 2542145 
4096 4223066 
4096 5168031 
4096 2979387 
4096 4063893 
4096 2541648 
4096 4232226 
4096 2611397 
4096 4710250 
4096 3030117 
4096 3195775 
4096 3121779 
4096 5614248 
4096 3736764 
4096 3546613 
4096 2824882 
4096 2913630 
4096 5884928 
4096 5216101 
4096 5865023 
4096 4014013 
4096 3357640 
4096 2420373 
4096 6141308 
4096 4899063 
4096 3098601 
4096 2391659 
4096 3898268 
4096 5304791 
4096 4291115 
4096 1688854 
4096 5228176 
4096 4804180 
4096 5321665 
4096 5798553 
4096 4064856 
4096 4807774 
4096 2815520 
4096 2451987 
4096 2386815 
4096 1600996 
4096 3521657 
4096 3469788 
4096 3071809 
4096 5130514 
4096 3364198 
4096 1782483 
4096 6022295 
4096 4200333 
4096 4474018 
4096 4871214 
4096 2908251 
4096 5439004 
4096 2768245 
4096 4787909 
4096 4234347 
4096 6907017 
4096 3742213 
4096 3628494 
4096 4079597 
4096 3431775 
4096 3855143 
4096 3680800 
4096 2960751 
4096 5943281 
4096 3793415 
4096 2050695 
4096 4503620 
4096 3931463 
4096 4629475 
4096 3919062 
4096 2420783 
4096 4362339 
4096 4900071 
4096 1992138 
4096 5047999 
4096 4204619 
4096 3873098 
4096 6433289 
4096 4727166 
4096 1852853 
4096 3934856 
4096 4348889 
4096 4193898 
4096 3828542 
4096 5067541 
4096 4305601 
4096 3251637 
4096 3738526 
4096 3310848 
4096 6341760 
4096 2949156 
4096 3133136 
4096 6369891 
4096 3081399 
4096 2302301 
4096 6808863 
4096 1668985 
4096 2995359 
4096 6424294 
4096 2808622 
4096 4090086 
4096 7441635 
4096 3423203 
4096 2224638 
4096 3742121 
4096 4111791 
4096 3493440 
4096 5225605 
4096 4762489 
4096 2690277 
4096 4062160 
4096 4214651 
4096 4759583 
4096 3963380 
4096 3365694 
4096 3437218 
4096 2334919 
4096 2239026 
4096 2825630 
4096 2142741 
4096 2948790 
4096 4397617 
4096 4257346 
4096 2331404 
4096 3227671 
4096 6059224 
4096 4101293 
4096 4709132 
4096 2297638 
4096 3799375 
4096 1595189 
4096 3438396 
4096 4907023 
4096 3801009 
4096 2198610 
4096 3207666 
4096 2860058 
4096 3915860 
4096 2269971 
4096 2865918 
4096 3311676 
4096 2111160 
4096 7153988 
4096 4706591 
4096 2133716 
4096 3517006 
4096 3097052 
4096 3411867 
4096 2356848 
4096 4186825 
4096 3712549 
4096 1990497 
4096 5510140 
4096 2938694 
4096 1663763 
4096 2633500 
4096 4087321 
4096 6637542 
4096 4095318 
4096 4739112 
4096 4811888 
4096 3366506 
4096 5389794 
4096 4757215 
4096 4330382 
4096 3854101 
4096 3653044 
4096 1975967 
4096 4520910 
4096 8625217 
4096 3336474 
4096 2676705 
4096 2230237 
4096 3214956 
4096 4675465 
4096 3190355 
4096 3659891 
4096 3106888 
4096 3926198 
4096 3385783 
4096 4455871 
4096 2909198 
4096 2491476 
4096 4155154 
4096 5557507 
4096 3908176 
4096 2835760 
4096 2468785 
4096 5800531 
4096 3779181 
4096 6383142 
4096 6155949 
4096 3187479 
4096 1712069 
4096 3711378 
4096 5908745 
4096 5946291 
4096 3227839 
4096 5319196 
4096 5284457 
4096 3883219 
4096 7876975 
4096 4385292 
4096 4925654 
4096 3954243 
4096 2751726 
4096 2291831 
4096 4600198 
4096 1932668 
4096 1769181 
4096 4493094 
4096 2598801 
4096 2216234 
4096 4016507 
4096 7381882 
4096 4324278 
4096 4098829 
4096 2586224 
4096 4374611 
4096 4126226 
4096 4140331 
4096 7444875 
4096 3634207 
4096 2369154 
4096 4653578 
4096 4540933 
4096 3133551 
4096 5484748 
4096 1395813 
4096 4321260 
4096 2198300 
4096 6032154 
4096 4245542 
4096 2498779 
4096 6196940 
4096 4377841 
4096 2099383 
4096 4335360 
4096 3597252 
4096 2455671 
4096 4308082 
4096 2768952 
4096 5612322 
4096 3906549 
4096 2464059 
4096 2275735 
4096 5985806 
4096 4867632 
4096 4506138 
4096 2452906 
4096 3759789 
4096 2584343 
4096 2411405 
4096 6016347 
4096 3600877 
4096 2970108 
4096 1903817 
4096 3008275 
4096 3255855 
4096 3414858 
4096 3870484 
4096 2811967 
4096 5934907 
4096 3991397 
4096 3862575 
4096 2500898 
4096 4366087 
4096 3274986 
4096 4317409 
4096 1714611 
4096 4122114 
4096 4031558 
4096 2123171 
4096 4473235 
4096 2023477 
4096 2629577 
4096 2139043 
4096 6234058 
4096 5687105 
4096 3326361 
4096 4851563 
4096 4495934 
4096 6679050 
4096 3135251 
4096 2913002 
4096 3461642 
4096 6387670 
4096 3117163 
4096 2363613 
4096 6118387 
4096 2040671 
4096 2383006 
4096 3988315 
4096 5008039 
4096 4652579 
4096 3069807 
4096 3420234 
4096 3350389 
4096 2763966 
4096 2726261 
4096 6094905 
4096 8195074 
4096 3042020 
4096 4521437 
4096 2887128 
4096 1887514 
4096 6257964 
4096 3052762 
4096 6143493 
4096 5173474 
4096 2816284 
4096 2363497 
4096 3179595 
4096 3009904 
4096 3953297 
4096 4433822 
4096 4304641 
4096 3716131 
4096 3015618 
4096 4635507 
4096 4454965 
4096 5131039 
4096 5616262 
4096 2851637 
4096 3476032 
4096 4288969 
4096 3254448 
4096 4973580 
4096 4789537 
4096 3674235 
4096 2279771 
4096 2592601 
4096 4615978 
4096 3208712 
4096 3091120 
4096 2642203 
4096 6332413 
4096 2750090 
4096 4113599 
4096 2654811 
4096 3215148 
4096 2208118 
4096 4015471 
4096 4477234 
4096 5677097 
4096 2658338 
4096 4581255 
4096 4409248 
4096 2554807 
4096 3365902 
4096 3367605 
4096 2157125 
4096 4013128 
4096 3377918 
4096 5157108 
4096 4820111 
4096 3627177 
4096 3200120 
4096 3479498 
4096 3828837 
4096 2249990 
4096 2260916 
4096 3254771 
4096 2217407 
4096 2600780 
4096 5268402 
4096 5601903 
4096 4439696 
4096 4590786 
4096 2721111 
4096 1397937 
4096 1837489 
4096 3269416 
4096 4907265 
4096 3067820 
4096 4780997 
4096 4042099 
4096 2952412 
4096 4387054 
4096 5708621 
4096 5359083 
4096 3121997 
4096 2578191 
4096 2043512 
4096 2957219 
4096 4069574 
4096 3943114 
4096 2431078 
4096 3860445 
4096 3811402 
4096 4515232 
4096 3165431 
4096 3387547 
4096 5266342 
4096 3951016 
4096 5563357 
4096 4364718 
4096 4789976 
4096 3999201 
4096 2923777 
4096 5073900 
4096 4522293 
4096 7767231 
4096 5028757 
4096 2795781 
4096 3203704 
4096 4104908 
4096 3227021 
4096 2161139 
4096 3776141 
4096 3107358 
4096 1899462 
4096 3340919 
4096 2837785 
4096 1616035 
4096 3529007 
4096 3357004 
4096 7824735 
4096 4443518 
4096 6549986 
4096 3054691 
4096 4843704 
4096 2775826 
4096 5597746 
4096 1579706 
4096 4591609 
4096 3768402 
4096 2133077 
4096 5614711 
4096 4195400 
4096 3980255 
4096 3935128 
4096 3168406 
4096 4439430 
4096 5873025 
4096 3947264 
4096 7992551 
4096 2196219 
4096 6300198 
4096 3733566 
4096 2387636 
4096 5388930 
4096 3296160 
4096 2939310 
4096 3602859 
4096 8105960 
4096 3854626 
4096 3731156 
4096 3817244 
4096 3733337 
4096 3662141 
4096 2273537 
4096 5590742 
4096 3187472 
4096 3891301 
4096 2296610 
4096 4196429 
4096 3320758 
4096 9580283 
4096 5275077 
4096 3000366 
4096 5970403 
4096 3224019 
4096 963580 
4096 3478214 
4096 3614743 
4096 5892700 
4096 3228788 
4096 6551069 
4096 4951982 
4096 4281006 
4096 3126481 
4096 2447399 
4096 2963803 
4096 2582928 
4096 10031275 
4096 2514379 
4096 3519487 
4096 3309622 
4096 3848040 
4096 2571519 
4096 2878081 
4096 4431210 
4096 7449498 
4096 6765362 
4096 5063853 
4096 6612374 
4096 3702972 
4096 3458750 
4096 4351482 
4096 3640728 
4096 2334769 
4096 2312484 
4096 4516672 
4096 4860018 
4096 3082856 
4096 1875924 
4096 5074228 
4096 2633590 
4096 4479216 
4096 3474240 
4096 4666383 
4096 3782734 
4096 4328863 
4096 3100650 
4096 9024560 
4096 4123117 
4096 5014633 
4096 2418263 
4096 3483816 
4096 4840688 
4096 1877701 
4096 6033982 
4096 5863129 
4096 3314615 
4096 6010030 
4096 5545339 
4096 2567713 
4096 3509067 
4096 2751034 
4096 2904499 
4096 5637700 
4096 3329831 
4096 2555286 
4096 3170553 
4096 5014087 
4096 3987796 
4096 3092243 
4096 3031070 
4096 2575716 
4096 1980885 
4096 5284332 
4096 5261195 
4096 4825744 
4096 3844506 
4096 4153896 
4096 7324226 
4096 4171587 
4096 2209692 
4096 3746961 
4096 2958169 
4096 5717248 
4096 2565706 
4096 2970255 
4096 4307970 
4096 3433327 
4096 5210284 
4096 2502526 
4096 4667470 
4096 5255792 
4096 4893068 
4096 2728417 
4096 5150260 
4096 3958183 
4096 5454787 
4096 4559723 
4096 6269006 
4096 2807866 
4096 2671543 
4096 2935440 
4096 4678671 
4096 1738078 
4096 2839480 
4096 5671438 
4096 4871745 
4096 2414080 
4096 2583674 
4096 4166919 
4096 3199974 
4096 4704026 
4096 3073094 
4096 2861290 
4096 3209762 
4096 2181137 
4096 7783053 
4096 4124163 
4096 3328689 
4096 2155531 
4096 2145115 
4096 3667208 
4096 3223916 
4096 2304167 
4096 2901797 
4096 6489242 
4096 4779204 
4096 3339289 
4096 5294359 
4096 6804476 
4096 2935009 
4096 4922674 
4096 3198732 
4096 2865026 
4096 1135875 
4096 4173447 
4096 4020515 
4096 3308668 
4096 5389209 
4096 3141459 
4096 2409923 
4096 6481093 
4096 4167645 
4096 6310758 
4096 2769104 
4096 2267464 
4096 3318315 
4096 4165340 
4096 1830209 
4096 3654450 
4096 3272642 
4096 2462680 
4096 5206465 
4096 4692618 
4096 2969642 
4096 4773695 
4096 4217503 
4096 4265062 
4096 3364980 
4096 3710969 
4096 4008074 
4096 5202474 
4096 4295963 
4096 3311235 
4096 3776843 
4096 4835925 
4096 4290264 
4096 4195604 
4096 3371274 
4096 2035018 
4096 1270084 
4096 5176950 
4096 2965582 
4096 2010414 
4096 6311917 
4096 6040882 
4096 2841812 
4096 5505687 
4096 3275264 
4096 6108447 
4096 3355018 
4096 2357552 
4096 2392724 
4096 4876702 
4096 4688927 
4096 2370989 
4096 3381555 
4096 3261317 
4096 4834770 
4096 4427684 
4096 5207258 
4096 3407113 
4096 4250062 
4096 2425526 
4096 3816678 
4096 2789389 
4096 5481005 
4096 4214644 
4096 2459601 
4096 1834146 
4096 3994417 
4096 8667428 
4096 7372959 
4096 5186766 
4096 6338286 
4096 6104660 
4096 3826409 
4096 2865643 
4096 3446541 
4096 3493989 
4096 3656648 
4096 4720984 
4096 3225601 
4096 6083046 
4096 4219801 
4096 2180110 
4096 2259094 
4096 3146159 
4096 6443839 
4096 5780056 
4096 2702727 
4096 4079148 
4096 3694470 
4096 2663981 
4096 2929868 
4096 4014803 
4096 3918659 
4096 3848052 
4096 4566636 
4096 2052466 
4096 3771241 
4096 8510154 
4096 4098263 
4096 2061720 
4096 5579209 
4096 4210081 
4096 6093894 
4096 3040121 
4096 2793725 
4096 5708998 
4096 3681595 
4096 4315263 
4096 5465078 
4096 6074723 
4096 5656885 
4096 2975798 
4096 3062668 
4096 5085043 
4096 5913108 
4096 3229170 
4096 2075394 
4096 3537004 
4096 3567207 
4096 4323178 
4096 3691434 
4096 2981154 
4096 5909856 
4096 3277639 
4096 5227094 
4096 2925860 
4096 3808512 
4096 2177325 
4096 4224216 
4096 2665463 
4096 2433848 
4096 6664803 
4096 3741680 
4096 2854005 
4096 7713254 
4096 3325105 
4096 6626090 
4096 3201043 
4096 3911966 
4096 2935031 
4096 3841719 
4096 3981477 
4096 2486536 
4096 2673327 
4096 1818921 
4096 4308083 
4096 3899150 
4096 3648700 
4096 2726485 
4096 3776439 
4096 4225255 
4096 1987788 
4096 1243419 
4096 3811689 
4096 4747929 
4096 7265854 
4096 5967202 
4096 4657703 
4096 4686049 
4096 3436963 
4096 3893427 
4096 5433389 
4096 5381665 
4096 5827064 
4096 4800924 
4096 3426345 
4096 4284516 
4096 3059400 
4096 9159681 
4096 5486214 
4096 4981801 
4096 2521768 
4096 3611900 
4096 4477176 
4096 4917158 
4096 3411248 
4096 3991958 
4096 5552235 
4096 3625988 
4096 3151163 
4096 4880219 
4096 4238995 
4096 5383704 
4096 2477934 
4096 4913976 
4096 4736663 
4096 5995352 
4096 4713279 
4096 4461787 
4096 4657367 
4096 1697828 
4096 2722390 
4096 3654594 
4096 3935206 
4096 3699592 
4096 2547118 
4096 6353622 
4096 4768706 
4096 2160173 
4096 6166093 
4096 5779260 
4096 4163062 
4096 3895644 
4096 5353937 
4096 2535051 
4096 6292430 
4096 3228441 
4096 3373481 
4096 4619463 
4096 3889853 
4096 2809116 
4096 7706844 
4096 2338361 
4096 3800137 
4096 5333934 
4096 3374227 
4096 4796698 
4096 4565048 
4096 3056535 
4096 3831828 
4096 3048533 
4096 4144747 
4096 3188319 
4096 4037143 
4096 4073338 
4096 4455617 
4096 3522180 
4096 2351070 
4096 2500049 
4096 3464877 
4096 3232176 
4096 2951820 
4096 2420981 
4096 2097570 
4096 5011201 
4096 4329014 
4096 3886425 
4096 4062576 
4096 5316854 
4096 4359502 
4096 4095151 
4096 4066454 
4096 4098339 
4096 2048157 
4096 5380002 
4096 7721189 
4096 4922966 
4096 3756212 
4096 5231870 
4096 3331178 
4096 3550019 
4096 3732877 
4096 3557735 
4096 2753654 
4096 6040155 
4096 2365655 
4096 3907468 
4096 6499425 
4096 5238317 
4096 6249333 
4096 3198076 
4096 5566560 
4096 3793829 
4096 5014636 
4096 2825137 
4096 2387707 
4096 2224779 
4096 4333020 
4096 3619320 
4096 4605850 
4096 4913858 
4096 2664606 
4096 4040577 
4096 1931326 
4096 3050157 
4096 2725646 
4096 2352623 
4096 3037574 
4096 2334914 
4096 3875389 
4096 3066214 
4096 4590515 
4096 3423455 
4096 6010583 
4096 4345702 
4096 3260625 
4096 5189736 
4096 3684008 
