2048 2826948 
2048 5431596 
2048 5613885 
2048 2851301 
2048 3375728 
2048 3632248 
2048 2791321 
2048 2462950 
2048 5234555 
2048 6983844 
2048 5997375 
2048 4866981 
2048 4129663 
2048 4944100 
2048 7462950 
2048 4746814 
2048 4698056 
2048 4095715 
2048 7129702 
2048 3567762 
2048 7265891 
2048 9337989 
2048 7331710 
2048 6775522 
2048 5118853 
2048 3338656 
2048 5438105 
2048 6902151 
2048 8561867 
2048 7328656 
2048 3084203 
2048 7774601 
2048 5238860 
2048 8530241 
2048 4510454 
2048 3578964 
2048 5579411 
2048 3006403 
2048 5364456 
2048 1956809 
2048 2568822 
2048 4396440 
2048 4418292 
2048 6554702 
2048 4045936 
2048 3952687 
2048 5077957 
2048 4117828 
2048 1279851 
2048 10077072 
2048 7163650 
2048 2575275 
2048 2783179 
2048 3453600 
2048 3059708 
2048 5413229 
2048 3674526 
2048 4773098 
2048 3418752 
2048 6637540 
2048 4245240 
2048 8983709 
2048 5363976 
2048 7066508 
2048 5187487 
2048 4532926 
2048 3687725 
2048 4371974 
2048 2293775 
2048 5162209 
2048 2681869 
2048 4587049 
2048 2347197 
2048 3197543 
2048 3743722 
2048 3341304 
2048 3768067 
2048 3831501 
2048 2320335 
2048 1946966 
2048 6413326 
2048 4463549 
2048 5300880 
2048 6956744 
2048 5133388 
2048 3190676 
2048 3096100 
2048 2816571 
2048 3357310 
2048 5556168 
2048 6944735 
2048 3866831 
2048 4043121 
2048 6570279 
2048 5417829 
2048 4262356 
2048 6345113 
2048 6373147 
2048 4190276 
2048 4057838 
2048 4414898 
2048 5164297 
2048 4890651 
2048 5934940 
2048 3707302 
2048 3026625 
2048 5407972 
2048 6063645 
2048 2764469 
2048 3077404 
2048 5076365 
2048 1929933 
2048 2737845 
2048 4001789 
2048 4771762 
2048 3162810 
2048 5531247 
2048 4107061 
2048 3811814 
2048 3579844 
2048 4454846 
2048 5816869 
2048 3184797 
2048 4436060 
2048 2635111 
2048 4352712 
2048 2667863 
2048 5864933 
2048 3402616 
2048 3264041 
2048 4362934 
2048 6106550 
2048 4058383 
2048 3973430 
2048 3316208 
2048 3073585 
2048 6728940 
2048 5403956 
2048 7370742 
2048 3847475 
2048 4161877 
2048 2678276 
2048 6786524 
2048 5587116 
2048 3269250 
2048 2654330 
2048 4372024 
2048 5540807 
2048 4684717 
2048 1835972 
2048 5611510 
2048 6566292 
2048 5350058 
2048 5938160 
2048 4572969 
2048 6863106 
2048 3321436 
2048 2484443 
2048 3257223 
2048 2042570 
2048 4700801 
2048 4104801 
2048 3394423 
2048 6635421 
2048 3786486 
2048 1976860 
2048 6157989 
2048 4531724 
2048 4915916 
2048 6550528 
2048 3138465 
2048 6055311 
2048 2952293 
2048 5277313 
2048 4624495 
2048 9452266 
2048 3789215 
2048 4665374 
2048 4744924 
2048 3410263 
2048 5186413 
2048 3966996 
2048 3197296 
2048 6606663 
2048 4680268 
2048 2280588 
2048 4823448 
2048 4605707 
2048 5327427 
2048 4310899 
2048 2724714 
2048 4794445 
2048 6792203 
2048 2081110 
2048 5413046 
2048 4788254 
2048 3357690 
2048 7657243 
2048 4962741 
2048 2044154 
2048 3926507 
2048 4460594 
2048 5462466 
2048 3837214 
2048 6650924 
2048 5285546 
2048 3250404 
2048 3837399 
2048 3042816 
2048 6541153 
2048 3365504 
2048 3305410 
2048 6303230 
2048 3586368 
2048 2476504 
2048 6657702 
2048 1542256 
2048 3203373 
2048 6811744 
2048 2992990 
2048 5229204 
2048 8426507 
2048 3637973 
2048 2574460 
2048 3901264 
2048 4415557 
2048 3742429 
2048 5805227 
2048 4939644 
2048 3034372 
2048 4541035 
2048 6038755 
2048 4909360 
2048 4252196 
2048 4488822 
2048 3665775 
2048 2602141 
2048 2639361 
2048 3237520 
2048 2322954 
2048 3316549 
2048 5621405 
2048 4638288 
2048 2587276 
2048 3200847 
2048 6445595 
2048 4508560 
2048 4884760 
2048 3007782 
2048 4162040 
2048 6248318 
2048 3494831 
2048 5392396 
2048 4841499 
2048 3174799 
2048 3617830 
2048 3341690 
2048 5163860 
2048 2411146 
2048 2954055 
2048 3736760 
2048 2329235 
2048 7456308 
2048 6544696 
2048 2919799 
2048 3594896 
2048 3213521 
2048 3773010 
2048 2548506 
2048 4914936 
2048 4223089 
2048 2112306 
2048 6236640 
2048 3219188 
2048 1877900 
2048 3101031 
2048 4109857 
2048 7155111 
2048 4612999 
2048 4501101 
2048 5045345 
2048 3540181 
2048 6321494 
2048 4624048 
2048 5369171 
2048 4446571 
2048 4100192 
2048 2143051 
2048 4961012 
2048 9760557 
2048 3909172 
2048 2910153 
2048 2275550 
2048 3432731 
2048 9433886 
2048 3471387 
2048 4304200 
2048 3338777 
2048 4031036 
2048 3718300 
2048 4866739 
2048 3257002 
2048 2604995 
2048 4449688 
2048 5872034 
2048 4530456 
2048 3163025 
2048 2912975 
2048 6158913 
2048 4015509 
2048 7780029 
2048 6297762 
2048 3562155 
2048 1928207 
2048 3739431 
2048 6800773 
2048 7297941 
2048 3245215 
2048 6107392 
2048 6687167 
2048 4351297 
2048 9354711 
2048 5159473 
2048 5452056 
2048 4228323 
2048 3104169 
2048 2419510 
2048 4757096 
2048 2188591 
2048 1947390 
2048 6714370 
2048 3037707 
2048 2267762 
2048 4064703 
2048 8019536 
2048 5180644 
2048 4430251 
2048 2716719 
2048 4510930 
2048 4847941 
2048 4714105 
2048 8705544 
2048 4209337 
2048 2659296 
2048 5667372 
2048 4982457 
2048 3504915 
2048 6874440 
2048 1461386 
2048 4709809 
2048 2306136 
2048 7546125 
2048 4653558 
2048 2732084 
2048 6685876 
2048 4892183 
2048 2563807 
2048 5123479 
2048 3739157 
2048 2760122 
2048 4358856 
2048 3028434 
2048 6595237 
2048 3960838 
2048 2536969 
2048 2471728 
2048 6929016 
2048 5102022 
2048 5783370 
2048 2604629 
2048 4019664 
2048 2809757 
2048 2754695 
2048 6616956 
2048 4050126 
2048 3215827 
2048 1945632 
2048 3054481 
2048 4713720 
2048 4165122 
2048 4011072 
2048 3162510 
2048 6261004 
2048 5039331 
2048 4522076 
2048 2873831 
2048 4594557 
2048 4215142 
2048 4618413 
2048 1759401 
2048 4656602 
2048 4197993 
2048 2297997 
2048 5904955 
2048 2097794 
2048 2991142 
2048 2358902 
2048 6159991 
2048 6245952 
2048 4925394 
2048 5358498 
2048 5064216 
2048 7727015 
2048 4577928 
2048 3181169 
2048 4723444 
2048 6954470 
2048 4328796 
2048 2587700 
2048 6026653 
2048 2253212 
2048 2482781 
2048 4294478 
2048 6229812 
2048 5308862 
2048 3284352 
2048 3540132 
2048 3469259 
2048 3061986 
2048 3354732 
2048 7229786 
2048 10482916 
2048 3287406 
2048 4977646 
2048 3127960 
2048 1990833 
2048 7261628 
2048 3069774 
2048 6112257 
2048 5491376 
2048 3598672 
2048 2674305 
2048 4110387 
2048 3248247 
2048 4040483 
2048 4709072 
2048 4471719 
2048 3731838 
2048 3042346 
2048 5298720 
2048 4893936 
2048 5076910 
2048 7346576 
2048 3011536 
2048 3685524 
2048 4509739 
2048 4667541 
2048 5052205 
2048 4829347 
2048 3864383 
2048 2377592 
2048 2683898 
2048 5059362 
2048 3559805 
2048 4086764 
2048 3014579 
2048 7249217 
2048 2801737 
2048 4268134 
2048 3397012 
2048 3425288 
2048 2401796 
2048 4297217 
2048 4594851 
2048 6377766 
2048 2802383 
2048 5209498 
2048 5891083 
2048 2854695 
2048 4305973 
2048 3661965 
2048 2285117 
2048 4468814 
2048 4364305 
2048 6531427 
2048 5666672 
2048 4395310 
2048 3438265 
2048 4625002 
2048 4019464 
2048 2407061 
2048 2415630 
2048 3166024 
2048 2383374 
2048 2977797 
2048 5909782 
2048 7048760 
2048 5065976 
2048 5082323 
2048 2992353 
2048 1631479 
2048 2018535 
2048 3465248 
2048 5371515 
2048 3914883 
2048 5235727 
2048 4154119 
2048 3142231 
2048 4449561 
2048 5539547 
2048 6259486 
2048 3735830 
2048 2784597 
2048 2320604 
2048 3027055 
2048 4176974 
2048 4386449 
2048 2687235 
2048 3871213 
2048 4038968 
2048 4524608 
2048 3317613 
2048 3679015 
2048 6232611 
2048 3786776 
2048 5588391 
2048 4499066 
2048 5264844 
2048 4315889 
2048 3117923 
2048 5897332 
2048 4751953 
2048 9329441 
2048 6136346 
2048 2817641 
2048 3386100 
2048 4182488 
2048 3668047 
2048 2320368 
2048 4149875 
2048 3471540 
2048 2254550 
2048 3882192 
2048 3068990 
2048 1658127 
2048 4217954 
2048 4072904 
2048 9404237 
2048 4698263 
2048 6396513 
2048 4277897 
2048 4975569 
2048 3010102 
2048 6128154 
2048 1741346 
2048 5066181 
2048 3845759 
2048 2296366 
2048 5735700 
2048 4321673 
2048 4362839 
2048 3588340 
2048 3259815 
2048 4650725 
2048 6012238 
2048 4299402 
2048 8849791 
2048 2436728 
2048 6805113 
2048 4001614 
2048 2515659 
2048 5416498 
2048 3403235 
2048 3135662 
2048 3894622 
2048 7477251 
2048 4250014 
2048 4051054 
2048 4125052 
2048 3472898 
2048 3627640 
2048 2274130 
2048 5887297 
2048 3498095 
2048 3877690 
2048 2528048 
2048 4429690 
2048 4127284 
2048 10284986 
2048 5695919 
2048 3302559 
2048 6452153 
2048 3518198 
2048 1055285 
2048 3808921 
2048 3983137 
2048 6494733 
2048 3773292 
2048 7037644 
2048 5428546 
2048 4755113 
2048 3397895 
2048 2530413 
2048 2996052 
2048 2923223 
2048 11772292 
2048 2648259 
2048 4552143 
2048 3702968 
2048 4320256 
2048 2693688 
2048 3040100 
2048 4187013 
2048 8536600 
2048 7984021 
2048 5510169 
2048 6829047 
2048 4295853 
2048 3911787 
2048 4728653 
2048 4003984 
2048 3293169 
2048 2420518 
2048 4721199 
2048 5146579 
2048 3189329 
2048 2049935 
2048 5225897 
2048 2968697 
2048 4951676 
2048 3837742 
2048 4562548 
2048 4809906 
2048 4467473 
2048 3492024 
2048 9646329 
2048 4123688 
2048 6164280 
2048 2585130 
2048 3757492 
2048 5150393 
2048 2178351 
2048 7205892 
2048 6625251 
2048 3696545 
2048 6599540 
2048 5875624 
2048 2586897 
2048 4063930 
2048 3000872 
2048 3069785 
2048 5581666 
2048 3625738 
2048 2751916 
2048 3509659 
2048 5038127 
2048 4026252 
2048 3429301 
2048 3110626 
2048 2857373 
2048 1996425 
2048 5458820 
2048 5791929 
2048 5023037 
2048 4079493 
2048 4434589 
2048 8259828 
2048 4454753 
2048 2627504 
2048 4133491 
2048 3072480 
2048 5783447 
2048 2570063 
2048 3044837 
2048 4993251 
2048 3756401 
2048 5682228 
2048 2576956 
2048 4834746 
2048 5515821 
2048 4920043 
2048 3086374 
2048 5331022 
2048 4159181 
2048 7609984 
2048 4886726 
2048 6691055 
2048 3022763 
2048 2762766 
2048 4213127 
2048 5280011 
2048 1856001 
2048 3070872 
2048 6187206 
2048 5329294 
2048 2650450 
2048 2738739 
2048 4298375 
2048 4145906 
2048 6062143 
2048 3227189 
2048 3034060 
2048 4142778 
2048 3100781 
2048 7561541 
2048 4462464 
2048 4341689 
2048 2525685 
2048 2335897 
2048 3892121 
2048 3234111 
2048 3089714 
2048 3018405 
2048 6735369 
2048 4914045 
2048 3170030 
2048 5832182 
2048 8230037 
2048 3022725 
2048 4925325 
2048 3397978 
2048 2852065 
2048 1170820 
2048 4592055 
2048 4259187 
2048 3862580 
2048 6001905 
2048 3255572 
2048 3309935 
2048 6613296 
2048 4178667 
2048 7352858 
2048 3360253 
2048 2433655 
2048 3523158 
2048 4421644 
2048 1938138 
2048 4673299 
2048 4288861 
2048 2440490 
2048 6363810 
2048 4871454 
2048 4042653 
2048 4734954 
2048 4497872 
2048 4303956 
2048 3681021 
2048 4205809 
2048 4832425 
2048 5674128 
2048 4758849 
2048 3499818 
2048 3668811 
2048 5730789 
2048 4392139 
2048 4551676 
2048 3304937 
2048 3022909 
2048 1375374 
2048 6161079 
2048 3238950 
2048 2260550 
2048 6153008 
2048 6404135 
2048 2978043 
2048 6565806 
2048 3297143 
2048 6403324 
2048 3574822 
2048 2481241 
2048 2460231 
2048 5257237 
2048 5597528 
2048 2491820 
2048 3674935 
2048 3465522 
2048 6102491 
2048 4793045 
2048 5318589 
2048 3412630 
2048 4397136 
2048 2518507 
2048 4562038 
2048 2821883 
2048 5832275 
2048 5080190 
2048 2752146 
2048 1973786 
2048 3975252 
2048 9271201 
2048 7444293 
2048 5692665 
2048 7508292 
2048 6281791 
2048 3969409 
2048 3098976 
2048 3600250 
2048 3768979 
2048 4000888 
2048 5202314 
2048 3446750 
2048 6045711 
2048 4426826 
2048 2895501 
2048 2383427 
2048 3000591 
2048 6474349 
2048 6323781 
2048 2793616 
2048 4362173 
2048 4656392 
2048 3035946 
2048 2908078 
2048 4282646 
2048 3806765 
2048 3761203 
2048 4590289 
2048 2141467 
2048 3879341 
2048 9992285 
2048 4186470 
2048 2220707 
2048 6006148 
2048 3952970 
2048 6412622 
2048 3414390 
2048 2922139 
2048 6280699 
2048 4148180 
2048 4656256 
2048 7340025 
2048 7262490 
2048 5963814 
2048 3199771 
2048 3166793 
2048 5430520 
2048 6230219 
2048 3188752 
2048 2206613 
2048 3933435 
2048 4010508 
2048 4635702 
2048 3741678 
2048 3405685 
2048 5776151 
2048 3755871 
2048 5468026 
2048 3085159 
2048 4022203 
2048 2176631 
2048 4196971 
2048 2730639 
2048 3290881 
2048 7254202 
2048 3791834 
2048 2931177 
2048 8036815 
2048 3444178 
2048 6736436 
2048 3551455 
2048 4277252 
2048 3149175 
2048 3718995 
2048 3865212 
2048 2634833 
2048 2877190 
2048 1843302 
2048 4844155 
2048 4293856 
2048 4013513 
2048 2838516 
2048 3983955 
2048 4491689 
2048 1801088 
2048 1323360 
2048 3717736 
2048 5275175 
2048 7634131 
2048 5974420 
2048 4915705 
2048 5035160 
2048 3725554 
2048 4213129 
2048 5634376 
2048 5742051 
2048 5796099 
2048 5162354 
2048 3623020 
2048 4655108 
2048 3204361 
2048 9460180 
2048 6759995 
2048 6489800 
2048 2654254 
2048 3765364 
2048 4729901 
2048 6284534 
2048 3384117 
2048 4162837 
2048 5979457 
2048 4718280 
2048 4219683 
2048 5070396 
2048 4082233 
2048 5262718 
2048 2872818 
2048 4778633 
2048 4186571 
2048 5755171 
2048 5264686 
2048 4698180 
2048 4824097 
2048 1831476 
2048 2852554 
2048 3517119 
2048 5016266 
2048 4055388 
2048 2270438 
2048 6243611 
2048 5030082 
2048 1947939 
2048 6431251 
2048 6167409 
2048 4486319 
2048 4786646 
2048 5339760 
2048 2807793 
2048 7158727 
2048 3419838 
2048 3405044 
2048 4417187 
2048 4951167 
2048 2822210 
2048 8515892 
2048 2603187 
2048 4215301 
2048 6465225 
2048 3709255 
2048 4781648 
2048 4290895 
2048 3290009 
2048 4045564 
2048 3410298 
2048 4949649 
2048 3385824 
2048 4505592 
2048 4170139 
2048 4747255 
2048 3985451 
2048 2354322 
2048 2531541 
2048 3882697 
2048 4287226 
2048 2959429 
2048 2673656 
2048 2280330 
2048 5446261 
2048 4981838 
2048 3883475 
2048 4016682 
2048 5700490 
2048 4302195 
2048 4425672 
2048 4166895 
2048 4372257 
2048 2129779 
2048 5078367 
2048 8771875 
2048 5960939 
2048 3757968 
2048 4977917 
2048 3472561 
2048 3902274 
2048 4140511 
2048 3953240 
2048 2912438 
2048 5953604 
2048 2586620 
2048 4229637 
2048 7775321 
2048 6206042 
2048 6753278 
2048 3410446 
2048 6205547 
2048 3802632 
2048 5319678 
2048 2748145 
2048 2586456 
2048 3155929 
2048 4253960 
2048 4780191 
2048 4825586 
2048 5250913 
2048 2811385 
2048 4319974 
2048 2161974 
2048 3337767 
2048 2953045 
2048 2493228 
2048 3330568 
2048 3410110 
2048 4825823 
2048 3865079 
2048 5186756 
2048 4447320 
2048 6352969 
2048 4697195 
2048 3386547 
2048 5234570 
2048 3901221 
