2048 3038373 
2048 5263194 
2048 5726137 
2048 3070037 
2048 3292078 
2048 3047231 
2048 3950040 
2048 2739175 
2048 5036500 
2048 5824403 
2048 6532294 
2048 5397209 
2048 4102912 
2048 3849723 
2048 7967938 
2048 4104823 
2048 4258091 
2048 4653189 
2048 7107204 
2048 3514119 
2048 7081139 
2048 8568656 
2048 7153895 
2048 6935793 
2048 4941619 
2048 3320836 
2048 2245113 
2048 6636204 
2048 8534491 
2048 13651247 
2048 3378876 
2048 9263513 
2048 3932246 
2048 9004013 
2048 3811557 
2048 2953360 
2048 6573544 
2048 3389282 
2048 5394983 
2048 2261849 
2048 2772261 
2048 3768997 
2048 5463651 
2048 7534010 
2048 3809203 
2048 5486568 
2048 5686097 
2048 5068705 
2048 1430790 
2048 9778106 
2048 7172785 
2048 2809027 
2048 2270442 
2048 3801728 
2048 3470178 
2048 4683868 
2048 3776300 
2048 6723892 
2048 2789431 
2048 6598687 
2048 4882063 
2048 8032404 
2048 5439858 
2048 6372841 
2048 5636691 
2048 3862406 
2048 2659133 
2048 3818245 
2048 3165503 
2048 5565001 
2048 3127990 
2048 4623320 
2048 2513153 
2048 3109357 
2048 4057473 
2048 2571006 
2048 4073817 
2048 5049692 
2048 2999986 
2048 2200612 
2048 5538365 
2048 5040428 
2048 4955940 
2048 6916161 
2048 4631302 
2048 3296195 
2048 2205306 
2048 2858792 
2048 3478229 
2048 6981539 
2048 7669208 
2048 3828896 
2048 4969496 
2048 6116170 
2048 5077285 
2048 4993455 
2048 6052250 
2048 7116914 
2048 4164419 
2048 4431178 
2048 3656597 
2048 4563818 
2048 4734335 
2048 5818018 
2048 4476677 
2048 2982721 
2048 6038586 
2048 6934871 
2048 2667207 
2048 3455275 
2048 5278803 
2048 2038672 
2048 3526818 
2048 4133398 
2048 6014856 
2048 2946226 
2048 6519101 
2048 5217297 
2048 4088372 
2048 2741148 
2048 5219874 
2048 5603358 
2048 4143558 
2048 5503004 
2048 2791113 
2048 4583187 
2048 2832430 
2048 5168395 
2048 3769657 
2048 4271882 
2048 3503604 
2048 5916531 
2048 4984797 
2048 4833015 
2048 3240628 
2048 3313521 
2048 7281302 
2048 5330025 
2048 6953314 
2048 4004106 
2048 4543023 
2048 2474190 
2048 6740106 
2048 5246921 
2048 3485368 
2048 3005312 
2048 4284145 
2048 6314339 
2048 4515212 
2048 1924848 
2048 7000080 
2048 5038900 
2048 5553644 
2048 6015332 
2048 4696545 
2048 5846764 
2048 3163675 
2048 2647892 
2048 2587212 
2048 2022119 
2048 4551229 
2048 4527613 
2048 3470315 
2048 5491738 
2048 4367390 
2048 2039882 
2048 6906994 
2048 4635860 
2048 5079888 
2048 6048515 
2048 3331612 
2048 6801444 
2048 3277633 
2048 5161093 
2048 4506748 
2048 7663273 
2048 4294395 
2048 3860985 
2048 4456383 
2048 3527125 
2048 4291412 
2048 4259899 
2048 3362551 
2048 7641398 
2048 3912370 
2048 2377277 
2048 5893421 
2048 5231011 
2048 6088097 
2048 4617414 
2048 2685817 
2048 4886305 
2048 6269191 
2048 2066464 
2048 5501326 
2048 4829627 
2048 3544192 
2048 7656731 
2048 5041635 
2048 2058145 
2048 4002960 
2048 5703419 
2048 4354067 
2048 4106422 
2048 6400735 
2048 5126051 
2048 3323532 
2048 4356772 
2048 3400699 
2048 7215624 
2048 3229015 
2048 3423599 
2048 6541513 
2048 3378589 
2048 2633784 
2048 7695153 
2048 1559376 
2048 3353141 
2048 6528273 
2048 2972191 
2048 4450299 
2048 7998945 
2048 4440799 
2048 2500028 
2048 4020663 
2048 5653000 
2048 3540800 
2048 6881749 
2048 5146157 
2048 3098263 
2048 4646947 
2048 4722988 
2048 4794682 
2048 4085388 
2048 3516569 
2048 3702258 
2048 2802716 
2048 3402233 
2048 3175415 
2048 2347045 
2048 3429937 
2048 4554045 
2048 4925636 
2048 2640610 
2048 3498629 
2048 7042390 
2048 5784095 
2048 5706549 
2048 2754215 
2048 3958204 
2048 1841205 
2048 4088479 
2048 6066789 
2048 5306765 
2048 2435323 
2048 3617197 
2048 3066334 
2048 4525202 
2048 2819493 
2048 2918145 
2048 3602828 
2048 2366744 
2048 7514975 
2048 6820492 
2048 2362199 
2048 3861462 
2048 2966517 
2048 3871386 
2048 2528742 
2048 4581747 
2048 5620913 
2048 2230168 
2048 6687847 
2048 3312561 
2048 1927305 
2048 2931464 
2048 5568915 
2048 7564247 
2048 4395650 
2048 4721339 
2048 5096569 
2048 3964448 
2048 6941521 
2048 4752499 
2048 4854239 
2048 4380020 
2048 3962387 
2048 2228814 
2048 4865484 
2048 9001818 
2048 4519325 
2048 2945240 
2048 2440680 
2048 3458035 
2048 4683805 
2048 3624983 
2048 4996243 
2048 3441645 
2048 4053966 
2048 4754700 
2048 4908242 
2048 3211114 
2048 2887650 
2048 4358480 
2048 6009071 
2048 4271215 
2048 3194515 
2048 3051834 
2048 7399082 
2048 5144583 
2048 7278872 
2048 6087764 
2048 4016790 
2048 1991100 
2048 3895198 
2048 6735794 
2048 7443930 
2048 3241503 
2048 6234924 
2048 5555424 
2048 3573716 
2048 10072158 
2048 4842561 
2048 4600630 
2048 4383189 
2048 3371406 
2048 2396045 
2048 4941018 
2048 2402937 
2048 1863186 
2048 5965291 
2048 3149636 
2048 2495095 
2048 4138896 
2048 8271189 
2048 6227101 
2048 4340803 
2048 2877192 
2048 4920396 
2048 5429529 
2048 4731461 
2048 8914955 
2048 4070706 
2048 2624478 
2048 5457748 
2048 5966621 
2048 3904099 
2048 6157922 
2048 1531532 
2048 4538728 
2048 2533536 
2048 7601667 
2048 4707789 
2048 3362534 
2048 7558605 
2048 4955150 
2048 3222242 
2048 5433789 
2048 4682305 
2048 2860356 
2048 5223855 
2048 3220404 
2048 6189161 
2048 4558129 
2048 2658322 
2048 2550594 
2048 7120298 
2048 5668657 
2048 5056299 
2048 2629449 
2048 3930226 
2048 2749882 
2048 2665651 
2048 7069383 
2048 4033054 
2048 3046467 
2048 2114045 
2048 4015721 
2048 3600311 
2048 3272195 
2048 4338951 
2048 3298444 
2048 7157040 
2048 4558669 
2048 5130620 
2048 2835545 
2048 5267487 
2048 3536351 
2048 4720720 
2048 1778688 
2048 4782940 
2048 4066570 
2048 2377660 
2048 5131143 
2048 2068260 
2048 3008578 
2048 2431472 
2048 6381496 
2048 7536399 
2048 4635490 
2048 5661407 
2048 5180774 
2048 7526701 
2048 3752084 
2048 3227554 
2048 3694873 
2048 6951979 
2048 3822135 
2048 3040322 
2048 6457993 
2048 2708764 
2048 3326412 
2048 4855446 
2048 6470924 
2048 5470235 
2048 3368286 
2048 4626493 
2048 4219928 
2048 3435273 
2048 3744112 
2048 6709726 
2048 10153154 
2048 3253927 
2048 4984422 
2048 3164782 
2048 2220213 
2048 6978686 
2048 3256932 
2048 6625375 
2048 6220335 
2048 2917403 
2048 2634484 
2048 4649970 
2048 3474391 
2048 4361458 
2048 4677851 
2048 4216485 
2048 3890076 
2048 3186589 
2048 5296481 
2048 4792139 
2048 5253274 
2048 6393320 
2048 3338837 
2048 3655180 
2048 4694840 
2048 3686894 
2048 5185878 
2048 5228650 
2048 4200750 
2048 2435373 
2048 2490304 
2048 6302096 
2048 3712693 
2048 3537935 
2048 2914152 
2048 7571581 
2048 2768861 
2048 4168955 
2048 2743143 
2048 3380886 
2048 2326975 
2048 4274566 
2048 4760321 
2048 7859086 
2048 2614636 
2048 4967290 
2048 5195933 
2048 2694820 
2048 3993854 
2048 3746528 
2048 2219848 
2048 4576768 
2048 3621360 
2048 5990090 
2048 5360063 
2048 3830866 
2048 3545181 
2048 4687220 
2048 4159402 
2048 2543049 
2048 2437351 
2048 3269320 
2048 2487532 
2048 2995171 
2048 6434604 
2048 6897659 
2048 5640586 
2048 4693753 
2048 2830590 
2048 1521905 
2048 1987866 
2048 3531220 
2048 5103905 
2048 3458087 
2048 5310176 
2048 4275340 
2048 3226918 
2048 4536237 
2048 5487754 
2048 5905469 
2048 4563189 
2048 2680001 
2048 3015319 
2048 3071068 
2048 4079817 
2048 4566492 
2048 2521356 
2048 5140941 
2048 4369638 
2048 4964413 
2048 3325547 
2048 4425817 
2048 6323463 
2048 3791341 
2048 5989176 
2048 4688833 
2048 5516400 
2048 4375467 
2048 4026432 
2048 5293404 
2048 5731239 
2048 9819430 
2048 5930235 
2048 2916467 
2048 3390101 
2048 4943104 
2048 3548754 
2048 2461779 
2048 4260695 
2048 3410375 
2048 2778538 
2048 3440753 
2048 3221848 
2048 1793043 
2048 4359654 
2048 3160457 
2048 9255373 
2048 4560175 
2048 6564297 
2048 4108489 
2048 4943734 
2048 3176015 
2048 6281128 
2048 1665111 
2048 5184719 
2048 4082972 
2048 2308042 
2048 5906306 
2048 4367974 
2048 4453652 
2048 3908284 
2048 3270285 
2048 4658740 
2048 6531659 
2048 4823503 
2048 9182119 
2048 2208437 
2048 7302878 
2048 3937144 
2048 2498941 
2048 5792382 
2048 3289291 
2048 3094242 
2048 4004704 
2048 8438068 
2048 4228580 
2048 3970753 
2048 4194880 
2048 3387137 
2048 3970769 
2048 2548928 
2048 5634989 
2048 3460878 
2048 4011366 
2048 2635285 
2048 4411068 
2048 3875816 
2048 9627570 
2048 6302430 
2048 3292244 
2048 6961525 
2048 3665984 
2048 1141281 
2048 4844134 
2048 3856912 
2048 5923017 
2048 4601303 
2048 7238720 
2048 6140913 
2048 4871718 
2048 3449066 
2048 2577970 
2048 3044253 
2048 2880036 
2048 11470571 
2048 2800703 
2048 3659203 
2048 3614852 
2048 4115885 
2048 2715392 
2048 2956849 
2048 4368812 
2048 8285069 
2048 6846194 
2048 5380791 
2048 6863633 
2048 3842973 
2048 3947223 
2048 4726044 
2048 3982345 
2048 2606972 
2048 2504880 
2048 4619503 
2048 4875820 
2048 3788534 
2048 1989667 
2048 5585816 
2048 3079243 
2048 4816837 
2048 3614016 
2048 4523658 
2048 3996681 
2048 4377449 
2048 3238382 
2048 9749913 
2048 4195017 
2048 5982781 
2048 2731784 
2048 4664434 
2048 5152249 
2048 6366724 
2048 7116414 
2048 6855128 
2048 3248603 
2048 6389420 
2048 6601291 
2048 2671783 
2048 5117090 
2048 3080724 
2048 3142788 
2048 5512242 
2048 3622015 
2048 2988395 
2048 3486414 
2048 5357955 
2048 4397026 
2048 3630236 
2048 3307745 
2048 2952809 
2048 2057528 
2048 5740015 
2048 6122535 
2048 5063431 
2048 4316163 
2048 4352486 
2048 7432862 
2048 4331526 
2048 2384510 
2048 4277943 
2048 3091451 
2048 6500971 
2048 2516038 
2048 3162139 
2048 4723170 
2048 3458205 
2048 6065281 
2048 2594532 
2048 6013033 
2048 5759272 
2048 5508725 
2048 2987789 
2048 5282339 
2048 4447177 
2048 6186819 
2048 4633099 
2048 6402308 
2048 2845818 
2048 3643413 
2048 3522402 
2048 5259285 
2048 1925540 
2048 3184687 
2048 6556416 
2048 5754010 
2048 2501028 
2048 2693912 
2048 4965479 
2048 3256204 
2048 5335312 
2048 3447265 
2048 3142519 
2048 3531109 
2048 3045921 
2048 8152489 
2048 4609375 
2048 3675833 
2048 2413148 
2048 2539087 
2048 3970958 
2048 3520674 
2048 2427673 
2048 3015314 
2048 6613179 
2048 5103044 
2048 3503250 
2048 6228747 
2048 8385126 
2048 3200086 
2048 4715514 
2048 3291781 
2048 2761786 
2048 1251739 
2048 4150441 
2048 4307972 
2048 3873063 
2048 5195033 
2048 3312293 
2048 2478862 
2048 6694700 
2048 4413969 
2048 7881200 
2048 3297815 
2048 3119208 
2048 3507492 
2048 4394478 
2048 2042199 
2048 3815015 
2048 3332877 
2048 2522394 
2048 5831432 
2048 4685296 
2048 3362791 
2048 4797587 
2048 4685353 
2048 4813400 
2048 4318516 
2048 4056244 
2048 4560929 
2048 5389444 
2048 5032825 
2048 3675477 
2048 3871860 
2048 5071199 
2048 4514671 
2048 5348567 
2048 3195213 
2048 2134016 
2048 1357249 
2048 6536120 
2048 3284439 
2048 2834366 
2048 6128310 
2048 6227524 
2048 2905937 
2048 6828817 
2048 3443240 
2048 6290926 
2048 3755221 
2048 3171248 
2048 2562554 
2048 5442310 
2048 4923189 
2048 2465810 
2048 4276156 
2048 3452572 
2048 5329770 
2048 4568302 
2048 6229425 
2048 3624024 
2048 4629088 
2048 2689909 
2048 4912630 
2048 2991663 
2048 6724777 
2048 4698876 
2048 2676135 
2048 1862602 
2048 3934689 
2048 9099522 
2048 7969955 
2048 5555230 
2048 7093105 
2048 6585291 
2048 4325481 
2048 3196183 
2048 3691763 
2048 3829551 
2048 4880083 
2048 5337632 
2048 3294333 
2048 6991957 
2048 4304280 
2048 2173547 
2048 2330981 
2048 3015727 
2048 6689550 
2048 6513576 
2048 2995895 
2048 5076031 
2048 4011037 
2048 2903328 
2048 3083119 
2048 4315314 
2048 3795996 
2048 3931617 
2048 4755236 
2048 2133212 
2048 4139186 
2048 9987756 
2048 4311614 
2048 2391401 
2048 5754650 
2048 3880626 
2048 6073756 
2048 3261462 
2048 2913971 
2048 6081691 
2048 3971169 
2048 4854248 
2048 6031882 
2048 6311097 
2048 6715763 
2048 3236875 
2048 3225620 
2048 5464079 
2048 6504829 
2048 3088772 
2048 2731496 
2048 4069051 
2048 4091381 
2048 4874716 
2048 3690813 
2048 3119049 
2048 6893420 
2048 4337841 
2048 5182976 
2048 3068134 
2048 4128715 
2048 2116042 
2048 3992892 
2048 2605170 
2048 2592828 
2048 6883847 
2048 4504101 
2048 2973559 
2048 8319990 
2048 3598223 
2048 6450352 
2048 3682658 
2048 4365144 
2048 3030584 
2048 4432370 
2048 4068841 
2048 2898740 
2048 3032030 
2048 1864428 
2048 4456274 
2048 4348310 
2048 3860481 
2048 2893345 
2048 4214045 
2048 4604479 
2048 1784196 
2048 1371100 
2048 3815741 
2048 4814084 
2048 7312800 
2048 5700989 
2048 5600641 
2048 5079410 
2048 3671806 
2048 4159271 
2048 6429816 
2048 6413625 
2048 6609237 
2048 5615603 
2048 3628435 
2048 4424633 
2048 3326961 
2048 9780371 
2048 6841817 
2048 6285206 
2048 2566189 
2048 3544031 
2048 4618830 
2048 5566911 
2048 3323133 
2048 4474147 
2048 6660627 
2048 3947210 
2048 4108069 
2048 5965088 
2048 3877126 
2048 6187724 
2048 2855235 
2048 4801180 
2048 4495735 
2048 6309648 
2048 5840455 
2048 4624284 
2048 4829424 
2048 1771928 
2048 2961373 
2048 3503914 
2048 4246787 
2048 4448267 
2048 2394180 
2048 7286113 
2048 6382832 
2048 2090165 
2048 6616899 
2048 7075184 
2048 4361620 
2048 4344654 
2048 5267480 
2048 2785353 
2048 7120945 
2048 3425229 
2048 3233299 
2048 4391183 
2048 4014502 
2048 2797562 
2048 9024111 
2048 2384707 
2048 3863530 
2048 5865951 
2048 3552762 
2048 4620761 
2048 4456150 
2048 3331262 
2048 4086173 
2048 3445786 
2048 4775273 
2048 3345484 
2048 4598753 
2048 5063099 
2048 4710419 
2048 4136119 
2048 3159735 
2048 2666471 
2048 3516753 
2048 3441072 
2048 2960776 
2048 2944272 
2048 2421241 
2048 5248758 
2048 4688733 
2048 4044624 
2048 4019468 
2048 5602700 
2048 4428462 
2048 4207498 
2048 4029278 
2048 4479171 
2048 2246106 
2048 5407831 
2048 9116161 
2048 5246543 
2048 3863402 
2048 4947670 
2048 4438516 
2048 3911200 
2048 4982543 
2048 4742303 
2048 3141296 
2048 6289024 
2048 3248207 
2048 4104359 
2048 8043425 
2048 5682800 
2048 6979045 
2048 3627331 
2048 6290830 
2048 3996141 
2048 5486898 
2048 2775795 
2048 2606747 
2048 2350636 
2048 4574554 
2048 3683745 
2048 5233722 
2048 5056170 
2048 2755226 
2048 4578584 
2048 2083019 
2048 3554091 
2048 2964433 
2048 2380189 
2048 3425003 
2048 3405518 
2048 4922643 
2048 3117233 
2048 5716243 
2048 4458623 
2048 6676350 
2048 4927946 
2048 3294733 
2048 5051290 
2048 3810763 
