16384 2806430 
16384 5796093 
16384 5391481 
16384 3021027 
16384 3400729 
16384 3023597 
16384 2835920 
16384 2570065 
16384 5173880 
16384 7024481 
16384 6065831 
16384 4758076 
16384 4197078 
16384 4592283 
16384 7234234 
16384 4572352 
16384 4671559 
16384 5110547 
16384 7402260 
16384 3595394 
16384 6906713 
16384 9008570 
16384 15037639 
16384 8507624 
16384 4984549 
16384 3504486 
16384 2223898 
16384 6263183 
16384 8918383 
16384 7140020 
16384 2933004 
16384 8372365 
16384 4193594 
16384 9432370 
16384 4149246 
16384 2902930 
16384 6780833 
16384 3245634 
16384 5283124 
16384 2009788 
16384 2823109 
16384 3559950 
16384 5295849 
16384 7107150 
16384 4748362 
16384 5093961 
16384 5116393 
16384 4916690 
16384 1197693 
16384 10116350 
16384 6714046 
16384 3545546 
16384 2212317 
16384 4462886 
16384 3389787 
16384 4587090 
16384 4161330 
16384 5236361 
16384 3406662 
16384 5736474 
16384 4476653 
16384 7247156 
16384 5475791 
16384 6983642 
16384 5254250 
16384 3969523 
16384 3110453 
16384 3745709 
16384 2403248 
16384 5366984 
16384 2802828 
16384 4079380 
16384 2240257 
16384 2773257 
16384 4661832 
16384 2659173 
16384 4702772 
16384 4893432 
16384 3234099 
16384 1975203 
16384 4851302 
16384 4622808 
16384 5301302 
16384 6732741 
16384 4539193 
16384 3293042 
16384 3255249 
16384 3431294 
16384 3366601 
16384 6750444 
16384 7033415 
16384 4798572 
16384 4467643 
16384 6570474 
16384 4807216 
16384 4816512 
16384 6446163 
16384 7405724 
16384 5245472 
16384 4208456 
16384 4605922 
16384 4399041 
16384 4979819 
16384 6836265 
16384 3679675 
16384 3061386 
16384 5238340 
16384 6547674 
16384 2788178 
16384 2891748 
16384 5034381 
16384 2113826 
16384 2832307 
16384 4911285 
16384 4821906 
16384 3074483 
16384 6401213 
16384 5172433 
16384 4694211 
16384 2739337 
16384 4394855 
16384 6284679 
16384 3349329 
16384 4213233 
16384 2737772 
16384 4843727 
16384 3020311 
16384 5145659 
16384 3574855 
16384 3238587 
16384 3363820 
16384 7176184 
16384 4834793 
16384 4585527 
16384 3305406 
16384 3174205 
16384 7518789 
16384 5305133 
16384 7735259 
16384 4491442 
16384 3512046 
16384 2348927 
16384 6809047 
16384 6635559 
16384 3418018 
16384 2566749 
16384 4353101 
16384 9220737 
16384 4581655 
16384 1863114 
16384 6852967 
16384 4843566 
16384 5260716 
16384 6762155 
16384 4556953 
16384 5603240 
16384 3150077 
16384 2760072 
16384 3409014 
16384 2216128 
16384 4835759 
16384 4622545 
16384 3413037 
16384 7074632 
16384 4637535 
16384 1981643 
16384 6259205 
16384 4381836 
16384 5930984 
16384 5659628 
16384 3314183 
16384 7370535 
16384 2970842 
16384 5941664 
16384 5825134 
16384 8304563 
16384 4757446 
16384 5216252 
16384 4609522 
16384 3455967 
16384 4839476 
16384 5191178 
16384 3159915 
16384 6785365 
16384 3912876 
16384 3142392 
16384 5086362 
16384 4186844 
16384 6503792 
16384 4375742 
16384 2825571 
16384 4673542 
16384 6042949 
16384 2145992 
16384 6508573 
16384 4753839 
16384 3446269 
16384 7487563 
16384 5164900 
16384 1977865 
16384 3722746 
16384 5011322 
16384 4711982 
16384 5161596 
16384 7129612 
16384 4644068 
16384 3327547 
16384 3978611 
16384 3241377 
16384 7383339 
16384 3253247 
16384 3407840 
16384 7396834 
16384 3617404 
16384 2615674 
16384 7089369 
16384 1710636 
16384 3270769 
16384 6900453 
16384 3265030 
16384 5346812 
16384 9187400 
16384 3659814 
16384 3423289 
16384 4966579 
16384 4374474 
16384 4709140 
16384 6939995 
16384 5996963 
16384 3830800 
16384 4800341 
16384 4937550 
16384 4772630 
16384 5116525 
16384 4522883 
16384 3757461 
16384 2739241 
16384 3606928 
16384 3565002 
16384 3110537 
16384 3532623 
16384 4961000 
16384 4762461 
16384 2488359 
16384 3253276 
16384 7668322 
16384 4534353 
16384 5613188 
16384 2559633 
16384 3890525 
16384 1955331 
16384 3552770 
16384 5242003 
16384 4645806 
16384 2663287 
16384 3641627 
16384 3165027 
16384 4931180 
16384 2435057 
16384 2867888 
16384 3734833 
16384 2453007 
16384 7454079 
16384 6525640 
16384 2737501 
16384 4729508 
16384 3743392 
16384 4511575 
16384 2952438 
16384 5126812 
16384 4981604 
16384 3298459 
16384 7895792 
16384 3269786 
16384 1876293 
16384 3622052 
16384 4199666 
16384 9037700 
16384 4863351 
16384 4554941 
16384 4939817 
16384 4535741 
16384 7161627 
16384 4958133 
16384 4641498 
16384 4391476 
16384 4737822 
16384 2173141 
16384 5060288 
16384 9855882 
16384 4680997 
16384 3355593 
16384 2487911 
16384 4227338 
16384 4853495 
16384 3798808 
16384 5129306 
16384 3224791 
16384 4716897 
16384 4024499 
16384 4972902 
16384 3458394 
16384 2802173 
16384 4443254 
16384 6161521 
16384 4224594 
16384 3656323 
16384 2926405 
16384 6481573 
16384 8118038 
16384 7656184 
16384 7238438 
16384 3979666 
16384 2064026 
16384 4235680 
16384 6819871 
16384 6790296 
16384 3283300 
16384 6760045 
16384 6527152 
16384 3812335 
16384 8450425 
16384 6135739 
16384 4646042 
16384 4976110 
16384 3443002 
16384 2732641 
16384 5292339 
16384 3099220 
16384 1926401 
16384 6087684 
16384 3594234 
16384 2518907 
16384 4811831 
16384 8804568 
16384 5028677 
16384 5493399 
16384 2890020 
16384 4796088 
16384 5227613 
16384 4629839 
16384 8822190 
16384 4934029 
16384 2502617 
16384 5420867 
16384 5837084 
16384 4571384 
16384 6854816 
16384 1534938 
16384 4956208 
16384 3149757 
16384 7351782 
16384 4812740 
16384 2980982 
16384 6866869 
16384 5231516 
16384 2355152 
16384 4790027 
16384 4641209 
16384 3587760 
16384 4502413 
16384 2957167 
16384 7031178 
16384 4610612 
16384 2604197 
16384 2561223 
16384 7795014 
16384 5259048 
16384 4840791 
16384 3099873 
16384 4895987 
16384 2902341 
16384 2797126 
16384 6322636 
16384 4574220 
16384 3288473 
16384 2076486 
16384 3320546 
16384 4359581 
16384 3645819 
16384 3994495 
16384 3227387 
16384 7157325 
16384 5292729 
16384 5374388 
16384 2870068 
16384 4827792 
16384 3790035 
16384 4653698 
16384 1868082 
16384 4752726 
16384 4272438 
16384 2235264 
16384 5232191 
16384 1997693 
16384 3014584 
16384 2814504 
16384 6161188 
16384 6825389 
16384 4486694 
16384 5197015 
16384 5688804 
16384 7596438 
16384 4545899 
16384 2974257 
16384 3913709 
16384 8437722 
16384 3470819 
16384 2542877 
16384 7317153 
16384 3344346 
16384 3048207 
16384 5473380 
16384 6384248 
16384 5558425 
16384 3235257 
16384 4065997 
16384 3406505 
16384 3312611 
16384 3014096 
16384 6437406 
16384 9813644 
16384 3250205 
16384 4968591 
16384 3089505 
16384 2516822 
16384 6959931 
16384 3153288 
16384 6840292 
16384 6398118 
16384 3510931 
16384 3470290 
16384 4114389 
16384 3946488 
16384 4264313 
16384 5013265 
16384 4368248 
16384 4992038 
16384 3374432 
16384 5152948 
16384 6082538 
16384 5118037 
16384 7496045 
16384 3286187 
16384 3930008 
16384 4997061 
16384 3815215 
16384 5499472 
16384 5253116 
16384 3924011 
16384 2607719 
16384 2686724 
16384 5441788 
16384 4465476 
16384 3534911 
16384 3055831 
16384 8408610 
16384 2839155 
16384 4543805 
16384 3014242 
16384 3299066 
16384 2403816 
16384 4681255 
16384 4963015 
16384 6410662 
16384 2866488 
16384 5561089 
16384 5127090 
16384 2817719 
16384 3328743 
16384 3698566 
16384 2897544 
16384 4506918 
16384 3585416 
16384 5962453 
16384 5880107 
16384 3798138 
16384 3524001 
16384 4779068 
16384 5133719 
16384 2467270 
16384 2573886 
16384 3313855 
16384 3493377 
16384 2952966 
16384 6086994 
16384 6306034 
16384 5754317 
16384 4846623 
16384 2833823 
16384 1459980 
16384 2207832 
16384 3575604 
16384 5401703 
16384 3547764 
16384 5114142 
16384 4386131 
16384 3160588 
16384 4416178 
16384 6922395 
16384 5800335 
16384 4798080 
16384 2938175 
16384 2306340 
16384 3143417 
16384 4315164 
16384 4396270 
16384 3496556 
16384 4085455 
16384 3965544 
16384 5351777 
16384 3420933 
16384 4428308 
16384 6196547 
16384 4955634 
16384 6762629 
16384 5769274 
16384 5393508 
16384 4783349 
16384 3262003 
16384 5667862 
16384 5053097 
16384 8105956 
16384 7152751 
16384 3018527 
16384 4226360 
16384 4427465 
16384 4276767 
16384 3018775 
16384 4078561 
16384 4141497 
16384 2192575 
16384 3379623 
16384 3097405 
16384 1876795 
16384 4236525 
16384 3984783 
16384 9859202 
16384 4559136 
16384 6665255 
16384 3241721 
16384 4922466 
16384 3089632 
16384 7068444 
16384 1701229 
16384 5499388 
16384 4816223 
16384 2387554 
16384 6074064 
16384 4303051 
16384 4612828 
16384 4594065 
16384 3423162 
16384 4708736 
16384 6165865 
16384 5198887 
16384 8445135 
16384 2426761 
16384 6511542 
16384 4175764 
16384 2563732 
16384 5447140 
16384 3495832 
16384 3567547 
16384 4023752 
16384 8574361 
16384 4714820 
16384 4306920 
16384 4905401 
16384 3648089 
16384 4699296 
16384 2677986 
16384 6517950 
16384 4274281 
16384 3818453 
16384 2606862 
16384 4675360 
16384 5652395 
16384 12778259 
16384 5574207 
16384 4032648 
16384 6753307 
16384 3735721 
16384 1193943 
16384 3795883 
16384 4992303 
16384 6089699 
16384 3902719 
16384 7358715 
16384 5191558 
16384 4782544 
16384 3333335 
16384 2596674 
16384 3186391 
16384 3111362 
16384 11626528 
16384 2753246 
16384 4870480 
16384 4795348 
16384 4387507 
16384 2886494 
16384 3403008 
16384 5087052 
16384 9108321 
16384 8238122 
16384 5363872 
16384 7042537 
16384 3840218 
16384 4236610 
16384 5003954 
16384 4950319 
16384 3552881 
16384 3300522 
16384 4635621 
16384 6042537 
16384 3914282 
16384 2035789 
16384 6067203 
16384 2979430 
16384 5382665 
16384 4051096 
16384 4951132 
16384 3879903 
16384 5132095 
16384 3480033 
16384 11088959 
16384 5001973 
16384 6570358 
16384 2660575 
16384 4813876 
16384 5491350 
16384 2189438 
16384 7013097 
16384 6020393 
16384 3759002 
16384 6586873 
16384 6276508 
16384 2645726 
16384 5070108 
16384 3177915 
16384 3143777 
16384 6337656 
16384 3856442 
16384 3676519 
16384 3660894 
16384 5496437 
16384 4846889 
16384 3311268 
16384 3370069 
16384 2971210 
16384 2535978 
16384 5751418 
16384 7021516 
16384 5367873 
16384 5347882 
16384 4405166 
16384 8290483 
16384 4298730 
16384 2695187 
16384 4571096 
16384 3235151 
16384 5882975 
16384 2582437 
16384 3752891 
16384 5050227 
16384 3963199 
16384 6156566 
16384 3066925 
16384 5970289 
16384 6449918 
16384 5527445 
16384 3034196 
16384 5562625 
16384 4155632 
16384 6547168 
16384 4910070 
16384 6913751 
16384 2935337 
16384 3233615 
16384 3654725 
16384 5136955 
16384 2155851 
16384 3093155 
16384 7149162 
16384 5748632 
16384 2913800 
16384 2865000 
16384 4684260 
16384 3479345 
16384 5102395 
16384 3521047 
16384 3027629 
16384 3340159 
16384 2449625 
16384 8973993 
16384 5002198 
16384 4010588 
16384 2404615 
16384 2647540 
16384 3969030 
16384 3345539 
16384 2425299 
16384 3331911 
16384 7171634 
16384 5012895 
16384 3989508 
16384 6397019 
16384 8234900 
16384 2976242 
16384 4745347 
16384 3414293 
16384 3300763 
16384 1435152 
16384 5113986 
16384 4116931 
16384 3953973 
16384 6411728 
16384 3424315 
16384 2621669 
16384 8236531 
16384 4702344 
16384 6574873 
16384 3101656 
16384 2577612 
16384 4523119 
16384 4375252 
16384 2002101 
16384 3752429 
16384 4461269 
16384 2555445 
16384 6460047 
16384 4860879 
16384 3316508 
16384 4788714 
16384 4733970 
16384 4850203 
16384 4011547 
16384 4955739 
16384 4824895 
16384 5940180 
16384 4757649 
16384 3640556 
16384 3902124 
16384 5214825 
16384 5439733 
16384 4846629 
16384 3197336 
16384 2948998 
16384 1376855 
16384 5860863 
16384 3425939 
16384 3556364 
16384 6284099 
16384 7635786 
16384 3217219 
16384 5640171 
16384 3506444 
16384 6785873 
16384 4701367 
16384 2663926 
16384 2538766 
16384 6148379 
16384 5095836 
16384 3451258 
16384 3916636 
16384 4018714 
16384 6028766 
16384 4652872 
16384 5320317 
16384 3511367 
16384 4475984 
16384 2566607 
16384 4186848 
16384 2971430 
16384 5749667 
16384 5228428 
16384 2799540 
16384 1982299 
16384 4737691 
16384 8174907 
16384 7638071 
16384 5339650 
16384 6623911 
16384 6465588 
16384 4943490 
16384 3696513 
16384 3507549 
16384 3966586 
16384 5028645 
16384 6222825 
16384 3290646 
16384 6453593 
16384 4856565 
16384 2299788 
16384 3095677 
16384 3311798 
16384 6619965 
16384 6286323 
16384 3008044 
16384 5384983 
16384 3994572 
16384 3348540 
16384 2998237 
16384 4225130 
16384 4241816 
16384 4541142 
16384 4700045 
16384 2236796 
16384 4154053 
16384 8833951 
16384 5207312 
16384 2180930 
16384 5830126 
16384 4166237 
16384 6269667 
16384 3287646 
16384 2850512 
16384 10029698 
16384 5142280 
16384 5119949 
16384 5717423 
16384 7207948 
16384 6214315 
16384 3291831 
16384 3246744 
16384 5534893 
16384 6559363 
16384 3455736 
16384 2368586 
16384 4603011 
16384 4557699 
16384 4694784 
16384 4023288 
16384 3024051 
16384 6743965 
16384 3400539 
16384 6012569 
16384 3065116 
16384 4320722 
16384 2238080 
16384 5010125 
16384 3020791 
16384 3126070 
16384 6856930 
16384 4230525 
16384 3368042 
16384 7976523 
16384 4364620 
16384 7533797 
16384 3522886 
16384 5234842 
16384 3074324 
16384 4835861 
16384 4087798 
16384 3319259 
16384 3250987 
16384 2171608 
16384 4711437 
16384 4176779 
16384 4210090 
16384 2841176 
16384 3990779 
16384 4693190 
16384 1800691 
16384 1600033 
16384 4910745 
16384 5053981 
16384 8345013 
16384 7675125 
16384 4768616 
16384 5145899 
16384 3784928 
16384 4698516 
16384 5518380 
16384 6355682 
16384 6605688 
16384 5638213 
16384 3758388 
16384 4802686 
16384 3087965 
16384 10253672 
16384 5782224 
16384 5827641 
16384 2602391 
16384 3772144 
16384 4727985 
16384 5310317 
16384 3483771 
16384 4197389 
16384 6464350 
16384 3753463 
16384 3583936 
16384 5227938 
16384 4112853 
16384 5050590 
16384 2359071 
16384 5073551 
16384 5035251 
16384 7005634 
16384 4963764 
16384 4781181 
16384 4996651 
16384 1944353 
16384 3390475 
16384 3599338 
16384 4059590 
16384 4005591 
16384 2306782 
16384 6299127 
16384 5020041 
16384 2312978 
16384 6972834 
16384 6164792 
16384 4774570 
16384 4307682 
16384 6171436 
16384 2948725 
16384 7180286 
16384 3837567 
16384 3285924 
16384 4524963 
16384 4118449 
16384 2810163 
16384 9330743 
16384 3297443 
16384 4820757 
16384 6173896 
16384 3891883 
16384 4867564 
16384 4613226 
16384 3164811 
16384 4191861 
16384 3586806 
16384 4529122 
16384 3765575 
16384 4499283 
16384 4236477 
16384 5290126 
16384 4444793 
16384 2565801 
16384 2875251 
16384 3810500 
16384 4349797 
16384 3491116 
16384 2535980 
16384 2281814 
16384 5090631 
16384 4707607 
16384 4476778 
16384 4111257 
16384 5868435 
16384 4495542 
16384 4774131 
16384 4995121 
16384 4460434 
16384 2202431 
16384 6234265 
16384 9241461 
16384 5817737 
16384 3942235 
16384 5482270 
16384 4060388 
16384 3784870 
16384 4191780 
16384 4416590 
16384 2993639 
16384 6637893 
16384 2680773 
16384 4841777 
16384 7494890 
16384 6502384 
16384 6756824 
16384 3543227 
16384 5947291 
16384 3730003 
16384 5613645 
16384 3143303 
16384 2530048 
16384 2779991 
16384 4452257 
16384 3876804 
16384 5304945 
16384 5125366 
16384 2854224 
16384 4957276 
16384 2121619 
16384 3949971 
16384 3051216 
16384 2631949 
16384 3393361 
16384 3279695 
16384 5070909 
16384 3332800 
16384 5015616 
16384 4075637 
16384 6784177 
16384 4734470 
16384 3563687 
16384 5720209 
16384 4853963 
