8192 2775142 
8192 4940939 
8192 5613579 
8192 3111292 
8192 3270531 
8192 2890133 
8192 2845098 
8192 2630719 
8192 5364202 
8192 6606979 
8192 6148767 
8192 4872505 
8192 4112956 
8192 4550051 
8192 7134940 
8192 4471818 
8192 4654113 
8192 4762639 
8192 7049448 
8192 3609677 
8192 9508678 
8192 10018035 
8192 7300055 
8192 6880577 
8192 5106861 
8192 3288131 
8192 2291302 
8192 6359504 
8192 8680321 
8192 7016322 
8192 3078415 
8192 8173640 
8192 4040576 
8192 8240931 
8192 4596460 
8192 2776608 
8192 6700726 
8192 3076376 
8192 5499149 
8192 2140262 
8192 2653556 
8192 3516976 
8192 4005867 
8192 6025126 
8192 4759321 
8192 5647380 
8192 5353720 
8192 4807783 
8192 1236764 
8192 10194519 
8192 6470996 
8192 2417494 
8192 2240306 
8192 4758034 
8192 3307978 
8192 4433691 
8192 3444603 
8192 4989173 
8192 3369616 
8192 6477494 
8192 4345235 
8192 7031294 
8192 5995167 
8192 7255640 
8192 4904743 
8192 3925878 
8192 2824131 
8192 3363293 
8192 3269424 
8192 5628510 
8192 2899561 
8192 4203094 
8192 2437710 
8192 2855895 
8192 4743390 
8192 2701096 
8192 4721445 
8192 3855475 
8192 3218240 
8192 2036634 
8192 5008010 
8192 4256797 
8192 4157812 
8192 6965878 
8192 4677157 
8192 3356418 
8192 3277317 
8192 3241360 
8192 3088682 
8192 5233279 
8192 7135509 
8192 3791189 
8192 4077962 
8192 6637957 
8192 4537545 
8192 4496561 
8192 6606759 
8192 7349982 
8192 5138642 
8192 4259843 
8192 4655743 
8192 5334929 
8192 4745154 
8192 6451130 
8192 4544774 
8192 3049574 
8192 5045348 
8192 5873658 
8192 3587167 
8192 3462450 
8192 4924911 
8192 2085742 
8192 2757237 
8192 5208809 
8192 4959768 
8192 3236395 
8192 6488229 
8192 5051651 
8192 4463298 
8192 2804361 
8192 4242847 
8192 6744950 
8192 3379867 
8192 4326548 
8192 2801630 
8192 5279634 
8192 2854343 
8192 4982494 
8192 3664007 
8192 3251795 
8192 3505750 
8192 6987828 
8192 4364766 
8192 4930269 
8192 3340393 
8192 2956313 
8192 7708171 
8192 5348125 
8192 7118570 
8192 4267652 
8192 3668034 
8192 3513105 
8192 6823684 
8192 6521567 
8192 3646336 
8192 2827946 
8192 4422605 
8192 6153698 
8192 4763809 
8192 2192480 
8192 6386458 
8192 5003574 
8192 5556791 
8192 7129062 
8192 4298318 
8192 5238159 
8192 3286271 
8192 2697941 
8192 3443584 
8192 1937322 
8192 4663074 
8192 4789438 
8192 3337154 
8192 5551331 
8192 3896533 
8192 2079152 
8192 7013932 
8192 4483060 
8192 5125646 
8192 6255653 
8192 3260252 
8192 7104320 
8192 3114565 
8192 5382734 
8192 5404321 
8192 7276236 
8192 4815966 
8192 4841055 
8192 4523554 
8192 3712944 
8192 4697574 
8192 5216935 
8192 7196331 
8192 6305986 
8192 3785736 
8192 3240703 
8192 4745485 
8192 4202060 
8192 5161492 
8192 5252715 
8192 3648142 
8192 6146279 
8192 6548990 
8192 2186440 
8192 6527232 
8192 4806275 
8192 3486411 
8192 7185249 
8192 7317295 
8192 1880946 
8192 3715128 
8192 4599135 
8192 4360411 
8192 4892060 
8192 6686136 
8192 4858103 
8192 3460755 
8192 4778097 
8192 3123601 
8192 6956869 
8192 3178811 
8192 3125762 
8192 7121206 
8192 3293184 
8192 2538844 
8192 7333343 
8192 1649621 
8192 3604744 
8192 6383100 
8192 3211832 
8192 5336943 
8192 9151536 
8192 4597584 
8192 3533061 
8192 5027297 
8192 4377126 
8192 3696840 
8192 6518729 
8192 5626002 
8192 3101600 
8192 4492347 
8192 5999267 
8192 5061626 
8192 5329726 
8192 4066275 
8192 3921482 
8192 2791353 
8192 3167886 
8192 3331783 
8192 2881283 
8192 3252266 
8192 4567742 
8192 4825342 
8192 3100825 
8192 3617539 
8192 7396367 
8192 4598862 
8192 4915215 
8192 2624288 
8192 4155677 
8192 1953829 
8192 4364382 
8192 6298045 
8192 4202872 
8192 2438315 
8192 3450568 
8192 3062753 
8192 4334378 
8192 2509701 
8192 2895488 
8192 3774312 
8192 3253639 
8192 8408513 
8192 6276535 
8192 3076447 
8192 4705423 
8192 3191256 
8192 3946935 
8192 2559544 
8192 5173826 
8192 4369530 
8192 3167640 
8192 6294018 
8192 3367789 
8192 2147562 
8192 3079686 
8192 4300513 
8192 7099757 
8192 4532513 
8192 4529342 
8192 6347649 
8192 4434440 
8192 6879069 
8192 5204236 
8192 4635507 
8192 4748045 
8192 4257560 
8192 2138431 
8192 4774486 
8192 8783295 
8192 8287169 
8192 3026323 
8192 3265645 
8192 3593896 
8192 4914912 
8192 3824587 
8192 4989628 
8192 3503296 
8192 4703352 
8192 4418390 
8192 5285024 
8192 4044018 
8192 2588030 
8192 5390603 
8192 6271032 
8192 4237985 
8192 3155522 
8192 2859166 
8192 6685177 
8192 4364274 
8192 6989013 
8192 6199965 
8192 3909784 
8192 1939521 
8192 4079169 
8192 7443819 
8192 7061157 
8192 3270856 
8192 7178772 
8192 6668139 
8192 3786893 
8192 9179104 
8192 4956234 
8192 4833284 
8192 5161314 
8192 3392968 
8192 2581074 
8192 4773391 
8192 2823750 
8192 1981370 
8192 5703982 
8192 3107744 
8192 2444377 
8192 4074019 
8192 8876861 
8192 5236215 
8192 4286518 
8192 3241145 
8192 4488174 
8192 5042395 
8192 5323069 
8192 8612490 
8192 5056637 
8192 2538813 
8192 4962127 
8192 4917608 
8192 3705567 
8192 6746806 
8192 1779699 
8192 4578856 
8192 3067512 
8192 6518782 
8192 4486331 
8192 2973655 
8192 6431624 
8192 5095546 
8192 3225580 
8192 4953430 
8192 4595543 
8192 2737460 
8192 4604012 
8192 3023992 
8192 7228840 
8192 4957526 
8192 2740995 
8192 2460060 
8192 7185344 
8192 5391717 
8192 5790970 
8192 2715206 
8192 3915234 
8192 3064616 
8192 2718654 
8192 6012290 
8192 4730920 
8192 3303048 
8192 2170383 
8192 3120291 
8192 3509507 
8192 3518787 
8192 3896743 
8192 3366434 
8192 6098760 
8192 4268943 
8192 4496963 
8192 2870372 
8192 4704765 
8192 3461385 
8192 4823096 
8192 2151198 
8192 4770270 
8192 4316720 
8192 2536741 
8192 5388823 
8192 2634775 
8192 3378087 
8192 2492382 
8192 6474613 
8192 7442467 
8192 4493924 
8192 5355613 
8192 5162781 
8192 7333295 
8192 3465367 
8192 3065272 
8192 3878622 
8192 7209963 
8192 3345127 
8192 2898315 
8192 5875791 
8192 2649119 
8192 2439928 
8192 5058736 
8192 5252681 
8192 4939639 
8192 3235787 
8192 4007337 
8192 3560120 
8192 3256647 
8192 2893248 
8192 6235452 
8192 10167900 
8192 3422083 
8192 5093522 
8192 3072660 
8192 2174516 
8192 7135069 
8192 3261207 
8192 7298122 
8192 5562755 
8192 3448948 
8192 2863990 
8192 3488422 
8192 3729043 
8192 5001077 
8192 4351507 
8192 4563810 
8192 4421097 
8192 3203728 
8192 6646984 
8192 5818574 
8192 5967023 
8192 6886969 
8192 3240082 
8192 3707555 
8192 4426691 
8192 3775184 
8192 5326003 
8192 5064641 
8192 4090028 
8192 2554782 
8192 2773210 
8192 6021141 
8192 3584381 
8192 3803342 
8192 3012982 
8192 7299622 
8192 4118356 
8192 4509350 
8192 4925563 
8192 3577700 
8192 2446210 
8192 4239137 
8192 5735815 
8192 7397530 
8192 2830068 
8192 5335453 
8192 5163251 
8192 2705853 
8192 3585937 
8192 3772932 
8192 2368314 
8192 4999153 
8192 4476239 
8192 6670902 
8192 5642589 
8192 4523363 
8192 3479030 
8192 3868014 
8192 4878197 
8192 2477207 
8192 2402389 
8192 3222316 
8192 3363994 
8192 2982789 
8192 6678200 
8192 6326007 
8192 4609121 
8192 4924747 
8192 3528983 
8192 1660155 
8192 1939442 
8192 4410590 
8192 5222993 
8192 6608718 
8192 6354688 
8192 4442216 
8192 3121212 
8192 5050367 
8192 6023947 
8192 6188217 
8192 3717823 
8192 3273145 
8192 2760335 
8192 2868092 
8192 4338490 
8192 4394386 
8192 2609327 
8192 4077316 
8192 5124233 
8192 4822699 
8192 3849573 
8192 4761191 
8192 6245351 
8192 3943383 
8192 6814331 
8192 5451691 
8192 5267051 
8192 4224824 
8192 3128884 
8192 5321544 
8192 4889330 
8192 8435769 
8192 5752722 
8192 2896572 
8192 3302532 
8192 5151699 
8192 3662248 
8192 2492108 
8192 5068374 
8192 3486418 
8192 3083355 
8192 3490995 
8192 3192817 
8192 1968140 
8192 4327386 
8192 3596251 
8192 8598318 
8192 4785161 
8192 6567618 
8192 3340925 
8192 5025815 
8192 3055090 
8192 6024079 
8192 1993162 
8192 5469063 
8192 3916440 
8192 2274864 
8192 7020904 
8192 4559748 
8192 4557305 
8192 4596801 
8192 3158266 
8192 4590495 
8192 6287621 
8192 4817919 
8192 8332917 
8192 2901582 
8192 7627543 
8192 3941628 
8192 2962595 
8192 5427260 
8192 3393418 
8192 3296813 
8192 4536286 
8192 9084123 
8192 5101724 
8192 4383414 
8192 5063811 
8192 3463008 
8192 3892632 
8192 2448372 
8192 5786626 
8192 3352772 
8192 4827044 
8192 2564806 
8192 5273574 
8192 3816684 
8192 11966287 
8192 6441913 
8192 3465219 
8192 7346504 
8192 3584007 
8192 1174018 
8192 4228037 
8192 4365455 
8192 5998362 
8192 4610696 
8192 7420992 
8192 5306626 
8192 4723201 
8192 3489459 
8192 2576147 
8192 3258019 
8192 3444534 
8192 11666130 
8192 2740511 
8192 4409770 
8192 3437666 
8192 4595923 
8192 2727021 
8192 2848449 
8192 4161375 
8192 9097212 
8192 7919391 
8192 5268644 
8192 6996145 
8192 4852936 
8192 3747837 
8192 4645404 
8192 4079927 
8192 3426255 
8192 2755847 
8192 4878126 
8192 5151196 
8192 3139115 
8192 2172474 
8192 5443432 
8192 3265248 
8192 5076331 
8192 3529906 
8192 4603647 
8192 4220775 
8192 4980148 
8192 3331649 
8192 9238356 
8192 4970531 
8192 6710646 
8192 2660202 
8192 4766062 
8192 5354975 
8192 2414267 
8192 6900740 
8192 6896274 
8192 3960865 
8192 6541893 
8192 6882190 
8192 3397414 
8192 4348312 
8192 3059307 
8192 3184087 
8192 5707106 
8192 3977722 
8192 3354158 
8192 3631303 
8192 5175508 
8192 4107665 
8192 3724988 
8192 3244231 
8192 2884104 
8192 2142095 
8192 6241382 
8192 5520636 
8192 4924122 
8192 3976401 
8192 4385497 
8192 8535523 
8192 4200865 
8192 2434151 
8192 4048413 
8192 3028366 
8192 6093473 
8192 2896501 
8192 3173861 
8192 4493339 
8192 4478426 
8192 6128295 
8192 2793417 
8192 5721496 
8192 6485297 
8192 5401137 
8192 3299120 
8192 5612542 
8192 3965012 
8192 6345005 
8192 4720901 
8192 6901019 
8192 2973076 
8192 3251323 
8192 3406065 
8192 5563403 
8192 1872257 
8192 3027715 
8192 6214972 
8192 6059839 
8192 2619145 
8192 2850037 
8192 4507729 
8192 3281907 
8192 5025660 
8192 3338114 
8192 2853695 
8192 3188753 
8192 2240667 
8192 8733916 
8192 4448987 
8192 4536521 
8192 2375948 
8192 2477258 
8192 3772197 
8192 3362554 
8192 2543067 
8192 3568042 
8192 7295969 
8192 5507460 
8192 3312096 
8192 6102584 
8192 8857477 
8192 3223431 
8192 5250047 
8192 3407086 
8192 2803830 
8192 1219012 
8192 4239129 
8192 4571091 
8192 3587809 
8192 5535033 
8192 3412548 
8192 2707940 
8192 6997127 
8192 4519704 
8192 6765599 
8192 3239272 
8192 2226092 
8192 3648245 
8192 5487701 
8192 2215405 
8192 4215122 
8192 3465152 
8192 2463300 
8192 5610443 
8192 5505045 
8192 3851892 
8192 4767879 
8192 4761882 
8192 4317239 
8192 3941249 
8192 3961864 
8192 4423946 
8192 5819880 
8192 4627618 
8192 3516218 
8192 3905003 
8192 5311902 
8192 4298597 
8192 4634878 
8192 3254693 
8192 3006207 
8192 1367079 
8192 6665981 
8192 3323453 
8192 2177060 
8192 6267445 
8192 7392233 
8192 2990137 
8192 5716458 
8192 3902501 
8192 6122420 
8192 3503787 
8192 2604662 
8192 2984606 
8192 5419978 
8192 5565281 
8192 2638495 
8192 4422145 
8192 3562958 
8192 5916783 
8192 4904216 
8192 6393414 
8192 3520114 
8192 4534577 
8192 2405074 
8192 3779643 
8192 2963127 
8192 6738021 
8192 4801142 
8192 2611613 
8192 2052133 
8192 4741247 
8192 8280688 
8192 7652253 
8192 6263262 
8192 6221931 
8192 6764136 
8192 3934886 
8192 3288323 
8192 3488373 
8192 3877391 
8192 4525693 
8192 5289003 
8192 3250572 
8192 6395041 
8192 4541348 
8192 2426009 
8192 2282364 
8192 3261076 
8192 7117126 
8192 6822901 
8192 3182882 
8192 5041642 
8192 4377695 
8192 2836259 
8192 3311146 
8192 4571641 
8192 4186163 
8192 3669478 
8192 4729289 
8192 2979692 
8192 5038493 
8192 9529496 
8192 4215754 
8192 2299042 
8192 6518064 
8192 3898883 
8192 6506435 
8192 3270023 
8192 2867933 
8192 6694115 
8192 5111274 
8192 4991654 
8192 5963536 
8192 6620887 
8192 6963280 
8192 3384379 
8192 3001404 
8192 5929969 
8192 6690255 
8192 3230564 
8192 2190429 
8192 4026361 
8192 4586438 
8192 4484352 
8192 4018729 
8192 3064724 
8192 5687816 
8192 4347526 
8192 5467384 
8192 3032933 
8192 3979860 
8192 2616726 
8192 3947560 
8192 2943006 
8192 2798648 
8192 8108645 
8192 3694792 
8192 3036009 
8192 8503484 
8192 4177021 
8192 6500230 
8192 3421295 
8192 4655475 
8192 3049624 
8192 3780933 
8192 4686180 
8192 2719347 
8192 2980720 
8192 2139457 
8192 4942785 
8192 5121091 
8192 3994633 
8192 2873359 
8192 4015324 
8192 4506699 
8192 1782062 
8192 1454952 
8192 3791596 
8192 5262133 
8192 8072442 
8192 6889128 
8192 4624438 
8192 5808465 
8192 3711855 
8192 4244062 
8192 6063269 
8192 6836631 
8192 6841184 
8192 4839376 
8192 3584136 
8192 5025941 
8192 3364879 
8192 10088068 
8192 5509456 
8192 6194683 
8192 2911465 
8192 3627336 
8192 5179867 
8192 6233231 
8192 3291361 
8192 4297770 
8192 5807259 
8192 3820513 
8192 3547046 
8192 4839694 
8192 4164060 
8192 5477446 
8192 2558266 
8192 5042760 
8192 4127372 
8192 5694215 
8192 6215973 
8192 4798055 
8192 4805954 
8192 2126338 
8192 2963443 
8192 3705305 
8192 5061232 
8192 4275192 
8192 2485731 
8192 6348822 
8192 5368699 
8192 2221671 
8192 7021177 
8192 6353811 
8192 5693438 
8192 4348890 
8192 5426820 
8192 3429320 
8192 6641734 
8192 4483525 
8192 4063477 
8192 4760249 
8192 4718414 
8192 2982257 
8192 8819419 
8192 3380716 
8192 4509344 
8192 5939834 
8192 3535268 
8192 4572210 
8192 4304070 
8192 3109863 
8192 3954724 
8192 3438098 
8192 4243153 
8192 3450169 
8192 4252936 
8192 4334088 
8192 4917460 
8192 3959873 
8192 2641286 
8192 3071555 
8192 3481492 
8192 4546057 
8192 2966881 
8192 3553106 
8192 2403844 
8192 5191014 
8192 5572925 
8192 3904373 
8192 4422198 
8192 5739788 
8192 4363719 
8192 4650953 
8192 3888213 
8192 5169518 
8192 2327979 
8192 6063975 
8192 8471668 
8192 5466924 
8192 3831812 
8192 5486520 
8192 3812954 
8192 4093302 
8192 5081579 
8192 4799132 
8192 2899847 
8192 6047340 
8192 2708317 
8192 4236484 
8192 6986206 
8192 5691274 
8192 7032915 
8192 3488909 
8192 5553682 
8192 3780085 
8192 5865370 
8192 2743422 
8192 2485637 
8192 2244814 
8192 5359740 
8192 3801058 
8192 4662193 
8192 5032431 
8192 2994954 
8192 5317249 
8192 2416830 
8192 3369221 
8192 3150861 
8192 2556055 
8192 3361415 
8192 3419384 
8192 4009581 
8192 3198114 
8192 6009836 
8192 3982341 
8192 6357989 
8192 5669924 
8192 3333912 
8192 6085023 
8192 4646149 
