65536 2827501 
65536 5176913 
65536 5587352 
65536 3044197 
65536 3632155 
65536 2910772 
65536 2719341 
65536 2577537 
65536 5268445 
65536 5883355 
65536 6119542 
65536 5296676 
65536 4439703 
65536 3669550 
65536 7047947 
65536 4680345 
65536 3790007 
65536 4942847 
65536 7523266 
65536 2708904 
65536 6921240 
65536 7862708 
65536 7143931 
65536 11004255 
65536 4828718 
65536 3354818 
65536 2235200 
65536 6185821 
65536 7755345 
65536 6535416 
65536 3126037 
65536 8470574 
65536 4050052 
65536 8679726 
65536 3983615 
65536 3033726 
65536 6528097 
65536 3001468 
65536 9430315 
65536 1989903 
65536 2677429 
65536 3503601 
65536 4850648 
65536 5924704 
65536 3901281 
65536 4894677 
65536 5297057 
65536 4049757 
65536 1257561 
65536 9090543 
65536 6590097 
65536 2561273 
65536 2202965 
65536 4460521 
65536 3330186 
65536 4561298 
65536 4352042 
65536 4910555 
65536 2439358 
65536 6757902 
65536 4569781 
65536 7671663 
65536 6395042 
65536 6205437 
65536 5478024 
65536 3685583 
65536 2695183 
65536 3545747 
65536 3152993 
65536 5560360 
65536 2708241 
65536 4349686 
65536 2194413 
65536 2991416 
65536 4983640 
65536 2955438 
65536 4857537 
65536 3778884 
65536 2752993 
65536 2006512 
65536 5014643 
65536 4715879 
65536 4613092 
65536 8052145 
65536 4251733 
65536 3434889 
65536 3236660 
65536 3292116 
65536 3052178 
65536 5672285 
65536 6754492 
65536 4071239 
65536 4492000 
65536 6486398 
65536 4638222 
65536 4566341 
65536 6304148 
65536 6741161 
65536 4881760 
65536 4392093 
65536 3747222 
65536 4278723 
65536 5643121 
65536 5706666 
65536 4523785 
65536 3114030 
65536 5560942 
65536 6204412 
65536 2611738 
65536 3274132 
65536 6376661 
65536 2133223 
65536 2933116 
65536 4575560 
65536 4927646 
65536 3025829 
65536 6231214 
65536 4204249 
65536 4604138 
65536 2869770 
65536 4519896 
65536 6361881 
65536 3394797 
65536 5171194 
65536 2762564 
65536 4417950 
65536 3185290 
65536 6798485 
65536 4413092 
65536 3160277 
65536 4417513 
65536 5839010 
65536 3921731 
65536 4153494 
65536 3294553 
65536 3588084 
65536 6987838 
65536 5297969 
65536 6569797 
65536 4578903 
65536 3459767 
65536 2425420 
65536 7448718 
65536 6443617 
65536 3605712 
65536 2478904 
65536 5531578 
65536 6687590 
65536 5945027 
65536 1773491 
65536 5755691 
65536 5229011 
65536 5317265 
65536 6180106 
65536 4797134 
65536 6073389 
65536 3152399 
65536 2710118 
65536 3293405 
65536 1972562 
65536 3769807 
65536 4148203 
65536 3352192 
65536 6238559 
65536 3904307 
65536 2204171 
65536 6272133 
65536 4384660 
65536 4870721 
65536 5452035 
65536 3167557 
65536 6870803 
65536 3742935 
65536 6402930 
65536 4677562 
65536 7198641 
65536 4030620 
65536 4028307 
65536 5246150 
65536 4188670 
65536 4708298 
65536 5031091 
65536 3601714 
65536 7610777 
65536 3804581 
65536 2415620 
65536 5100014 
65536 4372529 
65536 6141786 
65536 4457050 
65536 2646042 
65536 4921023 
65536 5421714 
65536 3017066 
65536 6311336 
65536 4589224 
65536 3543640 
65536 8203657 
65536 4997153 
65536 2067162 
65536 4003531 
65536 4595482 
65536 4360745 
65536 3870584 
65536 6754953 
65536 4677439 
65536 3514342 
65536 3904718 
65536 3185105 
65536 6677432 
65536 3174037 
65536 3231111 
65536 6567233 
65536 3276944 
65536 2506529 
65536 7204850 
65536 1493423 
65536 3273488 
65536 6569567 
65536 2960791 
65536 5137489 
65536 8654695 
65536 4553805 
65536 2581864 
65536 3758392 
65536 4403648 
65536 3678219 
65536 6643915 
65536 5275319 
65536 2989998 
65536 4587212 
65536 4965489 
65536 4804057 
65536 4735141 
65536 4437045 
65536 3904224 
65536 3276910 
65536 3210730 
65536 3365604 
65536 3228656 
65536 3406748 
65536 4524701 
65536 4809571 
65536 2653804 
65536 3367820 
65536 6318015 
65536 4575994 
65536 5157339 
65536 2541881 
65536 3864088 
65536 1914735 
65536 3493819 
65536 6266200 
65536 4942577 
65536 3269501 
65536 3510139 
65536 3071289 
65536 4347033 
65536 2397599 
65536 2990462 
65536 3630043 
65536 2325899 
65536 7607651 
65536 5745467 
65536 2336047 
65536 4428968 
65536 3140691 
65536 3628602 
65536 2539082 
65536 4501921 
65536 4244747 
65536 2198048 
65536 6496980 
65536 3202671 
65536 1996879 
65536 2944011 
65536 4504028 
65536 7587990 
65536 4638217 
65536 4634036 
65536 4862120 
65536 6057175 
65536 6087065 
65536 5734301 
65536 4473823 
65536 4605145 
65536 4250027 
65536 1997622 
65536 5920985 
65536 9212944 
65536 4291811 
65536 2949129 
65536 2467905 
65536 3434075 
65536 4854791 
65536 3418372 
65536 4332495 
65536 4166669 
65536 4110826 
65536 3678857 
65536 5090952 
65536 3766260 
65536 2732457 
65536 4640025 
65536 6528473 
65536 4615427 
65536 3217624 
65536 2935774 
65536 6137305 
65536 4081763 
65536 6656775 
65536 6392613 
65536 3417133 
65536 2497902 
65536 3905250 
65536 7036534 
65536 7007477 
65536 3445997 
65536 6002765 
65536 5813462 
65536 3753699 
65536 8876673 
65536 5096229 
65536 4643043 
65536 4239815 
65536 3827336 
65536 2591628 
65536 5311179 
65536 2245476 
65536 2185614 
65536 6169808 
65536 3185151 
65536 2290653 
65536 3962851 
65536 8692158 
65536 5287329 
65536 5074659 
65536 2804388 
65536 4784084 
65536 4909537 
65536 4801547 
65536 8106462 
65536 4778339 
65536 2587445 
65536 5130342 
65536 4913935 
65536 3802361 
65536 6680310 
65536 1727094 
65536 5953160 
65536 2919770 
65536 6360467 
65536 4542078 
65536 2879523 
65536 6865458 
65536 5992813 
65536 2317032 
65536 4486637 
65536 4494608 
65536 2781735 
65536 5204643 
65536 2997283 
65536 7525365 
65536 4217608 
65536 2719691 
65536 2418140 
65536 6870805 
65536 5070632 
65536 4878697 
65536 2697841 
65536 4029223 
65536 2972050 
65536 2674658 
65536 6162406 
65536 4713854 
65536 3197140 
65536 1963264 
65536 3708233 
65536 4434282 
65536 4143680 
65536 3900226 
65536 3110146 
65536 6256629 
65536 4432230 
65536 4733075 
65536 3311474 
65536 4728523 
65536 3520945 
65536 4517107 
65536 1885908 
65536 4304777 
65536 4297023 
65536 2370408 
65536 5530023 
65536 2129913 
65536 2971368 
65536 2287170 
65536 6267110 
65536 7128621 
65536 3717408 
65536 6412608 
65536 5393630 
65536 8856138 
65536 4594476 
65536 3139408 
65536 3721040 
65536 7080144 
65536 3440487 
65536 2489245 
65536 6488156 
65536 3163493 
65536 2522911 
65536 4293763 
65536 5112372 
65536 5216886 
65536 3900495 
65536 4448844 
65536 3679480 
65536 3077640 
65536 3142093 
65536 7167653 
65536 9786945 
65536 3244491 
65536 5045114 
65536 3250557 
65536 2049484 
65536 7105389 
65536 3393369 
65536 6294278 
65536 5983057 
65536 3012478 
65536 2710693 
65536 4340525 
65536 3938376 
65536 4618529 
65536 4674639 
65536 4892000 
65536 3855421 
65536 3099317 
65536 5421345 
65536 4940171 
65536 5201129 
65536 7125710 
65536 3351528 
65536 3632661 
65536 4594416 
65536 4025520 
65536 5187688 
65536 6059862 
65536 3762959 
65536 2592214 
65536 2659988 
65536 4969539 
65536 3493256 
65536 3501260 
65536 3412131 
65536 7975547 
65536 2784986 
65536 4295592 
65536 2894657 
65536 3404999 
65536 3232145 
65536 4295083 
65536 4973137 
65536 6423913 
65536 3503609 
65536 5243002 
65536 5352719 
65536 2908152 
65536 3560741 
65536 3648841 
65536 2285658 
65536 4487024 
65536 3653638 
65536 5810040 
65536 5360882 
65536 3701688 
65536 3806354 
65536 3960315 
65536 4045300 
65536 3272898 
65536 2590612 
65536 3265459 
65536 2456845 
65536 3063056 
65536 5692703 
65536 6247190 
65536 4907996 
65536 4778899 
65536 2833828 
65536 1469417 
65536 1933478 
65536 3970797 
65536 6148985 
65536 4457354 
65536 6122910 
65536 4485037 
65536 3038417 
65536 4431132 
65536 5855137 
65536 6187693 
65536 3646271 
65536 2767789 
65536 3099420 
65536 3115024 
65536 4256861 
65536 4439577 
65536 3348813 
65536 4261189 
65536 3862826 
65536 4715996 
65536 4276523 
65536 4409553 
65536 5533292 
65536 3875903 
65536 5482841 
65536 4713951 
65536 4954015 
65536 4430484 
65536 3160961 
65536 5897081 
65536 5382143 
65536 8271709 
65536 5919011 
65536 3003609 
65536 3491003 
65536 4401748 
65536 4302550 
65536 2334050 
65536 4914422 
65536 3258529 
65536 2029348 
65536 3465687 
65536 3692217 
65536 1769204 
65536 4540014 
65536 4134314 
65536 9028415 
65536 4699010 
65536 6550808 
65536 3360858 
65536 5565516 
65536 3095782 
65536 6550826 
65536 1806492 
65536 5276224 
65536 4110279 
65536 2220584 
65536 5863206 
65536 4664814 
65536 4407446 
65536 3854048 
65536 3185807 
65536 4749066 
65536 7036592 
65536 4314121 
65536 9151704 
65536 2423406 
65536 7115738 
65536 3854500 
65536 2463822 
65536 5231717 
65536 3379035 
65536 3189481 
65536 4109821 
65536 8552715 
65536 4066792 
65536 4105354 
65536 4128305 
65536 3320578 
65536 3702687 
65536 2233511 
65536 5703057 
65536 3435343 
65536 3858543 
65536 2576370 
65536 4416388 
65536 4738740 
65536 11039534 
65536 5691122 
65536 4372440 
65536 6845155 
65536 4399426 
65536 1228196 
65536 3725280 
65536 3857413 
65536 6816553 
65536 3732571 
65536 7686620 
65536 5143316 
65536 4576918 
65536 3217577 
65536 2439644 
65536 3145498 
65536 2827245 
65536 10984117 
65536 2733473 
65536 4514553 
65536 3616410 
65536 4154414 
65536 2695927 
65536 2932665 
65536 4354796 
65536 8211152 
65536 6890224 
65536 5394213 
65536 6842143 
65536 3834013 
65536 3831689 
65536 5064941 
65536 4417023 
65536 2562246 
65536 2417327 
65536 4880324 
65536 5679797 
65536 3253936 
65536 2024999 
65536 5342441 
65536 2935231 
65536 5732417 
65536 3845646 
65536 4713317 
65536 4729006 
65536 4394343 
65536 3461913 
65536 9363848 
65536 4237823 
65536 6483887 
65536 2635299 
65536 3950640 
65536 5209023 
65536 2135005 
65536 6570410 
65536 6294311 
65536 3421939 
65536 6382164 
65536 5991195 
65536 2743771 
65536 5040366 
65536 3080245 
65536 3029136 
65536 6465769 
65536 4346827 
65536 2932045 
65536 3594417 
65536 5204521 
65536 4211714 
65536 3429269 
65536 3280424 
65536 2882027 
65536 2095341 
65536 5774808 
65536 5640017 
65536 5197909 
65536 4938610 
65536 4419419 
65536 8135430 
65536 4766883 
65536 2562376 
65536 4207286 
65536 3047621 
65536 5914316 
65536 2574115 
65536 3587178 
65536 4627470 
65536 3778050 
65536 6713562 
65536 2659192 
65536 5226800 
65536 6196922 
65536 5144254 
65536 3000596 
65536 5440371 
65536 4066913 
65536 6131879 
65536 5469979 
65536 7082938 
65536 2870932 
65536 2799205 
65536 3497684 
65536 6159801 
65536 1852720 
65536 3123334 
65536 6043902 
65536 6293032 
65536 2543769 
65536 2988759 
65536 4573495 
65536 3421637 
65536 6068084 
65536 3245221 
65536 3185856 
65536 3156717 
65536 2341838 
65536 7467776 
65536 4459406 
65536 4354781 
65536 2441949 
65536 3353202 
65536 3820986 
65536 3426008 
65536 2549358 
65536 3013637 
65536 6818962 
65536 5140808 
65536 3321599 
65536 6581061 
65536 8114458 
65536 3022722 
65536 5014419 
65536 3422183 
65536 2920808 
65536 1266948 
65536 4309779 
65536 4845528 
65536 3712771 
65536 5909396 
65536 3203855 
65536 2612133 
65536 6465030 
65536 4073762 
65536 7641014 
65536 3214783 
65536 2378789 
65536 4427295 
65536 5031935 
65536 1960777 
65536 4478181 
65536 3470367 
65536 2431871 
65536 6487741 
65536 4897313 
65536 3345614 
65536 4679094 
65536 4609095 
65536 4480428 
65536 4345872 
65536 4902938 
65536 4361744 
65536 6752302 
65536 4845326 
65536 4368062 
65536 3779426 
65536 5342336 
65536 4622065 
65536 4636868 
65536 3297802 
65536 2175037 
65536 1366212 
65536 5845938 
65536 3264236 
65536 2184674 
65536 6273841 
65536 6549327 
65536 3002899 
65536 6634183 
65536 3468136 
65536 6375492 
65536 4466913 
65536 2458920 
65536 2517240 
65536 5058174 
65536 5061407 
65536 2635699 
65536 4205001 
65536 3469731 
65536 5281551 
65536 4684843 
65536 6235149 
65536 3487614 
65536 4293956 
65536 2531255 
65536 3823428 
65536 2983858 
65536 6502255 
65536 5279866 
65536 2744549 
65536 1964704 
65536 4070961 
65536 8584070 
65536 7754802 
65536 6393410 
65536 6210038 
65536 6573489 
65536 4348452 
65536 3176208 
65536 3436921 
65536 3848313 
65536 3908331 
65536 5223603 
65536 3300792 
65536 6560831 
65536 4337574 
65536 2351250 
65536 2529787 
65536 2961686 
65536 6753166 
65536 5693379 
65536 2833747 
65536 5210282 
65536 3967719 
65536 2751898 
65536 2904946 
65536 4675649 
65536 3910575 
65536 3653112 
65536 4700777 
65536 2110240 
65536 3923684 
65536 9262154 
65536 4447226 
65536 2355869 
65536 6915656 
65536 4068621 
65536 6058938 
65536 3353832 
65536 2984440 
65536 5944177 
65536 3860640 
65536 4730255 
65536 6385525 
65536 6790994 
65536 5834729 
65536 3149043 
65536 3138280 
65536 5349136 
65536 6604894 
65536 3117925 
65536 2254447 
65536 3911222 
65536 4044371 
65536 4779164 
65536 4518184 
65536 2940585 
65536 6123589 
65536 3403252 
65536 6013519 
65536 3079439 
65536 3943305 
65536 2355561 
65536 4244459 
65536 2888972 
65536 2694320 
65536 6955868 
65536 4619819 
65536 3107982 
65536 8934061 
65536 3296743 
65536 7344893 
65536 3503458 
65536 8426390 
65536 3455263 
65536 4657371 
65536 4142417 
65536 2738912 
65536 3064275 
65536 1900556 
65536 4666655 
65536 4176121 
65536 3850153 
65536 2887864 
65536 3989515 
65536 4552774 
65536 1797960 
65536 1345908 
65536 4571261 
65536 4885054 
65536 7731606 
65536 6728603 
65536 4789245 
65536 4820907 
65536 3848583 
65536 3969954 
65536 5567159 
65536 5922378 
65536 5940920 
65536 5077598 
65536 3779855 
65536 4639207 
65536 3334755 
65536 9541116 
65536 5698462 
65536 5457358 
65536 2518260 
65536 4556357 
65536 4656630 
65536 5490549 
65536 3509999 
65536 4237960 
65536 6815651 
65536 3887299 
65536 3302690 
65536 5578835 
65536 3943983 
65536 5823719 
65536 3315137 
65536 4737546 
65536 5405311 
65536 5869437 
65536 5105087 
65536 4934822 
65536 4882069 
65536 1950905 
65536 2785437 
65536 3541520 
65536 4289439 
65536 4106433 
65536 2301936 
65536 6653185 
65536 5041873 
65536 1997506 
65536 6605202 
65536 5941559 
65536 4356309 
65536 6413078 
65536 5246256 
65536 2871455 
65536 6483149 
65536 3875760 
65536 3402766 
65536 4608812 
65536 4216458 
65536 2982768 
65536 9279632 
65536 2512355 
65536 3880239 
65536 5669584 
65536 3792685 
65536 4716032 
65536 4262697 
65536 3200846 
65536 4190973 
65536 4487460 
65536 4308621 
65536 3297445 
65536 3905666 
65536 4517404 
65536 4932704 
65536 3967529 
65536 3281606 
65536 2678368 
65536 5231360 
65536 3530064 
65536 2878644 
65536 2532263 
65536 2282775 
65536 5399043 
65536 4791541 
65536 4094012 
65536 4177524 
65536 6508326 
65536 4377948 
65536 4680613 
65536 4188368 
65536 4482017 
65536 2292560 
65536 5444557 
65536 8892178 
65536 5154869 
65536 4408714 
65536 5138157 
65536 3577594 
65536 4125744 
65536 4342584 
65536 4679303 
65536 3033422 
65536 6215596 
65536 2568476 
65536 4260263 
65536 7086234 
65536 5578961 
65536 6707294 
65536 3544720 
65536 6592931 
65536 3786187 
65536 6452427 
65536 2956024 
65536 2475755 
65536 2346595 
65536 4577201 
65536 3986810 
65536 5847282 
65536 5094328 
65536 2865517 
65536 4492105 
65536 2208310 
65536 4269341 
65536 2937148 
65536 2659208 
65536 3245882 
65536 2632126 
65536 3907882 
65536 3432761 
65536 5055644 
65536 4438060 
65536 7067117 
65536 4694716 
65536 3424452 
65536 6353856 
65536 3908329 
