32768 2926762 
32768 5181978 
32768 5369365 
32768 3061621 
32768 3290058 
32768 3098565 
32768 2758577 
32768 2674065 
32768 5337355 
32768 7388479 
32768 6201203 
32768 4734445 
32768 4198118 
32768 4593938 
32768 6508339 
32768 4649380 
32768 4484660 
32768 4640703 
32768 7035658 
32768 3772270 
32768 6378411 
32768 9278603 
32768 7285772 
32768 7668559 
32768 5184438 
32768 3385650 
32768 2203030 
32768 6486195 
32768 8876335 
32768 6343487 
32768 3052395 
32768 9062405 
32768 4072903 
32768 8588885 
32768 5026936 
32768 2907699 
32768 6878320 
32768 3318093 
32768 5685890 
32768 1993194 
32768 2653663 
32768 3534958 
32768 4143294 
32768 6845230 
32768 4614500 
32768 4818107 
32768 5168762 
32768 5309343 
32768 1356850 
32768 10065987 
32768 7074539 
32768 2489144 
32768 2309871 
32768 3604669 
32768 3136049 
32768 5812078 
32768 3489459 
32768 5193814 
32768 3344148 
32768 6150095 
32768 4451495 
32768 7512198 
32768 6631656 
32768 6599593 
32768 6220147 
32768 3977730 
32768 2644674 
32768 3580872 
32768 3454297 
32768 5075749 
32768 2942181 
32768 4117512 
32768 2172917 
32768 2784163 
32768 3798606 
32768 2668518 
32768 5145161 
32768 4933765 
32768 3221869 
32768 1928487 
32768 4866447 
32768 4449444 
32768 4361719 
32768 6825165 
32768 4573392 
32768 3309917 
32768 3219754 
32768 3286651 
32768 3168537 
32768 6363467 
32768 7328839 
32768 4815151 
32768 4408993 
32768 7193825 
32768 5020841 
32768 4442538 
32768 6293352 
32768 6600218 
32768 5029906 
32768 4355028 
32768 4492158 
32768 4112213 
32768 4885539 
32768 7114882 
32768 4991100 
32768 3262675 
32768 5066301 
32768 6209176 
32768 2585230 
32768 2683955 
32768 5118582 
32768 2128624 
32768 3509958 
32768 5065290 
32768 4833806 
32768 3182123 
32768 6314951 
32768 5220365 
32768 4745718 
32768 2904982 
32768 4302146 
32768 5465003 
32768 3362423 
32768 5401773 
32768 3057911 
32768 4442948 
32768 2847635 
32768 5175167 
32768 3524859 
32768 4092314 
32768 3416268 
32768 6226663 
32768 5169343 
32768 4815160 
32768 3218422 
32768 3266593 
32768 7270096 
32768 5337167 
32768 7450329 
32768 4357957 
32768 3868492 
32768 3373552 
32768 7603946 
32768 6405288 
32768 3513520 
32768 2557793 
32768 4166980 
32768 6471585 
32768 4967987 
32768 1814183 
32768 6661043 
32768 5477375 
32768 5243766 
32768 7097857 
32768 4765711 
32768 5286096 
32768 3247118 
32768 2758472 
32768 3270308 
32768 1926830 
32768 3618946 
32768 3901042 
32768 3457643 
32768 6983438 
32768 4712307 
32768 2098851 
32768 6697629 
32768 4445519 
32768 4926813 
32768 6279029 
32768 3155595 
32768 6122138 
32768 2915739 
32768 5088490 
32768 4672631 
32768 8156491 
32768 4104162 
32768 4873743 
32768 4359917 
32768 3441013 
32768 5879233 
32768 5106214 
32768 3060340 
32768 7030867 
32768 4174186 
32768 2462556 
32768 4890763 
32768 4911001 
32768 6505545 
32768 4316997 
32768 2951660 
32768 4639553 
32768 6599465 
32768 2437586 
32768 5604145 
32768 4676332 
32768 3616705 
32768 7284565 
32768 5779704 
32768 1946370 
32768 3978745 
32768 4973279 
32768 4737888 
32768 4762542 
32768 6765619 
32768 5278714 
32768 3279045 
32768 4510163 
32768 3386275 
32768 6993048 
32768 3420284 
32768 3336144 
32768 7577491 
32768 3422046 
32768 2531811 
32768 7279932 
32768 1628963 
32768 3458843 
32768 6693721 
32768 3234721 
32768 5177728 
32768 9000918 
32768 4473994 
32768 3311516 
32768 4481062 
32768 4303846 
32768 3650930 
32768 6622904 
32768 6348194 
32768 3024781 
32768 4446188 
32768 4746947 
32768 4995730 
32768 5129998 
32768 4291018 
32768 3951655 
32768 2819472 
32768 2395940 
32768 3460493 
32768 3434613 
32768 4241820 
32768 4760318 
32768 4649191 
32768 2871549 
32768 3187032 
32768 6402326 
32768 4888541 
32768 4881529 
32768 3512834 
32768 3859751 
32768 1978201 
32768 3727582 
32768 5877379 
32768 4233903 
32768 3737181 
32768 4477996 
32768 3378253 
32768 5334113 
32768 2574963 
32768 2850456 
32768 3833208 
32768 3301614 
32768 8378110 
32768 5483379 
32768 3164235 
32768 4854332 
32768 3222487 
32768 3888327 
32768 2719902 
32768 4724966 
32768 4282856 
32768 3134619 
32768 6183074 
32768 3522456 
32768 2300690 
32768 3199759 
32768 4450468 
32768 6777925 
32768 4783742 
32768 4428504 
32768 4891211 
32768 4621338 
32768 6869584 
32768 5332348 
32768 4531274 
32768 4419061 
32768 4613038 
32768 5260148 
32768 5811172 
32768 8838191 
32768 4907094 
32768 3698873 
32768 3099154 
32768 3388482 
32768 5002455 
32768 3544130 
32768 5018940 
32768 3217559 
32768 4405549 
32768 4899624 
32768 5086614 
32768 3710380 
32768 2933694 
32768 4999089 
32768 7343353 
32768 4747931 
32768 3132191 
32768 2978715 
32768 6846213 
32768 3928070 
32768 7106370 
32768 6495839 
32768 3571525 
32768 1983174 
32768 3989183 
32768 7546992 
32768 7222681 
32768 3274517 
32768 7198796 
32768 6646709 
32768 3710259 
32768 9302241 
32768 5536836 
32768 4736267 
32768 5092108 
32768 3265418 
32768 2651569 
32768 5056626 
32768 3165037 
32768 2014608 
32768 6146718 
32768 3139324 
32768 2475026 
32768 4903715 
32768 8674091 
32768 5324111 
32768 4576710 
32768 2989834 
32768 4549027 
32768 4832495 
32768 4575291 
32768 8738438 
32768 5175987 
32768 2554659 
32768 5316880 
32768 4891831 
32768 5192132 
32768 6694610 
32768 1517288 
32768 4571908 
32768 3423877 
32768 6411262 
32768 4802609 
32768 3003841 
32768 6829699 
32768 5437204 
32768 3202706 
32768 4637336 
32768 4776180 
32768 3411023 
32768 4595072 
32768 2949779 
32768 6664318 
32768 4500482 
32768 2738079 
32768 2461243 
32768 7271226 
32768 5051479 
32768 4885916 
32768 3272645 
32768 5060719 
32768 2966367 
32768 2785709 
32768 6559793 
32768 4057967 
32768 3269612 
32768 2489213 
32768 3141141 
32768 4468079 
32768 3330667 
32768 3880986 
32768 3103687 
32768 7377290 
32768 4258487 
32768 4220209 
32768 2949786 
32768 4823770 
32768 3580848 
32768 4740342 
32768 1896056 
32768 4566705 
32768 4615812 
32768 3218659 
32768 6038444 
32768 2432345 
32768 3170096 
32768 2273031 
32768 7488526 
32768 6268561 
32768 4291427 
32768 5601327 
32768 4905152 
32768 8554491 
32768 4550303 
32768 3202557 
32768 3951025 
32768 7446354 
32768 3435530 
32768 2490649 
32768 7686244 
32768 2509694 
32768 2872377 
32768 4214879 
32768 5865970 
32768 5344247 
32768 3277211 
32768 3586545 
32768 4069250 
32768 3762785 
32768 3392645 
32768 7263782 
32768 9965005 
32768 3229322 
32768 4651084 
32768 3237999 
32768 2539134 
32768 7061222 
32768 3186726 
32768 7125099 
32768 7013819 
32768 3015831 
32768 2808163 
32768 3718873 
32768 3726643 
32768 4568971 
32768 4886301 
32768 5059283 
32768 4837356 
32768 3286261 
32768 5051658 
32768 5222628 
32768 5138256 
32768 7486117 
32768 3378909 
32768 3926753 
32768 4756284 
32768 4664394 
32768 6047915 
32768 5333547 
32768 4138044 
32768 2794781 
32768 2698656 
32768 6168003 
32768 3907124 
32768 3445855 
32768 3465314 
32768 7544295 
32768 2915520 
32768 4755290 
32768 2916933 
32768 3379740 
32768 2426747 
32768 4741345 
32768 4654255 
32768 7092679 
32768 3073687 
32768 5321428 
32768 5239293 
32768 2772886 
32768 4037226 
32768 3609803 
32768 2293654 
32768 5153874 
32768 3781569 
32768 6865698 
32768 6940346 
32768 3804034 
32768 3365939 
32768 4699487 
32768 5212067 
32768 2386581 
32768 2616681 
32768 3128140 
32768 2615381 
32768 3142686 
32768 6593358 
32768 6787060 
32768 5557531 
32768 5060195 
32768 2893533 
32768 1508712 
32768 1907588 
32768 4156936 
32768 5257990 
32768 3162044 
32768 6372310 
32768 4351868 
32768 3639787 
32768 5004517 
32768 6270273 
32768 6577233 
32768 3680417 
32768 2926529 
32768 2243159 
32768 3362256 
32768 5188787 
32768 4793354 
32768 3014680 
32768 5360239 
32768 4426089 
32768 4931296 
32768 3537679 
32768 3954642 
32768 6521757 
32768 3966096 
32768 5953620 
32768 5104057 
32768 6004737 
32768 5167196 
32768 3283857 
32768 4952446 
32768 4833245 
32768 8965734 
32768 6171121 
32768 3181400 
32768 3553446 
32768 5028042 
32768 3634377 
32768 2389701 
32768 4621270 
32768 3380450 
32768 3015545 
32768 3257744 
32768 3543396 
32768 2181341 
32768 4386660 
32768 3414792 
32768 9815485 
32768 5609661 
32768 7175447 
32768 3972490 
32768 5978711 
32768 3125964 
32768 6687199 
32768 2146177 
32768 5263567 
32768 4201359 
32768 2308501 
32768 5936461 
32768 4533474 
32768 4748785 
32768 4813832 
32768 3364637 
32768 4604340 
32768 6325455 
32768 4590274 
32768 9786497 
32768 2257378 
32768 8303774 
32768 3945184 
32768 2818044 
32768 6410454 
32768 3366762 
32768 3917953 
32768 4049509 
32768 9145575 
32768 5401827 
32768 3996926 
32768 4373322 
32768 3314392 
32768 4319294 
32768 2307471 
32768 6613391 
32768 3626779 
32768 3975819 
32768 2700882 
32768 5271213 
32768 3853910 
32768 11280701 
32768 5906132 
32768 3623935 
32768 6653254 
32768 3942608 
32768 1243078 
32768 3949545 
32768 4036871 
32768 6054394 
32768 4681762 
32768 7339706 
32768 6132466 
32768 4485421 
32768 3368683 
32768 2973260 
32768 3632719 
32768 2996981 
32768 11584861 
32768 2866529 
32768 4366792 
32768 3547474 
32768 4205430 
32768 2646654 
32768 3197685 
32768 5077435 
32768 7809894 
32768 6963173 
32768 5079538 
32768 6999901 
32768 3918561 
32768 3887562 
32768 4665581 
32768 4117640 
32768 2797867 
32768 2597547 
32768 4687895 
32768 5108811 
32768 3811632 
32768 2049503 
32768 6105121 
32768 2999630 
32768 5948809 
32768 4030475 
32768 4527362 
32768 4444171 
32768 5154295 
32768 3990578 
32768 10312947 
32768 4901601 
32768 6763310 
32768 3524644 
32768 4970065 
32768 5824500 
32768 2165506 
32768 6472879 
32768 6603964 
32768 3475449 
32768 6527527 
32768 7168858 
32768 2667113 
32768 4613593 
32768 2945707 
32768 3220829 
32768 6602384 
32768 4583133 
32768 3482547 
32768 4099736 
32768 5307988 
32768 4092355 
32768 3387735 
32768 3395826 
32768 3413354 
32768 2064761 
32768 6439398 
32768 6845583 
32768 4952590 
32768 4339830 
32768 4517452 
32768 8169595 
32768 4377933 
32768 2619153 
32768 4232040 
32768 3308204 
32768 7156099 
32768 2821557 
32768 3013259 
32768 5003627 
32768 3713097 
32768 5924810 
32768 2717028 
32768 5863137 
32768 6592526 
32768 5280600 
32768 3669270 
32768 5781612 
32768 4405902 
32768 6202961 
32768 5000289 
32768 7401555 
32768 3381426 
32768 2810913 
32768 3522914 
32768 5179873 
32768 1938637 
32768 3343670 
32768 6958271 
32768 5259283 
32768 2577278 
32768 2903727 
32768 4261323 
32768 3369181 
32768 5192621 
32768 3339808 
32768 3392064 
32768 3223928 
32768 2809384 
32768 7536601 
32768 4384961 
32768 3588126 
32768 3354091 
32768 2881040 
32768 3791167 
32768 3309796 
32768 3089110 
32768 3324404 
32768 6692529 
32768 5245601 
32768 3528654 
32768 6935117 
32768 7213862 
32768 3333130 
32768 5143193 
32768 3228754 
32768 2884149 
32768 1277888 
32768 4246877 
32768 4102822 
32768 3657514 
32768 5788344 
32768 4049937 
32768 2612840 
32768 6401839 
32768 4144770 
32768 8061896 
32768 3193133 
32768 2674458 
32768 3391304 
32768 4579076 
32768 2419375 
32768 4013511 
32768 4573522 
32768 2481149 
32768 6898819 
32768 5679163 
32768 3422346 
32768 5876673 
32768 4478899 
32768 4653574 
32768 3642204 
32768 4939251 
32768 4296654 
32768 5917598 
32768 5624308 
32768 3815622 
32768 3714552 
32768 5988379 
32768 4592050 
32768 4514829 
32768 3198225 
32768 2453808 
32768 1397140 
32768 6830694 
32768 3164932 
32768 2230808 
32768 5959689 
32768 6078747 
32768 3171727 
32768 6876168 
32768 3193337 
32768 6387243 
32768 4502179 
32768 2476191 
32768 2370794 
32768 5389313 
32768 4827209 
32768 3239108 
32768 3798160 
32768 3540769 
32768 5985401 
32768 5110134 
32768 5239734 
32768 4089867 
32768 4442515 
32768 2889111 
32768 4950878 
32768 2967801 
32768 7170999 
32768 4620636 
32768 3074319 
32768 2416499 
32768 4424479 
32768 8978103 
32768 7585447 
32768 7504661 
32768 6095581 
32768 6754278 
32768 4016660 
32768 3296217 
32768 3678249 
32768 4645412 
32768 4115175 
32768 5789488 
32768 3667751 
32768 6025589 
32768 4683559 
32768 2450204 
32768 2555336 
32768 2936089 
32768 6777193 
32768 6363265 
32768 2816798 
32768 4243597 
32768 3850146 
32768 3323479 
32768 2988919 
32768 4797740 
32768 4249162 
32768 3615951 
32768 5536140 
32768 2399827 
32768 4205220 
32768 9621949 
32768 4227393 
32768 3361328 
32768 5866292 
32768 4270139 
32768 6428696 
32768 3836607 
32768 2941852 
32768 7312958 
32768 5034441 
32768 4491848 
32768 6373083 
32768 6339120 
32768 6198906 
32768 3141447 
32768 3314350 
32768 5392135 
32768 6198113 
32768 3061075 
32768 2276260 
32768 4147923 
32768 4798386 
32768 4591009 
32768 3727538 
32768 3382386 
32768 6136939 
32768 4305681 
32768 5113347 
32768 3148173 
32768 3895114 
32768 2213637 
32768 4086415 
32768 2702184 
32768 2852429 
32768 7976122 
32768 3771564 
32768 2943536 
32768 8154241 
32768 3586857 
32768 7242916 
32768 3355430 
32768 4457258 
32768 3144834 
32768 5089676 
32768 4277652 
32768 2982730 
32768 3085322 
32768 2138263 
32768 4652108 
32768 4255965 
32768 4599433 
32768 2922562 
32768 4208447 
32768 4524354 
32768 2209174 
32768 1312724 
32768 4450089 
32768 5798989 
32768 7775290 
32768 6806588 
32768 5051000 
32768 5206729 
32768 3968341 
32768 4400091 
32768 5843668 
32768 5882378 
32768 5928865 
32768 5608096 
32768 3703513 
32768 4423843 
32768 3190869 
32768 10215016 
32768 5788264 
32768 5302640 
32768 2733274 
32768 4969249 
32768 4800780 
32768 5159295 
32768 3509617 
32768 4883490 
32768 5830587 
32768 3819633 
32768 3234440 
32768 5039300 
32768 4181659 
32768 5638466 
32768 2433419 
32768 5302825 
32768 4192916 
32768 7071639 
32768 5446388 
32768 4769031 
32768 4813219 
32768 1942673 
32768 2947794 
32768 3697729 
32768 5165217 
32768 4474780 
32768 3344243 
32768 6257519 
32768 5439716 
32768 9042622 
32768 6340683 
32768 6958547 
32768 4360798 
32768 4254796 
32768 5468260 
32768 3036060 
32768 6542990 
32768 3447874 
32768 3311697 
32768 4553652 
32768 4159716 
32768 3001245 
32768 10182806 
32768 2665585 
32768 4054662 
32768 6453543 
32768 3654809 
32768 4805113 
32768 4750682 
32768 3396048 
32768 3931327 
32768 3591513 
32768 4234511 
32768 3350276 
32768 4211504 
32768 4171042 
32768 4772780 
32768 4214776 
32768 2637789 
32768 2771049 
32768 4769185 
32768 4550862 
32768 2995322 
32768 2963665 
32768 2344670 
32768 5293114 
32768 4533858 
32768 3950389 
32768 4216128 
32768 6120548 
32768 4681584 
32768 4989027 
32768 4587540 
32768 4446761 
32768 2625866 
32768 5036979 
32768 7548499 
32768 5434309 
32768 3722248 
32768 5911373 
32768 4182807 
32768 4024170 
32768 4144245 
32768 4639017 
32768 3325508 
32768 5976035 
32768 3371100 
32768 4287265 
32768 6793026 
32768 6098545 
32768 7378655 
32768 3514830 
32768 6438566 
32768 4399737 
32768 6126860 
32768 3293205 
32768 2553138 
32768 2539824 
32768 4981017 
32768 4232291 
32768 5056126 
32768 6000490 
32768 3367860 
32768 5019002 
32768 2645677 
32768 3662324 
32768 3040620 
32768 3835896 
32768 3396936 
32768 2658798 
32768 3993346 
32768 3202993 
32768 5013300 
32768 4004221 
32768 7536274 
32768 4654507 
32768 3207966 
32768 5414489 
32768 3901450 
