32768 2832123 
32768 5333238 
32768 5348492 
32768 3087543 
32768 3505962 
32768 2704627 
32768 2646653 
32768 2610693 
32768 5256499 
32768 6792336 
32768 6266392 
32768 5090461 
32768 4393977 
32768 3590798 
32768 7193710 
32768 3721924 
32768 4629400 
32768 5204298 
32768 7183105 
32768 3743235 
32768 6432925 
32768 8949679 
32768 7597754 
32768 7286611 
32768 5283058 
32768 3327917 
32768 2466791 
32768 5235596 
32768 9190623 
32768 6599234 
32768 3135109 
32768 8335145 
32768 3954357 
32768 8747014 
32768 3780204 
32768 3168014 
32768 6691432 
32768 3173338 
32768 6025917 
32768 1969885 
32768 2924305 
32768 3533606 
32768 5229367 
32768 7525411 
32768 3959714 
32768 5283014 
32768 5175153 
32768 4884514 
32768 1280297 
32768 10442230 
32768 6779093 
32768 3432100 
32768 2014128 
32768 3640687 
32768 3296661 
32768 4663546 
32768 3448282 
32768 4905597 
32768 3569921 
32768 6685243 
32768 4496864 
32768 7301506 
32768 6656703 
32768 6100245 
32768 5121069 
32768 3801253 
32768 2691725 
32768 3602159 
32768 3520629 
32768 7686757 
32768 2779035 
32768 4166042 
32768 2184970 
32768 3753134 
32768 3886016 
32768 2659706 
32768 4867763 
32768 4211310 
32768 2225388 
32768 2315406 
32768 4857984 
32768 4497471 
32768 4403896 
32768 6942712 
32768 4504439 
32768 3651137 
32768 3380676 
32768 3438041 
32768 3290501 
32768 6235346 
32768 6847685 
32768 4688885 
32768 4223085 
32768 6332638 
32768 4912238 
32768 4411350 
32768 6109534 
32768 7074028 
32768 5463310 
32768 4758772 
32768 4551015 
32768 4233908 
32768 4712476 
32768 6238147 
32768 4913920 
32768 3261432 
32768 4961089 
32768 6515603 
32768 2790114 
32768 2852450 
32768 5171608 
32768 2086470 
32768 2748842 
32768 5251001 
32768 4757534 
32768 3336856 
32768 6683725 
32768 5108589 
32768 4867091 
32768 3548660 
32768 4387378 
32768 6155380 
32768 4215221 
32768 5272914 
32768 2699294 
32768 4837085 
32768 2719893 
32768 5066446 
32768 3606953 
32768 3296018 
32768 3465418 
32768 7010925 
32768 5061932 
32768 4842168 
32768 3155641 
32768 3148872 
32768 6981882 
32768 5299430 
32768 7256636 
32768 4358027 
32768 3470012 
32768 3320933 
32768 6664191 
32768 6363744 
32768 3398702 
32768 2606211 
32768 4177021 
32768 5677497 
32768 4796275 
32768 1898488 
32768 6052265 
32768 5274697 
32768 5297622 
32768 6649071 
32768 4831220 
32768 5243181 
32768 3464159 
32768 2691390 
32768 3183111 
32768 2085231 
32768 4752720 
32768 4788384 
32768 3386305 
32768 6476321 
32768 4807633 
32768 2002726 
32768 6818114 
32768 4566757 
32768 6453836 
32768 5957461 
32768 3189091 
32768 7149634 
32768 3079879 
32768 5580786 
32768 4496454 
32768 8382997 
32768 4912695 
32768 3930299 
32768 4418523 
32768 3860593 
32768 4165950 
32768 4458755 
32768 3253884 
32768 6811682 
32768 4144326 
32768 2876321 
32768 4768314 
32768 5253363 
32768 5559790 
32768 4505010 
32768 2769853 
32768 4689541 
32768 7060531 
32768 2296126 
32768 6178127 
32768 4637745 
32768 3530682 
32768 7214069 
32768 5068786 
32768 2035895 
32768 4544974 
32768 4862269 
32768 4439732 
32768 3839750 
32768 6478104 
32768 4855188 
32768 3406054 
32768 4954353 
32768 3437107 
32768 7924125 
32768 3307445 
32768 3400492 
32768 7360172 
32768 3328176 
32768 2519127 
32768 8158292 
32768 1573981 
32768 3550748 
32768 6930425 
32768 2938017 
32768 5271088 
32768 8768306 
32768 3725034 
32768 2766279 
32768 3761553 
32768 4402741 
32768 3829019 
32768 7585945 
32768 5092873 
32768 3249001 
32768 4806552 
32768 4671944 
32768 4649164 
32768 4546130 
32768 4474725 
32768 4833013 
32768 2727894 
32768 3430207 
32768 3267887 
32768 3351458 
32768 3388751 
32768 4545538 
32768 4656565 
32768 2922170 
32768 3381135 
32768 7355339 
32768 4535692 
32768 5846184 
32768 2707987 
32768 3934949 
32768 1949212 
32768 3670665 
32768 6189942 
32768 4489274 
32768 2523108 
32768 4060887 
32768 3119392 
32768 5445990 
32768 2354201 
32768 3075496 
32768 4573450 
32768 2252275 
32768 7289114 
32768 6253924 
32768 2201296 
32768 5018219 
32768 3215494 
32768 3944249 
32768 3105765 
32768 5445400 
32768 4084040 
32768 2560897 
32768 6484918 
32768 3199393 
32768 2191533 
32768 2965941 
32768 4445827 
32768 6895125 
32768 4493081 
32768 4561022 
32768 4951889 
32768 3651237 
32768 6839623 
32768 5460795 
32768 4751225 
32768 4568529 
32768 4056603 
32768 2120096 
32768 5486302 
32768 9734558 
32768 3670825 
32768 3183148 
32768 3078439 
32768 3378374 
32768 5815273 
32768 4132682 
32768 4845130 
32768 3531017 
32768 3815482 
32768 4684903 
32768 5084280 
32768 3278816 
32768 3362881 
32768 5159689 
32768 6464810 
32768 4969773 
32768 3256019 
32768 3525207 
32768 6219883 
32768 4863567 
32768 6817371 
32768 6354312 
32768 3545143 
32768 1834628 
32768 3917015 
32768 8084980 
32768 7329474 
32768 3268005 
32768 6739922 
32768 6662328 
32768 4027559 
32768 9183393 
32768 5221201 
32768 5177704 
32768 4713208 
32768 3418996 
32768 2525835 
32768 4926584 
32768 3175412 
32768 2301617 
32768 5606678 
32768 3901990 
32768 2593188 
32768 3954514 
32768 8770195 
32768 6032170 
32768 4533529 
32768 2765553 
32768 4663228 
32768 6131232 
32768 4542887 
32768 8510791 
32768 3941307 
32768 2857850 
32768 5064873 
32768 4838542 
32768 4548769 
32768 7535767 
32768 1791959 
32768 5312988 
32768 3040799 
32768 6338626 
32768 4697052 
32768 2903436 
32768 7764056 
32768 5046972 
32768 2765544 
32768 4549808 
32768 4004149 
32768 3015241 
32768 4492967 
32768 3114593 
32768 6253976 
32768 4278211 
32768 2865183 
32768 2591105 
32768 7342465 
32768 6360538 
32768 4764916 
32768 2715333 
32768 4859932 
32768 3000853 
32768 2822456 
32768 6292479 
32768 4039071 
32768 3122986 
32768 1973750 
32768 3097233 
32768 3640594 
32768 3602621 
32768 4050633 
32768 3597435 
32768 7114004 
32768 5293904 
32768 4227708 
32768 3009303 
32768 4524123 
32768 3795804 
32768 4567488 
32768 1927563 
32768 5247744 
32768 4296848 
32768 2263906 
32768 6067091 
32768 2053703 
32768 2907045 
32768 2549373 
32768 6673521 
32768 6443388 
32768 4493134 
32768 6099838 
32768 5080373 
32768 7469491 
32768 4466317 
32768 2935923 
32768 3921753 
32768 7149022 
32768 3796428 
32768 2516925 
32768 6637074 
32768 2543792 
32768 2570541 
32768 4169475 
32768 5089811 
32768 5131659 
32768 3135006 
32768 4414154 
32768 3946586 
32768 3136005 
32768 2761024 
32768 7257633 
32768 9125560 
32768 3313337 
32768 4937966 
32768 3185093 
32768 2400613 
32768 7299976 
32768 3248963 
32768 6803286 
32768 6384902 
32768 3038793 
32768 2940434 
32768 3527923 
32768 3652440 
32768 4752352 
32768 4666066 
32768 4680265 
32768 3758101 
32768 3074769 
32768 6128404 
32768 5440660 
32768 5321675 
32768 6406173 
32768 3131397 
32768 4180174 
32768 4721793 
32768 4582464 
32768 5177540 
32768 5385955 
32768 4861714 
32768 2804973 
32768 2754481 
32768 6074470 
32768 3649470 
32768 3502179 
32768 2986992 
32768 7286497 
32768 3148185 
32768 4297433 
32768 2897443 
32768 3575475 
32768 2501724 
32768 4420691 
32768 4681729 
32768 6776561 
32768 2800520 
32768 5401695 
32768 5265818 
32768 2764966 
32768 3479506 
32768 4190499 
32768 2445182 
32768 4953525 
32768 3366431 
32768 5798244 
32768 5820516 
32768 3802626 
32768 3377146 
32768 3734247 
32768 4206312 
32768 2530797 
32768 2600714 
32768 3808817 
32768 2420610 
32768 3043491 
32768 6632571 
32768 6044269 
32768 5647534 
32768 4731068 
32768 3010481 
32768 1515717 
32768 2006548 
32768 3746535 
32768 5481818 
32768 3862276 
32768 6534775 
32768 4201087 
32768 3069387 
32768 4339337 
32768 6313182 
32768 6751204 
32768 4188925 
32768 3090577 
32768 2566684 
32768 3254161 
32768 4345419 
32768 4538135 
32768 2640070 
32768 4964318 
32768 4230985 
32768 5057376 
32768 3441448 
32768 4184526 
32768 5878130 
32768 3953021 
32768 6128698 
32768 4826530 
32768 5083824 
32768 4479927 
32768 3267779 
32768 5728342 
32768 5963124 
32768 8699426 
32768 5910223 
32768 3121399 
32768 4037034 
32768 4407259 
32768 3669281 
32768 2477253 
32768 4145328 
32768 3081006 
32768 2209378 
32768 3426246 
32768 2829896 
32768 1819982 
32768 4978871 
32768 3996223 
32768 9837561 
32768 4905175 
32768 6941488 
32768 3370990 
32768 4819855 
32768 3104661 
32768 7287702 
32768 1865577 
32768 6634632 
32768 3962742 
32768 2284610 
32768 5953972 
32768 4469204 
32768 4562117 
32768 4514130 
32768 3268575 
32768 4564105 
32768 6386311 
32768 5370353 
32768 8752904 
32768 2361777 
32768 6620240 
32768 4112653 
32768 2950619 
32768 6250335 
32768 3372752 
32768 3535209 
32768 4755633 
32768 8634141 
32768 5011023 
32768 4003734 
32768 4089156 
32768 3393334 
32768 3921844 
32768 2461987 
32768 5790052 
32768 3649627 
32768 3751992 
32768 2552376 
32768 4570515 
32768 4307286 
32768 10365565 
32768 6253188 
32768 3811881 
32768 7383468 
32768 3548088 
32768 1099972 
32768 4097752 
32768 3934796 
32768 6441070 
32768 4351750 
32768 7823168 
32768 5154086 
32768 4594120 
32768 3495606 
32768 2568120 
32768 2923679 
32768 2767148 
32768 11058087 
32768 2554892 
32768 4531962 
32768 3615577 
32768 5370390 
32768 2837567 
32768 3348713 
32768 4333177 
32768 8591723 
32768 6900329 
32768 5696404 
32768 7158547 
32768 3930553 
32768 4134190 
32768 4938431 
32768 4937157 
32768 3503986 
32768 2577081 
32768 4540376 
32768 5064392 
32768 3530783 
32768 2113285 
32768 5372150 
32768 3218902 
32768 5167565 
32768 3694051 
32768 4378078 
32768 3765260 
32768 5480832 
32768 3801606 
32768 9797510 
32768 4147572 
32768 5843043 
32768 2426518 
32768 4016781 
32768 5317563 
32768 2238956 
32768 7631963 
32768 6095702 
32768 3962313 
32768 7331383 
32768 6405945 
32768 2586583 
32768 3966979 
32768 2947427 
32768 2884379 
32768 5927823 
32768 3509056 
32768 2986395 
32768 3398972 
32768 5817711 
32768 5081588 
32768 3923617 
32768 3375470 
32768 3292557 
32768 2339646 
32768 6462079 
32768 6523777 
32768 6220068 
32768 5127535 
32768 4718526 
32768 10405658 
32768 4420747 
32768 2844535 
32768 4359747 
32768 3211208 
32768 6695736 
32768 2659447 
32768 3153036 
32768 4604761 
32768 3506266 
32768 6981874 
32768 2624616 
32768 4852728 
32768 6519452 
32768 4987934 
32768 3396117 
32768 5496664 
32768 4268957 
32768 6586063 
32768 4427202 
32768 6709031 
32768 3047358 
32768 2988310 
32768 3721114 
32768 5306231 
32768 1910324 
32768 3203940 
32768 6295812 
32768 5475922 
32768 2596253 
32768 2663885 
32768 4370157 
32768 3499936 
32768 5273333 
32768 3516526 
32768 2973362 
32768 3414785 
32768 3386104 
32768 8573602 
32768 4331162 
32768 3765746 
32768 3434140 
32768 2487797 
32768 4024964 
32768 3438394 
32768 2336603 
32768 3258596 
32768 6996518 
32768 5161699 
32768 4053308 
32768 6021212 
32768 8188523 
32768 3413705 
32768 4931853 
32768 3310056 
32768 2695714 
32768 1433191 
32768 4351055 
32768 4156756 
32768 3767409 
32768 5203361 
32768 4273300 
32768 3240464 
32768 7372494 
32768 4299015 
32768 7174743 
32768 3690587 
32768 2966543 
32768 3699361 
32768 4926909 
32768 2140833 
32768 3919972 
32768 3494980 
32768 2490772 
32768 6375618 
32768 6303625 
32768 3487215 
32768 5540324 
32768 4817271 
32768 5149331 
32768 3663181 
32768 3906968 
32768 4521906 
32768 5570891 
32768 5356866 
32768 3591156 
32768 4757822 
32768 5426091 
32768 4776792 
32768 4562545 
32768 3341665 
32768 2211321 
32768 1610564 
32768 6103515 
32768 3220128 
32768 2403002 
32768 6491583 
32768 6390963 
32768 3237241 
32768 7077551 
32768 3426244 
32768 6148976 
32768 4195663 
32768 2870612 
32768 2591248 
32768 5948626 
32768 4788209 
32768 2960408 
32768 4465742 
32768 3268703 
32768 6157262 
32768 4877487 
32768 6347423 
32768 3623521 
32768 4464238 
32768 2963722 
32768 3746154 
32768 2954493 
32768 6801666 
32768 4490455 
32768 2670072 
32768 1946439 
32768 5360499 
32768 9397655 
32768 7674307 
32768 5473568 
32768 6409302 
32768 6858252 
32768 4321612 
32768 3120323 
32768 3680233 
32768 4295003 
32768 4592631 
32768 5397652 
32768 3304738 
32768 7111496 
32768 4606374 
32768 2648706 
32768 2364832 
32768 2886253 
32768 6468646 
32768 5904255 
32768 2964718 
32768 4561501 
32768 3951495 
32768 2807364 
32768 3306719 
32768 4448175 
32768 3884896 
32768 3593430 
32768 4773228 
32768 2397026 
32768 4011545 
32768 10107314 
32768 4274416 
32768 2235223 
32768 6636399 
32768 4669533 
32768 6187704 
32768 3468614 
32768 2954585 
32768 5992660 
32768 4524382 
32768 5364331 
32768 5737277 
32768 6514543 
32768 6084986 
32768 3233233 
32768 3069452 
32768 5395545 
32768 6852916 
32768 3424682 
32768 2059715 
32768 3837370 
32768 4678499 
32768 4565339 
32768 3922767 
32768 2973799 
32768 5813246 
32768 3351795 
32768 5130501 
32768 3001533 
32768 4763618 
32768 2605407 
32768 4184607 
32768 2549386 
32768 2655575 
32768 6748601 
32768 4739625 
32768 3072757 
32768 8308707 
32768 4028623 
32768 7037088 
32768 3602519 
32768 4294228 
32768 3118175 
32768 3736141 
32768 4599560 
32768 2561521 
32768 2756509 
32768 1860710 
32768 5559677 
32768 3990442 
32768 4787365 
32768 2962421 
32768 4060235 
32768 4775382 
32768 1839519 
32768 1367193 
32768 3721283 
32768 5132980 
32768 8236262 
32768 5841301 
32768 4576602 
32768 5130548 
32768 4312702 
32768 4414853 
32768 5689238 
32768 5664544 
32768 5965937 
32768 5391917 
32768 3555205 
32768 4314140 
32768 3104276 
32768 9784455 
32768 5911941 
32768 5540585 
32768 2673842 
32768 3857348 
32768 4733726 
32768 5403185 
32768 4081298 
32768 4053406 
32768 6891288 
32768 3676754 
32768 3319608 
32768 5135141 
32768 4094624 
32768 5188954 
32768 2662021 
32768 4739631 
32768 4037428 
32768 6388504 
32768 5694498 
32768 4513908 
32768 4761213 
32768 1915467 
32768 3086120 
32768 4603285 
32768 4328188 
32768 4925553 
32768 2428651 
32768 6220275 
32768 4980597 
32768 2021774 
32768 6805912 
32768 5997437 
32768 4837043 
32768 4383956 
32768 5589940 
32768 2801686 
32768 6365298 
32768 4610019 
32768 3251275 
32768 4485333 
32768 4271250 
32768 2868205 
32768 9180413 
32768 2868244 
32768 4327824 
32768 6360270 
32768 3695302 
32768 4932067 
32768 4420111 
32768 3198093 
32768 4080114 
32768 3617708 
32768 4477880 
32768 3351988 
32768 3914970 
32768 4536218 
32768 4858165 
32768 3978894 
32768 2532265 
32768 2573156 
32768 4474492 
32768 3871868 
32768 2758694 
32768 2604248 
32768 2449223 
32768 5277456 
32768 4506504 
32768 5080360 
32768 4016919 
32768 5694199 
32768 4475904 
32768 4332387 
32768 5004690 
32768 4547278 
32768 2322739 
32768 5339986 
32768 9113465 
32768 5068327 
32768 4447898 
32768 5174959 
32768 3856996 
32768 3788483 
32768 5102195 
32768 4271108 
32768 3078195 
32768 6526719 
32768 2420850 
32768 4628296 
32768 7819045 
32768 5408123 
32768 7060637 
32768 3554755 
32768 5767419 
32768 3930617 
32768 5975135 
32768 2875564 
32768 2867689 
32768 2362507 
32768 4989572 
32768 4484541 
32768 5036112 
32768 5239044 
32768 2761809 
32768 4857442 
32768 2175187 
32768 3144620 
32768 3011765 
32768 2925111 
32768 3343308 
32768 2405851 
32768 4955212 
32768 3482444 
32768 5855570 
32768 3669355 
32768 6546733 
32768 5369204 
32768 3274350 
32768 5438924 
32768 4040598 
