8192 2875097 
8192 5416541 
8192 5515591 
8192 3111065 
8192 3436524 
8192 2899245 
8192 2719285 
8192 2666369 
8192 5313395 
8192 7006097 
8192 6330095 
8192 4737871 
8192 4149060 
8192 4643454 
8192 7060410 
8192 4725125 
8192 4655910 
8192 4807990 
8192 7183029 
8192 3636097 
8192 6469241 
8192 8004496 
8192 7672249 
8192 7723635 
8192 4982371 
8192 3446661 
8192 2290974 
8192 6275236 
8192 8934064 
8192 7447111 
8192 3848999 
8192 8564626 
8192 4059247 
8192 8714892 
8192 4835853 
8192 3128148 
8192 5875213 
8192 3017062 
8192 5452977 
8192 3029203 
8192 2632454 
8192 3626456 
8192 5205232 
8192 6862788 
8192 3817862 
8192 5139372 
8192 5252241 
8192 4901845 
8192 1375298 
8192 9900508 
8192 6514419 
8192 3310560 
8192 2061691 
8192 4562725 
8192 3327252 
8192 4436911 
8192 3901801 
8192 3767314 
8192 2530517 
8192 6769632 
8192 4501542 
8192 7472697 
8192 6309038 
8192 6968362 
8192 5130265 
8192 3756350 
8192 2870424 
8192 3739291 
8192 3028972 
8192 5765024 
8192 3007956 
8192 4415852 
8192 2387398 
8192 2734516 
8192 4450975 
8192 3340892 
8192 4644912 
8192 4848241 
8192 2840851 
8192 1947600 
8192 4862973 
8192 4537993 
8192 4715041 
8192 7562141 
8192 4569330 
8192 3367976 
8192 3119111 
8192 2330929 
8192 3210275 
8192 7105962 
8192 6912934 
8192 3950326 
8192 4342489 
8192 6393887 
8192 4536374 
8192 4147361 
8192 6507402 
8192 6658890 
8192 4094454 
8192 3934893 
8192 3479715 
8192 4460299 
8192 4726439 
8192 6150459 
8192 4761516 
8192 3275534 
8192 5278447 
8192 5840775 
8192 2637012 
8192 2796030 
8192 5118480 
8192 2529611 
8192 2636596 
8192 5064060 
8192 5009555 
8192 3200438 
8192 6164177 
8192 5224654 
8192 4733576 
8192 2677453 
8192 4506694 
8192 6334052 
8192 3207724 
8192 5084531 
8192 2924107 
8192 5538454 
8192 2781696 
8192 5464914 
8192 3645336 
8192 3577510 
8192 3357655 
8192 6483199 
8192 4501547 
8192 4809186 
8192 3459372 
8192 3073135 
8192 6985983 
8192 5366940 
8192 8123462 
8192 4203573 
8192 4283422 
8192 3388199 
8192 6518747 
8192 6084824 
8192 4367918 
8192 2467607 
8192 4159223 
8192 6096040 
8192 5019392 
8192 1872585 
8192 6062249 
8192 5530354 
8192 5154100 
8192 6855620 
8192 5519190 
8192 5379721 
8192 3118738 
8192 2807213 
8192 2370226 
8192 2181066 
8192 4496263 
8192 4580826 
8192 4198895 
8192 6643184 
8192 3886888 
8192 2100638 
8192 6414493 
8192 5049748 
8192 5121744 
8192 6166903 
8192 3164170 
8192 6132993 
8192 2736345 
8192 5245715 
8192 4596618 
8192 7411989 
8192 4153157 
8192 5124480 
8192 4431683 
8192 4573645 
8192 4976289 
8192 5219547 
8192 3352441 
8192 6684277 
8192 4770830 
8192 2436856 
8192 4849429 
8192 4114872 
8192 6514279 
8192 5243054 
8192 2686653 
8192 4779516 
8192 6333395 
8192 2810400 
8192 6317851 
8192 4660576 
8192 3373756 
8192 7872221 
8192 5203817 
8192 2450109 
8192 4915499 
8192 5155491 
8192 5226546 
8192 4092703 
8192 5724489 
8192 4809624 
8192 3286240 
8192 4014068 
8192 3457497 
8192 6707675 
8192 3106137 
8192 3364302 
8192 6295930 
8192 3325787 
8192 2642468 
8192 7067223 
8192 1564585 
8192 3218926 
8192 6757271 
8192 3080768 
8192 4362813 
8192 9288421 
8192 4552113 
8192 2516921 
8192 4949263 
8192 4505789 
8192 3664158 
8192 6712181 
8192 5998849 
8192 3460310 
8192 5301668 
8192 4763110 
8192 5652195 
8192 4114519 
8192 4099522 
8192 3678957 
8192 2815017 
8192 2497376 
8192 3159923 
8192 2861191 
8192 3264737 
8192 4627032 
8192 4596144 
8192 2604488 
8192 3177150 
8192 6692733 
8192 4268513 
8192 4744631 
8192 2651156 
8192 4086395 
8192 1838005 
8192 3702928 
8192 5364735 
8192 4400584 
8192 2414868 
8192 3606384 
8192 3572972 
8192 7289000 
8192 2589737 
8192 2941275 
8192 3824999 
8192 2356931 
8192 7039473 
8192 5962410 
8192 2188737 
8192 4088474 
8192 3270958 
8192 4155162 
8192 2612251 
8192 5136895 
8192 4247729 
8192 2908708 
8192 6256884 
8192 3185115 
8192 1851898 
8192 3424378 
8192 4475128 
8192 7706357 
8192 4640863 
8192 4677209 
8192 4829452 
8192 3828674 
8192 6487259 
8192 4845703 
8192 4824917 
8192 4421005 
8192 4059531 
8192 2882604 
8192 5022650 
8192 9327223 
8192 4340506 
8192 3062889 
8192 2205574 
8192 3274271 
8192 4905870 
8192 3885885 
8192 4326487 
8192 3151487 
8192 3939031 
8192 3816122 
8192 5188077 
8192 3402963 
8192 2534316 
8192 4169322 
8192 6137781 
8192 4350675 
8192 3225177 
8192 2724766 
8192 6370784 
8192 4839564 
8192 6796564 
8192 6733617 
8192 3727591 
8192 1880938 
8192 3789767 
8192 6751346 
8192 7445255 
8192 3748167 
8192 6102837 
8192 6724156 
8192 3761717 
8192 9340249 
8192 4925769 
8192 4807158 
8192 4347813 
8192 3951909 
8192 2435099 
8192 5196991 
8192 2266128 
8192 2195083 
8192 5958948 
8192 3505929 
8192 2441678 
8192 4827525 
8192 8905715 
8192 5080734 
8192 4567550 
8192 2933211 
8192 4906616 
8192 5146593 
8192 4704354 
8192 7619603 
8192 3939276 
8192 2554281 
8192 4457497 
8192 6105807 
8192 3869114 
8192 5778539 
8192 1822442 
8192 4463134 
8192 2365410 
8192 6348505 
8192 4501227 
8192 2977864 
8192 6665945 
8192 4873484 
8192 2574993 
8192 5294617 
8192 4498603 
8192 2848614 
8192 5112335 
8192 3082649 
8192 7179222 
8192 4231051 
8192 2690997 
8192 2507589 
8192 7382436 
8192 6091653 
8192 4749457 
8192 2698737 
8192 4522561 
8192 2907004 
8192 2776321 
8192 6145092 
8192 4202162 
8192 4120801 
8192 1918717 
8192 3126410 
8192 4413569 
8192 3695537 
8192 3841499 
8192 4051536 
8192 7075998 
8192 4294179 
8192 5567367 
8192 2946536 
8192 4454669 
8192 4257808 
8192 5634051 
8192 1931868 
8192 4460358 
8192 4375925 
8192 2405281 
8192 5087727 
8192 2238514 
8192 3944592 
8192 2375570 
8192 6472931 
8192 6402395 
8192 3962008 
8192 5948858 
8192 5049850 
8192 8651557 
8192 3607110 
8192 3013982 
8192 3653660 
8192 7509081 
8192 4113608 
8192 2379552 
8192 5966329 
8192 3038528 
8192 2853856 
8192 3923941 
8192 5084660 
8192 5384142 
8192 3157952 
8192 4363567 
8192 3564297 
8192 3184422 
8192 2807733 
8192 6594938 
8192 9547885 
8192 3315769 
8192 5003307 
8192 3113680 
8192 2148080 
8192 6963339 
8192 3274801 
8192 7253124 
8192 5790153 
8192 2926207 
8192 3643298 
8192 3619601 
8192 3415621 
8192 4446383 
8192 4653543 
8192 4455275 
8192 4819761 
8192 3134038 
8192 5944894 
8192 5007243 
8192 5401612 
8192 6109933 
8192 3122056 
8192 3566471 
8192 4933094 
8192 4498993 
8192 5117258 
8192 4923136 
8192 4970034 
8192 2532074 
8192 2634410 
8192 5384677 
8192 3802154 
8192 3644145 
8192 3050366 
8192 8185052 
8192 2976045 
8192 4386507 
8192 2771552 
8192 3404286 
8192 2474924 
8192 4411384 
8192 4958242 
8192 6473814 
8192 2727081 
8192 4948318 
8192 5216717 
8192 2888261 
8192 3357399 
8192 4099703 
8192 2387691 
8192 4357986 
8192 3364127 
8192 6623170 
8192 6168583 
8192 4508084 
8192 3506383 
8192 3774563 
8192 4641385 
8192 2490871 
8192 5133269 
8192 3208784 
8192 2405279 
8192 3083601 
8192 6376611 
8192 6747045 
8192 4611965 
8192 4904592 
8192 2893354 
8192 1428636 
8192 1994810 
8192 3475010 
8192 5251044 
8192 3799877 
8192 5823256 
8192 5075876 
8192 3032734 
8192 4504759 
8192 6183278 
8192 5744761 
8192 3435210 
8192 2815531 
8192 2281381 
8192 3257316 
8192 4385161 
8192 4236098 
8192 2661763 
8192 3909828 
8192 4509546 
8192 4450926 
8192 3386723 
8192 4563199 
8192 6198397 
8192 4053663 
8192 5786826 
8192 4744391 
8192 5278202 
8192 4476081 
8192 3099252 
8192 5074255 
8192 4678378 
8192 9037726 
8192 6566471 
8192 2922622 
8192 3433325 
8192 4310157 
8192 3613604 
8192 3135454 
8192 4221175 
8192 3388594 
8192 2503498 
8192 3423713 
8192 2898121 
8192 1715845 
8192 4249894 
8192 3244712 
8192 9451382 
8192 4881537 
8192 6512873 
8192 3402682 
8192 5114619 
8192 2796908 
8192 6784704 
8192 1611983 
8192 5493714 
8192 4356094 
8192 2795481 
8192 6937223 
8192 4631681 
8192 4306659 
8192 4095747 
8192 3161528 
8192 5987033 
8192 6325135 
8192 5303768 
8192 8572325 
8192 2331338 
8192 6628892 
8192 4186972 
8192 2918730 
8192 6266773 
8192 3850009 
8192 3260243 
8192 4134844 
8192 8816364 
8192 4287010 
8192 4025353 
8192 4233876 
8192 3202366 
8192 3756591 
8192 2399708 
8192 5966757 
8192 3513700 
8192 3857057 
8192 2752069 
8192 4621163 
8192 3972005 
8192 10101147 
8192 5564192 
8192 3654498 
8192 6809963 
8192 3585549 
8192 1735015 
8192 4405985 
8192 3952312 
8192 6168357 
8192 3924045 
8192 7144783 
8192 4928504 
8192 4605416 
8192 3520660 
8192 2583681 
8192 2922385 
8192 2838040 
8192 10948113 
8192 2620751 
8192 3772682 
8192 4268655 
8192 4305535 
8192 2555083 
8192 2972234 
8192 4636465 
8192 7899710 
8192 7099758 
8192 5318245 
8192 6640773 
8192 5218896 
8192 3974670 
8192 5106879 
8192 4055218 
8192 2744939 
8192 2406333 
8192 5086363 
8192 4992921 
8192 3421181 
8192 1973910 
8192 5407945 
8192 3132043 
8192 5112371 
8192 4067490 
8192 4499930 
8192 4756837 
8192 4559369 
8192 3296066 
8192 10484451 
8192 4186532 
8192 6266350 
8192 2728919 
8192 4006589 
8192 5214066 
8192 2095372 
8192 7588495 
8192 6167304 
8192 3406131 
8192 7180713 
8192 5858748 
8192 2736251 
8192 4066135 
8192 3095433 
8192 3484157 
8192 6671049 
8192 3614908 
8192 3112453 
8192 4161424 
8192 5685652 
8192 3837316 
8192 3426037 
8192 3291695 
8192 2928785 
8192 1979203 
8192 6629328 
8192 5784710 
8192 5191719 
8192 4851268 
8192 4593721 
8192 7355465 
8192 4388445 
8192 2304032 
8192 4363606 
8192 3119886 
8192 5985912 
8192 2607855 
8192 2976810 
8192 4947860 
8192 4541670 
8192 6650768 
8192 3118182 
8192 5803888 
8192 6418326 
8192 6077305 
8192 3090199 
8192 5351770 
8192 4339429 
8192 6265471 
8192 4758809 
8192 6286036 
8192 3031922 
8192 3008305 
8192 4254622 
8192 5216941 
8192 2107581 
8192 2909288 
8192 6464217 
8192 6268062 
8192 2571089 
8192 2594824 
8192 4478523 
8192 3364909 
8192 5620399 
8192 3315598 
8192 3179047 
8192 3325799 
8192 2634956 
8192 8431391 
8192 4559747 
8192 3551469 
8192 2877653 
8192 2600969 
8192 3837944 
8192 3221153 
8192 2408955 
8192 2945077 
8192 7237871 
8192 5449587 
8192 3361939 
8192 6645501 
8192 7459999 
8192 3156333 
8192 5067102 
8192 3922178 
8192 2885774 
8192 1373912 
8192 4146836 
8192 4254099 
8192 3584340 
8192 5493302 
8192 3183421 
8192 2750040 
8192 6605589 
8192 4372497 
8192 7822717 
8192 3095787 
8192 2332184 
8192 3448177 
8192 4383654 
8192 1889564 
8192 3992613 
8192 3473431 
8192 2458908 
8192 6473484 
8192 4737346 
8192 3050405 
8192 4622198 
8192 4410640 
8192 4457815 
8192 3711813 
8192 3883044 
8192 4967434 
8192 5852044 
8192 4786401 
8192 3523541 
8192 3924489 
8192 5374657 
8192 5210504 
8192 4787828 
8192 3778575 
8192 2099896 
8192 1444784 
8192 5602235 
8192 4145831 
8192 2176359 
8192 6410398 
8192 6699674 
8192 2980100 
8192 6258366 
8192 3134467 
8192 6284701 
8192 3747829 
8192 2620291 
8192 2689119 
8192 5203301 
8192 4870177 
8192 2445084 
8192 4025225 
8192 3530035 
8192 5219095 
8192 4683594 
8192 6073674 
8192 3860522 
8192 4725976 
8192 2581077 
8192 4732697 
8192 3309086 
8192 6098510 
8192 4651262 
8192 2600110 
8192 1988833 
8192 4714651 
8192 9290268 
8192 7359840 
8192 6324671 
8192 6651264 
8192 6800634 
8192 3949354 
8192 3148721 
8192 3489426 
8192 3924860 
8192 4803178 
8192 5243174 
8192 3310437 
8192 5739249 
8192 4292560 
8192 2183639 
8192 2464473 
8192 2880149 
8192 7355781 
8192 6708756 
8192 2811489 
8192 4480778 
8192 3710707 
8192 2754920 
8192 2840167 
8192 4474225 
8192 4550497 
8192 4542319 
8192 4711832 
8192 3208216 
8192 4001296 
8192 10466007 
8192 4874530 
8192 3168646 
8192 5967032 
8192 4010055 
8192 6229542 
8192 3961328 
8192 2836187 
8192 6340843 
8192 4183164 
8192 4585210 
8192 5674741 
8192 6478297 
8192 6154631 
8192 2897692 
8192 2978651 
8192 5240707 
8192 6343781 
8192 3271385 
8192 2280293 
8192 3959122 
8192 4121783 
8192 4601003 
8192 3917010 
8192 2973756 
8192 6834718 
8192 3437174 
8192 6122355 
8192 2952542 
8192 4870290 
8192 2923950 
8192 4171649 
8192 2664057 
8192 2538427 
8192 7199629 
8192 3737501 
8192 2970123 
8192 9279899 
8192 3429593 
8192 7597479 
8192 3405536 
8192 4061816 
8192 3159252 
8192 4445231 
8192 4011360 
8192 2792855 
8192 3036949 
8192 1855475 
8192 4754343 
8192 4093716 
8192 3821086 
8192 2997010 
8192 4039670 
8192 4514307 
8192 1962079 
8192 1306921 
8192 3777805 
8192 5070068 
8192 7763407 
8192 6128533 
8192 4772216 
8192 4870029 
8192 4429796 
8192 4150952 
8192 5441704 
8192 6042255 
8192 6654337 
8192 5027598 
8192 3568207 
8192 4388388 
8192 3186429 
8192 9486435 
8192 6638234 
8192 5271747 
8192 2532765 
8192 3785671 
8192 4761861 
8192 6154497 
8192 3248576 
8192 4255890 
8192 6286600 
8192 3743392 
8192 3549737 
8192 5150089 
8192 3915775 
8192 5190149 
8192 2420102 
8192 4834085 
8192 4295205 
8192 6783506 
8192 5203971 
8192 4597634 
8192 4741882 
8192 1877335 
8192 3261618 
8192 4252734 
8192 4058464 
8192 4123001 
8192 2259059 
8192 6584889 
8192 5304980 
8192 2046644 
8192 6249731 
8192 6338285 
8192 4536341 
8192 4386938 
8192 5998650 
8192 2622894 
8192 6930676 
8192 4011056 
8192 3440069 
8192 4777756 
8192 4051540 
8192 2742155 
8192 8330268 
8192 2414356 
8192 3847525 
8192 5801619 
8192 3658210 
8192 4699084 
8192 4263616 
8192 3138005 
8192 4105141 
8192 4363049 
8192 4671967 
8192 3294991 
8192 3808216 
8192 4461447 
8192 4941874 
8192 3997736 
8192 2317342 
8192 2678801 
8192 3572386 
8192 3645575 
8192 3031969 
8192 2521560 
8192 2270667 
8192 5081536 
8192 4588503 
8192 3803682 
8192 4152235 
8192 5563864 
8192 4467143 
8192 4250522 
8192 4203746 
8192 4478401 
8192 2269287 
8192 5126719 
8192 8118579 
8192 5205477 
8192 4284317 
8192 5100398 
8192 3576490 
8192 3865272 
8192 4184362 
8192 3978594 
8192 2873745 
8192 6112063 
8192 2337038 
8192 4429896 
8192 7220312 
8192 6267694 
8192 6507375 
8192 3368255 
8192 5517573 
8192 4560378 
8192 5235210 
8192 2848468 
8192 2610744 
8192 2330651 
8192 4441203 
8192 3985657 
8192 5014784 
8192 4925063 
8192 2779435 
8192 4507228 
8192 2126619 
8192 3107141 
8192 2888778 
8192 3340652 
8192 4152617 
8192 2568125 
8192 3944118 
8192 3272747 
8192 5790852 
8192 3621067 
8192 6517462 
8192 4556946 
8192 3382461 
8192 5279132 
8192 3826909 
