2048 2783974 
2048 5208474 
2048 5574341 
2048 3095122 
2048 3343381 
2048 3524260 
2048 2826357 
2048 2503220 
2048 5288339 
2048 7114896 
2048 4892772 
2048 4827171 
2048 4299086 
2048 3599535 
2048 7478578 
2048 4492423 
2048 4618038 
2048 4996443 
2048 7345590 
2048 3519502 
2048 6262604 
2048 10895407 
2048 6989666 
2048 7018514 
2048 4975700 
2048 3483222 
2048 2368390 
2048 5050164 
2048 8468635 
2048 6926264 
2048 3166406 
2048 8500920 
2048 4134085 
2048 8678192 
2048 4622084 
2048 3741605 
2048 6697472 
2048 3098105 
2048 5272313 
2048 2517073 
2048 2730114 
2048 3479545 
2048 4392885 
2048 6641956 
2048 4585756 
2048 4816921 
2048 5309658 
2048 5030868 
2048 1273018 
2048 9386281 
2048 6670852 
2048 3432309 
2048 2008558 
2048 4751434 
2048 2380477 
2048 4234904 
2048 4187019 
2048 5092634 
2048 2485349 
2048 6643970 
2048 4224507 
2048 7514618 
2048 5336496 
2048 6556508 
2048 4977018 
2048 3790258 
2048 2685781 
2048 3633931 
2048 3368284 
2048 5012432 
2048 2803998 
2048 4153813 
2048 2340248 
2048 2797755 
2048 3737840 
2048 2576470 
2048 4764339 
2048 4688415 
2048 2883721 
2048 2040965 
2048 4825673 
2048 4519568 
2048 4446924 
2048 6954494 
2048 3785137 
2048 3579199 
2048 3188732 
2048 3075606 
2048 3195577 
2048 6507508 
2048 6857880 
2048 3932587 
2048 4437334 
2048 6567498 
2048 4845837 
2048 3537253 
2048 6296030 
2048 6577562 
2048 4984852 
2048 4210563 
2048 3683182 
2048 4623789 
2048 5046635 
2048 6788102 
2048 4729135 
2048 3305306 
2048 4995480 
2048 6142277 
2048 2570381 
2048 2875501 
2048 5068966 
2048 2515163 
2048 2609675 
2048 4795778 
2048 4946519 
2048 3113323 
2048 6359899 
2048 4246849 
2048 4873363 
2048 2831889 
2048 4512325 
2048 6393138 
2048 3232973 
2048 4635919 
2048 3630779 
2048 5400783 
2048 2920767 
2048 5138202 
2048 3558962 
2048 3203720 
2048 6809219 
2048 6762593 
2048 5362885 
2048 4864835 
2048 3300911 
2048 3004360 
2048 6230263 
2048 5424137 
2048 7525455 
2048 4073131 
2048 3509266 
2048 2762871 
2048 7746488 
2048 6269008 
2048 3752098 
2048 4500953 
2048 4807049 
2048 6472820 
2048 4709815 
2048 2044605 
2048 6730702 
2048 5310578 
2048 5413854 
2048 6164936 
2048 4602934 
2048 5383384 
2048 3630986 
2048 2864046 
2048 3387005 
2048 1992194 
2048 3714346 
2048 3876006 
2048 3293798 
2048 5863769 
2048 3836371 
2048 2349060 
2048 6220638 
2048 5590574 
2048 5109704 
2048 5479082 
2048 4033112 
2048 6949132 
2048 2857149 
2048 5392504 
2048 4787863 
2048 7409031 
2048 4667909 
2048 5106299 
2048 4316813 
2048 3536979 
2048 4691514 
2048 4942755 
2048 3201785 
2048 6746297 
2048 3830078 
2048 3167312 
2048 4860929 
2048 4129267 
2048 6255953 
2048 4471045 
2048 2571223 
2048 4799372 
2048 6283179 
2048 2188955 
2048 5414632 
2048 4806803 
2048 3471532 
2048 7170601 
2048 6130160 
2048 2510618 
2048 3935136 
2048 4532278 
2048 4608105 
2048 4698094 
2048 6617651 
2048 4676314 
2048 3660752 
2048 4615296 
2048 3273446 
2048 6840614 
2048 3112980 
2048 3273241 
2048 6536441 
2048 3442975 
2048 2484231 
2048 7097280 
2048 1530389 
2048 3708493 
2048 7528821 
2048 3536321 
2048 4497998 
2048 9214120 
2048 4460672 
2048 3416306 
2048 4796006 
2048 4506664 
2048 3618666 
2048 5724896 
2048 6139002 
2048 3044044 
2048 4373559 
2048 4877713 
2048 4834509 
2048 4145065 
2048 4438299 
2048 3708379 
2048 2697444 
2048 3389404 
2048 3368856 
2048 3006655 
2048 3964306 
2048 4706935 
2048 4822746 
2048 3074090 
2048 3411566 
2048 7500300 
2048 4910242 
2048 4921294 
2048 3102237 
2048 3978901 
2048 2223336 
2048 4026514 
2048 6431397 
2048 4123516 
2048 2405096 
2048 3653850 
2048 3655718 
2048 4299784 
2048 2487938 
2048 2937953 
2048 3756972 
2048 2446665 
2048 7127444 
2048 5421442 
2048 3056055 
2048 3816799 
2048 3293742 
2048 3923414 
2048 2928169 
2048 4418239 
2048 4641077 
2048 2316234 
2048 7189501 
2048 3501688 
2048 1810021 
2048 3080890 
2048 4881961 
2048 7467464 
2048 5290887 
2048 4452684 
2048 4956588 
2048 4648261 
2048 6858506 
2048 5866440 
2048 5371784 
2048 4407997 
2048 4719013 
2048 2115187 
2048 5457397 
2048 8807060 
2048 4207637 
2048 2951876 
2048 2459240 
2048 3366862 
2048 5196928 
2048 3385374 
2048 4269024 
2048 3247074 
2048 3831509 
2048 4498992 
2048 5076300 
2048 3777208 
2048 2904409 
2048 5067065 
2048 6321254 
2048 4272691 
2048 3217153 
2048 3030350 
2048 6009240 
2048 4929931 
2048 7267791 
2048 7322476 
2048 3564653 
2048 1955041 
2048 3876554 
2048 6985858 
2048 6516269 
2048 4191319 
2048 6881030 
2048 6546299 
2048 3712481 
2048 8167961 
2048 5075930 
2048 4718389 
2048 4412982 
2048 3622940 
2048 2492361 
2048 5213243 
2048 2234132 
2048 2122849 
2048 6159342 
2048 3136106 
2048 2402865 
2048 4940966 
2048 8278446 
2048 6019839 
2048 5091842 
2048 2844094 
2048 4427826 
2048 5046573 
2048 4758352 
2048 7858367 
2048 4158919 
2048 3107742 
2048 5459917 
2048 5013714 
2048 4150104 
2048 6036726 
2048 1583560 
2048 4708170 
2048 3233335 
2048 6239869 
2048 4537646 
2048 3023069 
2048 6920267 
2048 5797147 
2048 2659335 
2048 4483421 
2048 4501366 
2048 2869039 
2048 4582654 
2048 3017697 
2048 6660471 
2048 4591507 
2048 2766474 
2048 2981404 
2048 6792617 
2048 5147096 
2048 5131710 
2048 2719396 
2048 5069335 
2048 2729317 
2048 2658514 
2048 6148554 
2048 3969325 
2048 3825773 
2048 2053653 
2048 3086955 
2048 3745064 
2048 3313087 
2048 3891694 
2048 3189016 
2048 6309463 
2048 4428732 
2048 4403324 
2048 2846170 
2048 4666257 
2048 3581369 
2048 4709658 
2048 1848142 
2048 4470733 
2048 4250037 
2048 2351964 
2048 5395111 
2048 2080526 
2048 2937201 
2048 2259257 
2048 6429625 
2048 6985783 
2048 3727906 
2048 5383738 
2048 5243929 
2048 7920049 
2048 4602984 
2048 3055350 
2048 3960814 
2048 7157438 
2048 3482657 
2048 2379574 
2048 6296242 
2048 2379357 
2048 2513654 
2048 5027844 
2048 5273553 
2048 5862406 
2048 3293396 
2048 3588951 
2048 3852329 
2048 3843319 
2048 2927982 
2048 7305529 
2048 9231024 
2048 3310524 
2048 5305849 
2048 3334699 
2048 2002486 
2048 7304724 
2048 3080603 
2048 7333269 
2048 5837709 
2048 3036179 
2048 2834237 
2048 3591341 
2048 3249400 
2048 4240499 
2048 4568926 
2048 4415294 
2048 3896819 
2048 3140746 
2048 5417477 
2048 5132933 
2048 5410350 
2048 6997006 
2048 3300493 
2048 3668680 
2048 5145397 
2048 4068063 
2048 5140299 
2048 5875130 
2048 3933692 
2048 2624717 
2048 4445037 
2048 5155819 
2048 4312369 
2048 4259189 
2048 2990479 
2048 8062614 
2048 2733700 
2048 4230342 
2048 2895591 
2048 3669102 
2048 2343409 
2048 4975682 
2048 5383544 
2048 7332653 
2048 3459546 
2048 5067520 
2048 5443840 
2048 2820745 
2048 4385005 
2048 4633237 
2048 2449534 
2048 4447766 
2048 3616409 
2048 5999543 
2048 5709790 
2048 3774979 
2048 3401705 
2048 4615075 
2048 4883119 
2048 2284848 
2048 2413872 
2048 3194066 
2048 2403771 
2048 3006460 
2048 6673277 
2048 6353798 
2048 4899317 
2048 4746334 
2048 2920988 
2048 1579147 
2048 1972325 
2048 3522399 
2048 5246834 
2048 3143953 
2048 5345817 
2048 4679011 
2048 3098768 
2048 4531792 
2048 6226682 
2048 6080833 
2048 3621340 
2048 3092485 
2048 2658298 
2048 3004583 
2048 4520870 
2048 4770115 
2048 2600303 
2048 4207695 
2048 3961937 
2048 4987355 
2048 3624864 
2048 4321383 
2048 6310675 
2048 3774915 
2048 6832559 
2048 4769354 
2048 5170331 
2048 4479292 
2048 3409628 
2048 5429319 
2048 5162205 
2048 8596089 
2048 5827454 
2048 2894183 
2048 3278123 
2048 4471824 
2048 3637150 
2048 2376685 
2048 4294143 
2048 3346649 
2048 2160948 
2048 4141010 
2048 3141459 
2048 1738365 
2048 4202870 
2048 3227595 
2048 8721790 
2048 5565673 
2048 6527336 
2048 3338272 
2048 4979745 
2048 2998889 
2048 6538982 
2048 1709547 
2048 5320745 
2048 4177883 
2048 2267146 
2048 6493273 
2048 4412443 
2048 4288692 
2048 3720275 
2048 3203446 
2048 5366939 
2048 6638427 
2048 5086698 
2048 8422476 
2048 2345075 
2048 6932381 
2048 5103119 
2048 2607160 
2048 6061834 
2048 3382461 
2048 3087946 
2048 4128272 
2048 8723751 
2048 4201010 
2048 4033154 
2048 4452647 
2048 3432848 
2048 3634187 
2048 2371117 
2048 6589788 
2048 4376561 
2048 4640806 
2048 2693574 
2048 4476319 
2048 4005977 
2048 10526135 
2048 6615035 
2048 3414241 
2048 7840884 
2048 3708157 
2048 1587138 
2048 4419609 
2048 3846551 
2048 7219305 
2048 4438712 
2048 6936217 
2048 6654529 
2048 4576625 
2048 3448969 
2048 2592146 
2048 4942045 
2048 3374833 
2048 10873195 
2048 2707296 
2048 3707521 
2048 4183740 
2048 4746441 
2048 2623028 
2048 2933619 
2048 4424002 
2048 8536661 
2048 7501695 
2048 5288354 
2048 7060976 
2048 4050625 
2048 4360773 
2048 4677142 
2048 4772803 
2048 2550898 
2048 2477529 
2048 4659347 
2048 4884526 
2048 3872053 
2048 2079367 
2048 6018573 
2048 2988214 
2048 5143346 
2048 3871876 
2048 4502254 
2048 3913739 
2048 4714432 
2048 4240041 
2048 11370264 
2048 4259427 
2048 5702920 
2048 2739073 
2048 4554026 
2048 6322376 
2048 2245640 
2048 7604761 
2048 7052325 
2048 3543546 
2048 6527547 
2048 6035813 
2048 2641381 
2048 4155011 
2048 3010303 
2048 3284147 
2048 6079117 
2048 3625674 
2048 2836582 
2048 4261973 
2048 5215762 
2048 4079464 
2048 3423364 
2048 3829453 
2048 2720716 
2048 1932239 
2048 6715523 
2048 5942804 
2048 5019329 
2048 4956859 
2048 5230879 
2048 7403777 
2048 4468279 
2048 2421584 
2048 4182350 
2048 2986107 
2048 6071600 
2048 2496567 
2048 3250759 
2048 5165696 
2048 4871111 
2048 5566522 
2048 2625590 
2048 5110055 
2048 5696005 
2048 5185273 
2048 2964176 
2048 5069325 
2048 3983596 
2048 6783238 
2048 4911570 
2048 6340928 
2048 2872500 
2048 2897416 
2048 3528365 
2048 6202549 
2048 1942321 
2048 3028698 
2048 6121764 
2048 5394728 
2048 2521012 
2048 2778755 
2048 4452669 
2048 3150656 
2048 6095677 
2048 3248060 
2048 3196972 
2048 3217406 
2048 3049086 
2048 7326219 
2048 5302303 
2048 3686799 
2048 2484923 
2048 2967900 
2048 4723161 
2048 3377001 
2048 2428942 
2048 3084515 
2048 6995614 
2048 4821549 
2048 3334053 
2048 6296131 
2048 7151374 
2048 3130248 
2048 4720577 
2048 3981465 
2048 2864513 
2048 1298796 
2048 4146602 
2048 4136224 
2048 3454873 
2048 6194437 
2048 3345410 
2048 2662009 
2048 8360214 
2048 4648367 
2048 7905866 
2048 3200486 
2048 2236856 
2048 4158492 
2048 4491095 
2048 1927502 
2048 3949933 
2048 3379448 
2048 3224167 
2048 5591625 
2048 4954226 
2048 3206416 
2048 4576022 
2048 4332967 
2048 4217686 
2048 4522098 
2048 3856210 
2048 4654385 
2048 6193506 
2048 4848863 
2048 3462573 
2048 3829792 
2048 5452819 
2048 4533862 
2048 4749133 
2048 3397133 
2048 2329346 
2048 1260918 
2048 5866746 
2048 3231941 
2048 2608635 
2048 7023019 
2048 6657926 
2048 3076184 
2048 6695192 
2048 3383039 
2048 5981050 
2048 4554101 
2048 3445845 
2048 2760979 
2048 6156890 
2048 4891256 
2048 2415091 
2048 4112736 
2048 3295570 
2048 5856343 
2048 4447090 
2048 6347910 
2048 3491929 
2048 4681778 
2048 2684805 
2048 3884908 
2048 3269530 
2048 5884090 
2048 4424338 
2048 2703899 
2048 1972289 
2048 4266554 
2048 9347919 
2048 8198317 
2048 6557006 
2048 6092325 
2048 6570494 
2048 3798293 
2048 3133509 
2048 3583999 
2048 3652411 
2048 4140130 
2048 5137914 
2048 4960614 
2048 6015511 
2048 4382289 
2048 3035757 
2048 2380849 
2048 3018597 
2048 7009624 
2048 5860748 
2048 2864160 
2048 4256751 
2048 4708242 
2048 2878375 
2048 2973454 
2048 4364355 
2048 3914338 
2048 3854913 
2048 4859266 
2048 2324928 
2048 4521435 
2048 9876311 
2048 4365339 
2048 2193258 
2048 5866422 
2048 3893218 
2048 6159967 
2048 3418247 
2048 2950734 
2048 6919634 
2048 4510019 
2048 4765882 
2048 5795419 
2048 6601992 
2048 5980123 
2048 3132122 
2048 3013410 
2048 6299673 
2048 6269195 
2048 3286241 
2048 2252193 
2048 4250639 
2048 4363505 
2048 4675723 
2048 4622844 
2048 3028007 
2048 6868953 
2048 4260235 
2048 5987936 
2048 3233534 
2048 4106651 
2048 2149430 
2048 3966689 
2048 2526124 
2048 2554848 
2048 7477887 
2048 4667396 
2048 3231950 
2048 8281521 
2048 4185931 
2048 7797117 
2048 3830161 
2048 4205794 
2048 3202891 
2048 3624004 
2048 4098407 
2048 2801866 
2048 2948815 
2048 1712575 
2048 4596770 
2048 4491500 
2048 4497267 
2048 2909908 
2048 4099000 
2048 4503696 
2048 1851133 
2048 1560663 
2048 3845992 
2048 4999589 
2048 8597333 
2048 6615897 
2048 4865579 
2048 5129509 
2048 4466132 
2048 4184607 
2048 5346256 
2048 5940325 
2048 6138429 
2048 4974219 
2048 3817055 
2048 5166423 
2048 3479219 
2048 9446027 
2048 6269760 
2048 5735166 
2048 2641359 
2048 3792000 
2048 4634026 
2048 5416440 
2048 3532797 
2048 4486979 
2048 6609381 
2048 3624193 
2048 3303127 
2048 6266690 
2048 3980768 
2048 6091970 
2048 3067314 
2048 5051453 
2048 4130787 
2048 5782371 
2048 5049832 
2048 4505935 
2048 4740778 
2048 1716624 
2048 2784114 
2048 4437142 
2048 4067725 
2048 4134357 
2048 2366837 
2048 6252843 
2048 5301648 
2048 2039428 
2048 6164541 
2048 5969934 
2048 4519565 
2048 4326440 
2048 6291667 
2048 2714778 
2048 6479689 
2048 4379394 
2048 3424125 
2048 4659575 
2048 4197481 
2048 2752145 
2048 8093189 
2048 2535122 
2048 4116029 
2048 5523980 
2048 3633484 
2048 4873390 
2048 4437812 
2048 3265121 
2048 4106727 
2048 4214715 
2048 4261789 
2048 3343407 
2048 3817502 
2048 4552137 
2048 5286456 
2048 3900699 
2048 2505776 
2048 2679871 
2048 3751457 
2048 3485690 
2048 3116620 
2048 2546650 
2048 2224461 
2048 5862267 
2048 4604836 
2048 4099543 
2048 4190562 
2048 5662581 
2048 4379081 
2048 4486463 
2048 4637642 
2048 4356376 
2048 2963257 
2048 4875063 
2048 7683114 
2048 5395928 
2048 4494632 
2048 4925153 
2048 3652139 
2048 3751451 
2048 4014016 
2048 4004739 
2048 2959413 
2048 6154829 
2048 3290504 
2048 5187574 
2048 7207754 
2048 5841737 
2048 7064418 
2048 3608017 
2048 6243583 
2048 3814815 
2048 6158290 
2048 2816609 
2048 2431264 
2048 2343663 
2048 4565864 
2048 3918227 
2048 4913339 
2048 5116735 
2048 2815282 
2048 4387329 
2048 2125293 
2048 3167627 
2048 2995699 
2048 2660757 
2048 3354325 
2048 2545489 
2048 4032515 
2048 3904543 
2048 6178526 
2048 3746582 
2048 6431840 
2048 5686248 
2048 3470335 
2048 5865694 
2048 4431011 
