512 2832512 
512 5501327 
512 5456664 
512 3095991 
512 3379579 
512 2756852 
512 3170063 
512 2496525 
512 5026513 
512 6916138 
512 5032921 
512 4972052 
512 4210696 
512 4798774 
512 5959373 
512 4360128 
512 4631544 
512 4947487 
512 7376276 
512 2641922 
512 6324906 
512 9348688 
512 10771983 
512 7157689 
512 5002451 
512 3052225 
512 2289398 
512 5494209 
512 8745533 
512 7127204 
512 3218920 
512 8644541 
512 4010673 
512 8614763 
512 5134366 
512 2879703 
512 7050498 
512 2950547 
512 5192840 
512 1829927 
512 2669001 
512 3470173 
512 5076640 
512 7013490 
512 4615966 
512 4779263 
512 5347576 
512 4878464 
512 1275017 
512 9933483 
512 6726331 
512 3345635 
512 2376651 
512 3545532 
512 3262750 
512 4435873 
512 3446734 
512 4703247 
512 2517537 
512 6703008 
512 7918805 
512 7397232 
512 5940755 
512 6189717 
512 5148525 
512 4178006 
512 2826406 
512 3782821 
512 2307202 
512 4913757 
512 2790697 
512 4259124 
512 2692709 
512 2791818 
512 4449292 
512 2670055 
512 3818992 
512 3938950 
512 2622960 
512 2127280 
512 5015404 
512 4483848 
512 7470805 
512 6884011 
512 4736728 
512 3335709 
512 2271278 
512 2414037 
512 3221404 
512 6313468 
512 6601668 
512 3800981 
512 4335135 
512 6630569 
512 4658724 
512 4589894 
512 6358491 
512 6459880 
512 3991128 
512 4196858 
512 3622767 
512 4255614 
512 4989783 
512 6963405 
512 3813026 
512 3123488 
512 4869460 
512 6234242 
512 2623957 
512 3280318 
512 5176630 
512 2126833 
512 2704566 
512 4005213 
512 5172613 
512 3222397 
512 6747833 
512 4089537 
512 3887104 
512 2777656 
512 4300541 
512 6400100 
512 3275792 
512 4373019 
512 2800155 
512 4511343 
512 2756031 
512 5145073 
512 3532416 
512 3366636 
512 3430454 
512 6844065 
512 8199593 
512 3805029 
512 3523230 
512 3305351 
512 7129675 
512 5427564 
512 7610656 
512 4131955 
512 4263675 
512 2619842 
512 7891554 
512 5634928 
512 3527203 
512 3138382 
512 4170179 
512 5686088 
512 4815129 
512 2470415 
512 6239166 
512 5361895 
512 5366300 
512 7434783 
512 4670411 
512 5413129 
512 3386259 
512 2676061 
512 3303333 
512 1859817 
512 4690060 
512 3668256 
512 3326832 
512 6726828 
512 4414862 
512 2131162 
512 6189690 
512 4647688 
512 5202607 
512 6373124 
512 3161665 
512 6753143 
512 2865613 
512 5243113 
512 5351606 
512 7615506 
512 3711716 
512 3856367 
512 4519649 
512 3592187 
512 4174947 
512 4076374 
512 3155972 
512 6698517 
512 3972234 
512 2698543 
512 5403688 
512 4145959 
512 6060699 
512 4675094 
512 3481572 
512 4608395 
512 5411681 
512 2079669 
512 5953225 
512 4518810 
512 3530966 
512 7120416 
512 5162627 
512 1940212 
512 3912247 
512 4647320 
512 4412983 
512 3966683 
512 6307410 
512 4854948 
512 3315213 
512 3878910 
512 3975688 
512 6918305 
512 3221487 
512 3316343 
512 7259346 
512 3409501 
512 2461757 
512 7184436 
512 1592589 
512 3162147 
512 9141041 
512 3604112 
512 4459664 
512 9095675 
512 3556527 
512 2562316 
512 4489639 
512 4439529 
512 3520553 
512 7041246 
512 5006779 
512 2991944 
512 4572675 
512 4955966 
512 4942135 
512 7169792 
512 3573647 
512 3826311 
512 3020159 
512 2393974 
512 3187058 
512 2872535 
512 3284415 
512 4901791 
512 4753643 
512 2557267 
512 3334512 
512 7373912 
512 4575955 
512 5666085 
512 2567620 
512 3846083 
512 1966962 
512 3494832 
512 5741547 
512 4295135 
512 2374089 
512 3654635 
512 3768188 
512 5028932 
512 2394078 
512 2860440 
512 3985049 
512 2406672 
512 7439662 
512 6117614 
512 2169574 
512 3774223 
512 3238441 
512 4573242 
512 2533869 
512 4494168 
512 4154692 
512 3005602 
512 6228926 
512 3187241 
512 1994293 
512 3131507 
512 4154742 
512 7076745 
512 4377312 
512 4559156 
512 5032665 
512 3759610 
512 5998060 
512 5749739 
512 4734650 
512 5296570 
512 4197490 
512 2295398 
512 4930371 
512 9751840 
512 3647720 
512 2836454 
512 2241593 
512 3239484 
512 4827918 
512 3858342 
512 5289190 
512 3463334 
512 3662156 
512 4768962 
512 6036766 
512 3375268 
512 2705050 
512 4317720 
512 6375284 
512 4372167 
512 3198152 
512 2854338 
512 6080048 
512 4034059 
512 6582061 
512 6262522 
512 3805139 
512 1908354 
512 3840439 
512 7643973 
512 6465325 
512 3219504 
512 6729341 
512 6044207 
512 3713907 
512 9165969 
512 5871600 
512 4772796 
512 4680706 
512 3301822 
512 2572184 
512 4791819 
512 2213641 
512 1998675 
512 5188167 
512 3343147 
512 2383119 
512 4811510 
512 8610295 
512 5110835 
512 4350874 
512 2779377 
512 4722033 
512 4922306 
512 5617479 
512 7941038 
512 4824192 
512 2607978 
512 4511352 
512 4948036 
512 4221626 
512 6790750 
512 1515555 
512 5445543 
512 2344957 
512 6271357 
512 4461215 
512 2899096 
512 6532908 
512 4939801 
512 2596899 
512 4464488 
512 4166392 
512 2711762 
512 4627102 
512 2989290 
512 6559541 
512 4125087 
512 2710741 
512 2337198 
512 6266859 
512 5141179 
512 4937175 
512 3260301 
512 3941718 
512 2910860 
512 2713820 
512 6545795 
512 3915083 
512 3039434 
512 1965651 
512 3010329 
512 3646816 
512 3554346 
512 4209603 
512 3663266 
512 6042135 
512 4884825 
512 4285267 
512 3620330 
512 4430598 
512 3618064 
512 5391879 
512 1836077 
512 4524999 
512 4282411 
512 2318175 
512 4996209 
512 2506906 
512 3006928 
512 3091529 
512 6265932 
512 6943556 
512 4226873 
512 6431227 
512 5853372 
512 8866524 
512 3692099 
512 3413358 
512 4141147 
512 7033237 
512 3269576 
512 2406267 
512 6497216 
512 2431536 
512 2514624 
512 4131050 
512 6273683 
512 5272066 
512 3129581 
512 3468319 
512 3580420 
512 3075392 
512 2814905 
512 7326768 
512 9401498 
512 3211554 
512 5055053 
512 3062135 
512 2085682 
512 7264927 
512 3099826 
512 7264509 
512 6540129 
512 2951681 
512 2926016 
512 3447135 
512 3307019 
512 4351179 
512 4652578 
512 4464677 
512 4335291 
512 3012021 
512 6015465 
512 4972811 
512 5267766 
512 6985493 
512 3163995 
512 3689137 
512 4740101 
512 4132224 
512 5174705 
512 5367017 
512 4516132 
512 2578518 
512 2728868 
512 5145180 
512 3721719 
512 3504204 
512 2957195 
512 7140986 
512 3050974 
512 4406910 
512 2914273 
512 3405702 
512 2719817 
512 4320337 
512 4741289 
512 6219516 
512 2820201 
512 5191913 
512 5056689 
512 2860718 
512 3517226 
512 4346889 
512 2301441 
512 4456838 
512 4211516 
512 6224943 
512 6842100 
512 3626325 
512 3292795 
512 4159242 
512 4003602 
512 2331515 
512 2382553 
512 3095003 
512 2313850 
512 2895433 
512 5525864 
512 6058644 
512 5889353 
512 5096817 
512 2819955 
512 1502663 
512 2213449 
512 3575376 
512 5143819 
512 3301627 
512 5136628 
512 4304278 
512 3090518 
512 4768544 
512 5431466 
512 5960872 
512 3645614 
512 2832151 
512 2304243 
512 3120161 
512 4348706 
512 4407386 
512 2535479 
512 4251236 
512 3960850 
512 4678412 
512 3880126 
512 3616076 
512 5312013 
512 3864536 
512 5813062 
512 4503097 
512 5417209 
512 4344104 
512 2953396 
512 5389308 
512 5214074 
512 9746109 
512 6530393 
512 3271394 
512 3318202 
512 4486891 
512 3513083 
512 2949206 
512 4172901 
512 3622828 
512 2583155 
512 3626137 
512 3032839 
512 1835854 
512 4176611 
512 3338678 
512 9393416 
512 4606395 
512 6740358 
512 3273684 
512 5074380 
512 2898747 
512 6351117 
512 1869717 
512 5280486 
512 4007288 
512 2325112 
512 5906436 
512 4474455 
512 4890933 
512 3734332 
512 3176235 
512 4541945 
512 6810598 
512 4539428 
512 9505373 
512 2363590 
512 6784808 
512 4003255 
512 2467858 
512 5845300 
512 3326737 
512 3033897 
512 4071724 
512 7784672 
512 4414657 
512 4055268 
512 4070965 
512 3262060 
512 3726220 
512 2970662 
512 6537074 
512 4252979 
512 3794115 
512 2688545 
512 4314152 
512 4070053 
512 10061743 
512 6023395 
512 3389791 
512 6856987 
512 3504908 
512 1125273 
512 4358022 
512 4734753 
512 6816293 
512 3745315 
512 7024737 
512 5155369 
512 4937830 
512 3777301 
512 2544468 
512 3181307 
512 2935445 
512 10602165 
512 2682997 
512 3576282 
512 3638306 
512 4689841 
512 2912563 
512 2947515 
512 4249859 
512 8337688 
512 7728941 
512 5852939 
512 6609780 
512 3900139 
512 3780841 
512 4679819 
512 3828779 
512 2669633 
512 2777877 
512 4588964 
512 5164904 
512 3359333 
512 1979781 
512 6195255 
512 2915230 
512 4965366 
512 3752783 
512 4449185 
512 3757663 
512 4485515 
512 3357346 
512 9998747 
512 4226678 
512 5946247 
512 2583323 
512 4047294 
512 5137757 
512 2109630 
512 6642396 
512 6465975 
512 3371260 
512 6358953 
512 6746461 
512 2691606 
512 5024075 
512 2878717 
512 2966192 
512 5708793 
512 3644702 
512 2906425 
512 3444817 
512 6015515 
512 4106730 
512 3747688 
512 3192259 
512 3080786 
512 2245406 
512 5817219 
512 5743726 
512 4955731 
512 4143454 
512 4778458 
512 7785114 
512 4369915 
512 2496951 
512 5243691 
512 3374636 
512 6721727 
512 2714641 
512 2929046 
512 4701027 
512 3767624 
512 6631697 
512 2637748 
512 6127715 
512 5558842 
512 5577563 
512 3124496 
512 5501520 
512 4165585 
512 6179583 
512 5319385 
512 6476135 
512 2885916 
512 2871746 
512 3405046 
512 5167292 
512 1820509 
512 3010557 
512 7115909 
512 5226888 
512 2573527 
512 2972926 
512 4470164 
512 3319777 
512 5292258 
512 3552656 
512 3073649 
512 3280963 
512 2341748 
512 7759988 
512 4521859 
512 3522265 
512 3080595 
512 2272370 
512 4369439 
512 3318998 
512 2355704 
512 3397631 
512 6821689 
512 4975429 
512 3329532 
512 6450008 
512 8436829 
512 2979388 
512 5087030 
512 3281833 
512 2897471 
512 1203296 
512 4090683 
512 4067619 
512 3615890 
512 6157781 
512 3279670 
512 2980338 
512 6565020 
512 4132079 
512 7013538 
512 3045954 
512 3172210 
512 3470549 
512 4526257 
512 2215332 
512 3792906 
512 3610384 
512 3168386 
512 6240904 
512 5417013 
512 3180865 
512 4842461 
512 4448791 
512 4425018 
512 3733885 
512 4108640 
512 4609053 
512 5503135 
512 4843922 
512 3659576 
512 3637075 
512 5892859 
512 4730201 
512 4733205 
512 3297333 
512 2160733 
512 1448749 
512 6173599 
512 4042135 
512 2200432 
512 6154100 
512 6762858 
512 2998644 
512 6121282 
512 3788214 
512 6308595 
512 4462782 
512 2440197 
512 2480069 
512 5077178 
512 4853829 
512 2532831 
512 3631721 
512 3486513 
512 5296577 
512 4658537 
512 5272745 
512 3476990 
512 4266140 
512 2576541 
512 3868771 
512 2876182 
512 5943679 
512 4601934 
512 2561997 
512 1947861 
512 4178216 
512 8325225 
512 7467237 
512 5736382 
512 6322334 
512 6363495 
512 3965849 
512 3042537 
512 3433742 
512 3871983 
512 4056772 
512 5948454 
512 3779309 
512 6808833 
512 4541121 
512 2271001 
512 2437450 
512 2994532 
512 6413479 
512 5769431 
512 2788292 
512 4273948 
512 4050494 
512 2951579 
512 2924090 
512 4314157 
512 4034326 
512 4042820 
512 4605100 
512 2158157 
512 3865305 
512 9910856 
512 4419054 
512 2955515 
512 6785987 
512 3958417 
512 6159860 
512 3461247 
512 2932277 
512 6301216 
512 3895830 
512 4680175 
512 5996666 
512 6508337 
512 6820996 
512 3024153 
512 3073828 
512 6292140 
512 7272496 
512 3320322 
512 2414412 
512 4723179 
512 3887790 
512 4618749 
512 3741346 
512 3004639 
512 5886706 
512 3368147 
512 5175726 
512 3198268 
512 3891671 
512 2359803 
512 4009876 
512 2731355 
512 2577331 
512 7965943 
512 4473721 
512 3424228 
512 8281511 
512 3570053 
512 6595487 
512 3375580 
512 4864246 
512 3149003 
512 3642791 
512 5125376 
512 2645873 
512 3561819 
512 1789098 
512 4756347 
512 4570129 
512 3811955 
512 2771275 
512 3938891 
512 4367175 
512 1822614 
512 1387171 
512 3726627 
512 5208723 
512 8798163 
512 5956357 
512 4711947 
512 4997046 
512 3717457 
512 4174252 
512 6457067 
512 6163464 
512 6920038 
512 4795201 
512 3439161 
512 4489287 
512 3210327 
512 9285476 
512 5842676 
512 5439920 
512 2614455 
512 4319915 
512 4684024 
512 5617510 
512 3322544 
512 4217656 
512 5948065 
512 3671352 
512 3631069 
512 5048634 
512 4123902 
512 5178391 
512 2265190 
512 4686331 
512 4342586 
512 5701497 
512 5126477 
512 4768712 
512 4887343 
512 1760435 
512 2940440 
512 3559026 
512 4156963 
512 4011239 
512 2292882 
512 6395320 
512 4976647 
512 1992430 
512 6936215 
512 6301094 
512 4592880 
512 4303848 
512 6394763 
512 2734132 
512 6529120 
512 4158244 
512 3562829 
512 4474419 
512 4821020 
512 2660349 
512 8551942 
512 2569552 
512 4117612 
512 6440352 
512 3721688 
512 4857392 
512 4404703 
512 3252316 
512 4153484 
512 3468242 
512 4244323 
512 3293556 
512 3782598 
512 4184689 
512 4853886 
512 3944789 
512 3085245 
512 3484610 
512 3649560 
512 3580354 
512 2965537 
512 2528343 
512 2180654 
512 5761844 
512 4621608 
512 3978144 
512 4140383 
512 5710788 
512 4519161 
512 4490006 
512 4034859 
512 4504423 
512 2677365 
512 5024021 
512 8102594 
512 5275222 
512 3489009 
512 5624126 
512 3675730 
512 3803039 
512 4069883 
512 4016083 
512 2926446 
512 6223990 
512 2466601 
512 4183689 
512 7597443 
512 5468605 
512 6479323 
512 3446513 
512 6449909 
512 4600071 
512 5493433 
512 2899236 
512 2579963 
512 3065249 
512 4380225 
512 4021437 
512 4950509 
512 5569955 
512 2824891 
512 4397883 
512 2195563 
512 3292168 
512 2939612 
512 2347933 
512 3807008 
512 3031239 
512 3989088 
512 3142400 
512 5142813 
512 3620781 
512 6233781 
512 5447366 
512 3274521 
512 5227212 
512 3972699 
