128 1864675 
128 4256656 
128 3349558 
128 9460012 
128 4820179 
128 6904499 
128 3428144 
128 3863703 
128 5730581 
128 6855703 
128 5805833 
128 5479324 
128 3084759 
128 7284435 
128 3492259 
128 1889397 
128 3175749 
128 3003373 
128 7952711 
128 2969823 
128 3997897 
128 1842323 
128 6015068 
128 7859876 
128 6969816 
128 5547482 
128 6818268 
128 6083245 
128 6820288 
128 4976320 
128 4626152 
128 4190848 
128 3837702 
128 6288417 
128 7576025 
128 6869437 
128 4500938 
128 4200847 
128 4847857 
128 4908089 
128 10553311 
128 2678472 
128 8877780 
128 3194388 
128 8540825 
128 6979657 
128 4873726 
128 2726032 
128 9446619 
128 5466016 
128 7313379 
128 4242967 
128 3682113 
128 7840075 
128 4816474 
128 5849003 
128 8331545 
128 2750689 
128 2326482 
128 4840457 
128 6880579 
128 5380267 
128 4611396 
128 9117752 
128 4007540 
128 3855758 
128 7924955 
128 4713924 
128 4050961 
128 6554120 
128 11747149 
128 4339787 
128 4620461 
128 7178681 
128 3331937 
128 7675608 
128 4660749 
128 4310712 
128 5185618 
128 3283246 
128 6450037 
128 10859193 
128 3912783 
128 6343551 
128 6780657 
128 4240741 
128 2136627 
128 3517860 
128 7575263 
128 3985058 
128 3753688 
128 4669035 
128 1623944 
128 4893760 
128 6125750 
128 5680478 
128 4145926 
128 6800023 
128 4575351 
128 4132105 
128 6170963 
128 4631964 
128 7682235 
128 3860044 
128 6505773 
128 12063583 
128 6364800 
128 3939701 
128 6533480 
128 2965729 
128 3793560 
128 4349700 
128 2572820 
128 4590055 
128 4039378 
128 2854628 
128 10810644 
128 4039466 
128 2897871 
128 4370361 
128 3396628 
128 5704579 
128 3856647 
128 5084313 
128 12781337 
128 6489497 
128 36410537 
128 3482547 
128 5276334 
128 5663741 
128 7756969 
128 8596962 
128 6068640 
128 7021919 
128 7533648 
128 5683916 
128 5423008 
128 4325342 
128 6879539 
128 3071144 
128 4748472 
128 4288588 
128 1998830 
128 4820371 
128 5572941 
128 9439045 
128 3373849 
128 4461632 
128 3513354 
128 4599717 
128 2604773 
128 2561634 
128 2897564 
128 6833021 
128 4940161 
128 6107446 
128 3108059 
128 3765513 
128 3249750 
128 3920005 
128 4446363 
128 6552541 
128 3142876 
128 3573674 
128 2437088 
128 3334084 
128 5226963 
128 4038128 
128 4954467 
128 5199276 
128 4704304 
128 4871845 
128 4959972 
128 7984203 
128 3467036 
128 4339264 
128 4416136 
128 10397793 
128 3139411 
128 2837874 
128 5573620 
128 4432501 
128 4880174 
128 7384900 
128 2626699 
128 3735273 
128 8841599 
128 6469181 
128 5258019 
128 2617200 
128 4699909 
128 7823472 
128 6191671 
128 6921807 
128 5256351 
128 4716828 
128 3988726 
128 6914115 
128 7073283 
128 7452486 
128 7263256 
128 15148376 
128 4687108 
128 4419045 
128 4313913 
128 4809107 
128 3305326 
128 4576722 
128 6376458 
128 4627972 
128 4050762 
128 5276904 
128 6033723 
128 2627245 
128 5239391 
128 5328864 
128 4683378 
128 3193629 
128 5582188 
128 2967932 
128 5759035 
128 5595993 
128 2394312 
128 6492896 
128 1959127 
128 2557414 
128 2065912 
128 6160636 
128 4805362 
128 8349815 
128 2371297 
128 5652934 
128 3136246 
128 4909533 
128 8343746 
128 4243709 
128 4727127 
128 5254294 
128 8406237 
128 6410507 
128 9481397 
128 5755304 
128 2887258 
128 4054927 
128 5756004 
128 4598587 
128 4013094 
128 5646461 
128 7313322 
128 2921324 
128 6449142 
128 3807380 
128 3983941 
128 5404741 
128 5787631 
128 4270334 
128 3400474 
128 6455888 
128 5095848 
128 2796265 
128 3110742 
128 5696928 
128 5480835 
128 4167674 
128 6316382 
128 3309054 
128 5364991 
128 3762438 
128 3207226 
128 5387232 
128 6506151 
128 5328503 
128 5301042 
128 3609760 
128 6715265 
128 3216371 
128 3526703 
128 5771987 
128 7318551 
128 7078668 
128 3488076 
128 5426389 
128 4305428 
128 2976489 
128 8096029 
128 4874811 
128 7400955 
128 2254677 
128 4237408 
128 4475994 
128 3133503 
128 6508321 
128 7504379 
128 6935795 
128 6382038 
128 3154351 
128 4093936 
128 3412471 
128 2697465 
128 4703792 
128 5052425 
128 3381985 
128 6663915 
128 6109110 
128 3241576 
128 5795843 
128 2018999 
128 3145139 
128 3785768 
128 7052534 
128 3086205 
128 5618048 
128 8496379 
128 5945405 
128 5132072 
128 6673757 
128 4624303 
128 2127908 
128 4527095 
128 3073439 
128 4056372 
128 5677039 
128 3639895 
128 4648303 
128 2535241 
128 4100682 
128 2958497 
128 3594389 
128 1974182 
128 7570782 
128 4395734 
128 4511737 
128 6642236 
128 4224138 
128 3504659 
128 7379262 
128 8950083 
128 4038300 
128 1999046 
128 8844686 
128 3479231 
128 7382778 
128 5855640 
128 3750920 
128 3819556 
128 3634656 
128 6547211 
128 1715721 
128 3321656 
128 6482161 
128 4697502 
128 3556820 
128 4514243 
128 6887674 
128 6178851 
128 3205219 
128 3452897 
128 2968991 
128 6853053 
128 5024601 
128 7770877 
128 5888438 
128 8279330 
128 4188067 
128 7140461 
128 4576729 
128 4602272 
128 2537024 
128 7422797 
128 4075228 
128 4053345 
128 4397484 
128 4689541 
128 2332537 
128 4690951 
128 7877093 
128 4167580 
128 3496014 
128 3369824 
128 6572255 
128 6010386 
128 4271501 
128 4665745 
128 4007224 
128 3591961 
128 5300282 
128 4663745 
128 5798447 
128 5372448 
128 6994333 
128 6631676 
128 5339110 
128 3631994 
128 2985134 
128 5082250 
128 5211449 
128 4778415 
128 6549403 
128 6983210 
128 1955199 
128 5881779 
128 4779029 
128 4185695 
128 5442282 
128 4583238 
128 3706788 
128 7446835 
128 7786706 
128 6011498 
128 4806051 
128 6059856 
128 2163100 
128 3917355 
128 2944859 
128 5318873 
128 1739928 
128 5822452 
128 7628058 
128 4743197 
128 3578529 
128 2426062 
128 5059164 
128 7289281 
128 6434190 
128 4913379 
128 7920295 
128 3486562 
128 4290998 
128 4379483 
128 7046806 
128 3289802 
128 4046516 
128 7423950 
128 6636534 
128 2706245 
128 4332039 
128 3583281 
128 2623021 
128 3016690 
128 7078205 
128 5401466 
128 3955799 
128 2338530 
128 5556428 
128 2706126 
128 7331656 
128 5186855 
128 3460330 
128 3541434 
128 3613399 
128 5875724 
128 6810556 
128 6964748 
128 4029005 
128 5883452 
128 5675006 
128 3035962 
128 9227185 
128 4726671 
128 2581479 
128 4471428 
128 4308192 
128 3836187 
128 3454115 
128 4723784 
128 6002296 
128 5318221 
128 3663504 
128 5408799 
128 3296562 
128 7123870 
128 3734563 
128 5174035 
128 4473686 
128 2537207 
128 8168906 
128 4552375 
128 5340276 
128 9505249 
128 4899985 
128 6960655 
128 5521018 
128 6826915 
128 5196714 
128 3851230 
128 7173394 
128 3637377 
128 5635168 
128 3505687 
128 3668277 
128 4021272 
128 2716451 
128 7609275 
128 3331510 
128 4449988 
128 4781959 
128 4737163 
128 5107158 
128 5396315 
128 2402711 
128 4090740 
128 3214187 
128 6244239 
128 7825182 
128 5055961 
128 4930985 
128 3133555 
128 2430645 
128 5362903 
128 3678884 
128 3874142 
128 4389057 
128 6795209 
128 3831705 
128 3622987 
128 8387654 
128 3432464 
128 7493315 
128 3860385 
128 4948225 
128 4803791 
128 3458407 
128 2918686 
128 4167428 
128 3279378 
128 2809145 
128 4842072 
128 5172213 
128 5262042 
128 3016868 
128 3526692 
128 5340360 
128 5447929 
128 4736599 
128 2238729 
128 2487587 
128 4876856 
128 8039615 
128 6343359 
128 14127886 
128 2250181 
128 5176276 
128 4556004 
128 3034069 
128 3665692 
128 7041805 
128 5322030 
128 2919260 
128 5723719 
128 4012527 
128 5802587 
128 4552016 
128 3992141 
128 2398951 
128 3617353 
128 6258755 
128 7300939 
128 3646057 
128 5733584 
128 2102785 
128 2660318 
128 5576506 
128 4246622 
128 7153406 
128 7287158 
128 7283035 
128 5556222 
128 6770291 
128 4678174 
128 3749795 
128 3524004 
128 5310833 
128 3737501 
128 6836854 
128 6885829 
128 7111466 
128 5819296 
128 3895263 
128 2851637 
128 5796580 
128 4942619 
128 5316066 
128 4840553 
128 4248124 
128 5104380 
128 2837074 
128 4793242 
128 6769390 
128 4836421 
128 9726340 
128 7505402 
128 4235222 
128 4042097 
128 3326477 
128 6176160 
128 2725624 
128 3509462 
128 4025304 
128 5527781 
128 5686873 
128 3227345 
128 4305333 
128 5030924 
128 4456352 
128 3013559 
128 2191927 
128 3476774 
128 4479657 
128 7390203 
128 4495851 
128 5370051 
128 5537016 
128 3204121 
128 4188089 
128 3098412 
128 13065896 
128 4723790 
128 4254461 
128 6358505 
128 7115357 
128 4733093 
128 5060914 
128 4492973 
128 5302838 
128 2855864 
128 4728031 
128 4106934 
128 6828379 
128 4515721 
128 7291648 
128 3048499 
128 3516293 
128 7311341 
128 2231149 
128 5030155 
128 6679654 
128 4401124 
128 3843643 
128 5753545 
128 2093573 
128 3115855 
128 4531458 
128 5016299 
128 7904827 
128 4884284 
128 1672060 
128 7525578 
128 1970015 
128 4017437 
128 6821070 
128 3320892 
128 5216952 
128 7638642 
128 8298290 
128 4652624 
128 7467707 
128 9792694 
128 7011258 
128 4984459 
128 5683950 
128 4758505 
128 5170533 
128 3718409 
128 5046909 
128 3359181 
128 5931914 
128 2536627 
128 6153872 
128 5765766 
128 2168042 
128 5992647 
128 2271976 
128 5797232 
128 6345134 
128 4170355 
128 3307789 
128 4387098 
128 4830144 
128 3839262 
128 4978047 
128 10171501 
128 9414608 
128 4546131 
128 6552754 
128 4967098 
128 6160877 
128 3356605 
128 3137885 
128 4789964 
128 3817655 
128 5986292 
128 6838653 
128 5680386 
128 5732804 
128 4258313 
128 9098421 
128 4840196 
128 5116980 
128 7738393 
128 4366707 
128 4357015 
128 6541803 
128 4378448 
128 6091083 
128 3847842 
128 8636054 
128 4594075 
128 6651159 
128 1808596 
128 6407829 
128 2764046 
128 5389212 
128 2789460 
128 6304285 
128 4443217 
128 9311327 
128 6939125 
128 5464816 
128 3848487 
128 6155276 
128 4729049 
128 8456304 
128 5541210 
128 5239078 
128 3137290 
128 3005623 
128 3399832 
128 4912282 
128 4564060 
128 4049345 
128 4776864 
128 4561967 
128 7397011 
128 4688640 
128 2366371 
128 3446771 
128 7997960 
128 6202696 
128 5734778 
128 1507783 
128 4847737 
128 2052504 
128 6317544 
128 2851760 
128 6821869 
128 8056968 
128 6432380 
128 3368932 
128 5408003 
128 5337734 
128 6312029 
128 3110825 
128 3421095 
128 4496044 
128 6140402 
128 3437259 
128 4364999 
128 3188300 
128 3490256 
128 6969777 
128 10570562 
128 4132583 
128 4155418 
128 3310105 
128 3848213 
128 2319820 
128 3555916 
128 9592348 
128 3118296 
128 2502337 
128 3985902 
128 4320039 
128 3901353 
128 6455116 
128 3191327 
128 3764545 
128 4603661 
128 4259038 
128 4986935 
128 7760780 
128 3705466 
128 4229980 
128 2895247 
128 6577362 
128 3971844 
128 4722761 
128 6137002 
128 3112515 
128 3831901 
128 5031096 
128 5622245 
128 3437376 
128 4450420 
128 6658997 
128 4382522 
128 4387107 
128 4280246 
128 2996453 
128 2768280 
128 5444721 
128 2995970 
128 2409757 
128 4139235 
128 3222983 
128 4293215 
128 2737774 
128 2953364 
128 2747661 
128 7250280 
128 2729568 
128 6181057 
128 8903675 
128 4370423 
128 9336914 
128 6342281 
128 4859800 
128 6044028 
128 4677661 
128 6395395 
128 8541482 
128 5502440 
128 4475382 
128 3204276 
128 5322956 
128 4179312 
128 6228833 
128 5239044 
128 7992774 
128 2545349 
128 4682309 
128 5811449 
128 2996819 
128 6972276 
128 9439449 
128 3132777 
128 6161136 
128 3089375 
128 4325871 
128 5441062 
128 6181099 
128 6791159 
128 3915475 
128 5837268 
128 7221292 
128 3350942 
128 4348119 
128 4482907 
128 4903330 
128 4131489 
128 4338048 
128 4205870 
128 3371026 
128 7171161 
128 2746128 
128 7067013 
128 4438784 
128 9780462 
128 7527910 
128 3485380 
128 6425378 
128 4315524 
128 6893071 
128 3746321 
128 3551066 
128 2549424 
128 6573075 
128 8329268 
128 3447007 
128 3632805 
128 5152509 
128 6164576 
128 4160095 
128 2427972 
128 5633099 
128 3241817 
128 3303539 
128 5377515 
128 3617196 
128 3809005 
128 4709003 
128 3700630 
128 5246566 
128 4474554 
128 6906495 
128 3474613 
128 5449460 
128 5140677 
128 4786838 
128 2890190 
128 4517651 
128 3999881 
128 2964344 
128 6583493 
128 4867188 
128 6631747 
128 4167358 
128 2069466 
128 5837488 
128 4622567 
128 5600440 
128 4959891 
128 7354903 
128 7071664 
128 3302683 
128 5775700 
128 4303605 
128 6841650 
128 4357163 
128 6145318 
128 3938108 
128 3187635 
128 5150932 
128 5930005 
128 5241166 
128 3995846 
128 6254169 
128 2733724 
128 4374589 
128 5769081 
128 3888222 
128 3813934 
