32768 2786460 
32768 5345938 
32768 5440164 
32768 2972331 
32768 3756659 
32768 2880922 
32768 2842200 
32768 2762228 
32768 5305725 
32768 7043838 
32768 5387182 
32768 4822731 
32768 4285555 
32768 4601974 
32768 7218119 
32768 4658141 
32768 4503752 
32768 4765266 
32768 6414977 
32768 2723368 
32768 7263560 
32768 9047743 
32768 8157768 
32768 7240297 
32768 4885675 
32768 2506604 
32768 2288331 
32768 5212072 
32768 8974859 
32768 7178006 
32768 3252117 
32768 7649147 
32768 4094183 
32768 8616442 
32768 4962494 
32768 4107556 
32768 6489899 
32768 3052957 
32768 5130866 
32768 2571575 
32768 2593679 
32768 3579427 
32768 4313910 
32768 5998160 
32768 5128742 
32768 4853495 
32768 5330769 
32768 4150364 
32768 1305540 
32768 9109888 
32768 6533490 
32768 2565762 
32768 2101385 
32768 3689947 
32768 2464873 
32768 5425746 
32768 3382779 
32768 3925354 
32768 2519404 
32768 5798130 
32768 4246275 
32768 7519176 
32768 5598654 
32768 10586378 
32768 5056228 
32768 3770876 
32768 2868953 
32768 3547266 
32768 3288061 
32768 5772495 
32768 2851069 
32768 5155965 
32768 2306151 
32768 2707474 
32768 4285931 
32768 2672706 
32768 3767365 
32768 4637534 
32768 3102122 
32768 2326812 
32768 4704810 
32768 4533041 
32768 4445303 
32768 7485778 
32768 4444379 
32768 3352274 
32768 2452272 
32768 2480143 
32768 3396092 
32768 5741437 
32768 8046462 
32768 4785856 
32768 4353715 
32768 6554486 
32768 5558415 
32768 3562145 
32768 6416484 
32768 7549777 
32768 4162396 
32768 4344017 
32768 3541198 
32768 5366841 
32768 5800216 
32768 6735645 
32768 3815560 
32768 3377224 
32768 5143924 
32768 6718503 
32768 2692773 
32768 2883416 
32768 4876177 
32768 2833703 
32768 2639526 
32768 4975334 
32768 5337168 
32768 3058554 
32768 5483588 
32768 4166210 
32768 3781309 
32768 2796111 
32768 4356464 
32768 6610348 
32768 3247613 
32768 4307747 
32768 2956724 
32768 4489635 
32768 2752616 
32768 4906257 
32768 3636796 
32768 3132061 
32768 3488542 
32768 6036741 
32768 4073187 
32768 3929334 
32768 3388110 
32768 3352964 
32768 6954085 
32768 5752375 
32768 7315676 
32768 5157750 
32768 4220090 
32768 3466250 
32768 6952590 
32768 6281474 
32768 3454682 
32768 2647317 
32768 5143983 
32768 5676901 
32768 5171163 
32768 1923329 
32768 5704970 
32768 4892989 
32768 6385510 
32768 5980774 
32768 5174275 
32768 5188317 
32768 3242700 
32768 2740883 
32768 2438630 
32768 1910749 
32768 3613294 
32768 4311596 
32768 3353801 
32768 5676356 
32768 4571897 
32768 2054528 
32768 6088237 
32768 5583725 
32768 5068775 
32768 7134913 
32768 3182618 
32768 7106435 
32768 3043905 
32768 6351750 
32768 5406938 
32768 7743607 
32768 3869561 
32768 3866133 
32768 4283498 
32768 3542759 
32768 4105414 
32768 4261113 
32768 3215417 
32768 7370671 
32768 3942234 
32768 2379162 
32768 5778918 
32768 4183581 
32768 6406739 
32768 4262408 
32768 2633766 
32768 5335834 
32768 6286956 
32768 2076586 
32768 6331919 
32768 4764639 
32768 3387105 
32768 7346258 
32768 5248071 
32768 2190755 
32768 4595026 
32768 4602786 
32768 4371540 
32768 3980870 
32768 5702306 
32768 4948687 
32768 3564945 
32768 4064068 
32768 4160512 
32768 7009358 
32768 3154731 
32768 3417065 
32768 7114610 
32768 3272774 
32768 2525896 
32768 7262723 
32768 1512340 
32768 3113726 
32768 6533325 
32768 3016486 
32768 4451845 
32768 9161296 
32768 3985453 
32768 2632970 
32768 3923820 
32768 4353477 
32768 3657982 
32768 6665535 
32768 5355893 
32768 3025915 
32768 4601132 
32768 4797381 
32768 5827585 
32768 4176914 
32768 3629500 
32768 3944509 
32768 2646044 
32768 2854913 
32768 3251202 
32768 2268417 
32768 3257851 
32768 5457717 
32768 5513116 
32768 2559954 
32768 3197151 
32768 6653001 
32768 4499854 
32768 4798328 
32768 2612339 
32768 4086257 
32768 1844879 
32768 3575505 
32768 6143677 
32768 4317880 
32768 2455367 
32768 4207141 
32768 3115524 
32768 4147924 
32768 2528423 
32768 2881201 
32768 3828551 
32768 2248797 
32768 8001151 
32768 5823290 
32768 3060734 
32768 4695563 
32768 3143445 
32768 3964465 
32768 2660851 
32768 4520684 
32768 4101312 
32768 2191664 
32768 6086535 
32768 3318453 
32768 1975914 
32768 2930640 
32768 4266166 
32768 8672553 
32768 4581252 
32768 4531496 
32768 5766741 
32768 4605844 
32768 6044553 
32768 5484143 
32768 4882043 
32768 4878746 
32768 5059096 
32768 2265240 
32768 4964002 
32768 8627802 
32768 3900711 
32768 2963163 
32768 2366062 
32768 3404039 
32768 4910474 
32768 3456776 
32768 4146586 
32768 3295891 
32768 3988634 
32768 4100695 
32768 5311367 
32768 3178971 
32768 2700603 
32768 4375130 
32768 6287020 
32768 4370865 
32768 3197648 
32768 2761917 
32768 5959523 
32768 3978022 
32768 6889400 
32768 7146541 
32768 3555193 
32768 1822669 
32768 3796427 
32768 6763535 
32768 6513077 
32768 3279141 
32768 7008719 
32768 5748907 
32768 3825953 
32768 9100150 
32768 5216615 
32768 4696338 
32768 4368155 
32768 3219446 
32768 2441367 
32768 4784640 
32768 2228819 
32768 2005172 
32768 5991664 
32768 3114139 
32768 3211698 
32768 4065357 
32768 7802424 
32768 4998660 
32768 5243628 
32768 2824865 
32768 5681079 
32768 4743538 
32768 4746985 
32768 8215414 
32768 4065539 
32768 2575078 
32768 4606401 
32768 5065422 
32768 3724655 
32768 6152683 
32768 1444268 
32768 4579746 
32768 2644884 
32768 6477345 
32768 4631301 
32768 2968483 
32768 6452053 
32768 5135860 
32768 2371542 
32768 4327085 
32768 4256866 
32768 2831790 
32768 5310844 
32768 2947034 
32768 6924275 
32768 4065433 
32768 2597760 
32768 2489930 
32768 6481266 
32768 5809084 
32768 4809301 
32768 2869678 
32768 4096886 
32768 2851715 
32768 2730828 
32768 6209816 
32768 3861935 
32768 3128163 
32768 1965052 
32768 3136403 
32768 3648625 
32768 3433473 
32768 4026275 
32768 3084124 
32768 6018447 
32768 4267883 
32768 4347319 
32768 2844689 
32768 4487392 
32768 4422347 
32768 4584551 
32768 1801596 
32768 4389533 
32768 4248675 
32768 2407995 
32768 4918557 
32768 2324073 
32768 3129096 
32768 2514867 
32768 6924219 
32768 6072953 
32768 3660812 
32768 5360477 
32768 5932090 
32768 8579696 
32768 3619887 
32768 3022388 
32768 4011356 
32768 6946193 
32768 4349507 
32768 2493300 
32768 6275829 
32768 2388362 
32768 2432296 
32768 4106009 
32768 6204288 
32768 5973760 
32768 3194924 
32768 3621905 
32768 3540402 
32768 3143339 
32768 2762818 
32768 6867005 
32768 10101345 
32768 3219241 
32768 4854710 
32768 3155443 
32768 2025881 
32768 7075635 
32768 3173736 
32768 6240580 
32768 6498105 
32768 3170452 
32768 2785582 
32768 3538434 
32768 4203587 
32768 4293983 
32768 4738031 
32768 4537917 
32768 3857540 
32768 3185433 
32768 6058577 
32768 5174661 
32768 5326982 
32768 6348292 
32768 3158347 
32768 3627330 
32768 4797584 
32768 3779992 
32768 5239575 
32768 5135578 
32768 4535233 
32768 2468454 
32768 2588219 
32768 5221244 
32768 4538126 
32768 4274405 
32768 3051755 
32768 7168499 
32768 2879406 
32768 4311534 
32768 2778363 
32768 3372744 
32768 2428977 
32768 4390627 
32768 4749917 
32768 6263618 
32768 2688259 
32768 4942615 
32768 5737295 
32768 2912110 
32768 3471162 
32768 3908496 
32768 2341006 
32768 4627596 
32768 3450537 
32768 6377094 
32768 5581964 
32768 4673348 
32768 3290899 
32768 3878511 
32768 3983618 
32768 2384537 
32768 2411174 
32768 3112931 
32768 2364831 
32768 2970059 
32768 6060197 
32768 6178834 
32768 4895570 
32768 5130656 
32768 2915905 
32768 1484925 
32768 2004040 
32768 3485018 
32768 5283490 
32768 3376464 
32768 5268620 
32768 4201314 
32768 3091496 
32768 5531111 
32768 5617211 
32768 5844205 
32768 3711803 
32768 2895645 
32768 2984171 
32768 3087419 
32768 4356673 
32768 5445911 
32768 3451036 
32768 4259098 
32768 4260191 
32768 4608612 
32768 3371412 
32768 4451542 
32768 5506841 
32768 4903849 
32768 5669048 
32768 4541601 
32768 5087783 
32768 4409279 
32768 3959670 
32768 4942582 
32768 4752367 
32768 9559340 
32768 5855403 
32768 2912086 
32768 3489241 
32768 4413155 
32768 3705103 
32768 2287913 
32768 5231217 
32768 3365581 
32768 2690623 
32768 3579444 
32768 3037253 
32768 1822069 
32768 4131558 
32768 3322138 
32768 9024248 
32768 5554243 
32768 7335290 
32768 3376450 
32768 5384242 
32768 3011176 
32768 6714355 
32768 1796370 
32768 5271469 
32768 3892875 
32768 2324542 
32768 5949347 
32768 4714747 
32768 4341102 
32768 3620165 
32768 3206094 
32768 4501436 
32768 6270918 
32768 4479256 
32768 8900877 
32768 2411830 
32768 6816436 
32768 4018520 
32768 2554796 
32768 5418013 
32768 3477200 
32768 3219630 
32768 4114749 
32768 8163387 
32768 4082661 
32768 4111487 
32768 4179294 
32768 3413504 
32768 3934910 
32768 2366661 
32768 5673457 
32768 3370235 
32768 3806052 
32768 2641910 
32768 5241686 
32768 3890289 
32768 11106915 
32768 5539383 
32768 3413717 
32768 7752063 
32768 3567088 
32768 1168945 
32768 3764882 
32768 4562830 
32768 6976905 
32768 4547182 
32768 6898038 
32768 5102425 
32768 4783127 
32768 3440358 
32768 2642115 
32768 3073643 
32768 2858913 
32768 11449661 
32768 2739439 
32768 3993345 
32768 3611679 
32768 4272171 
32768 2716261 
32768 3819344 
32768 4402818 
32768 8040491 
32768 6838046 
32768 5505409 
32768 6871300 
32768 3978485 
32768 3883619 
32768 5430578 
32768 4860357 
32768 2692144 
32768 2395282 
32768 4717671 
32768 5879979 
32768 3209666 
32768 2064793 
32768 5294007 
32768 3018583 
32768 5010600 
32768 3611949 
32768 4437221 
32768 4548377 
32768 4499545 
32768 3423905 
32768 9357515 
32768 4266425 
32768 5700727 
32768 2725277 
32768 3741711 
32768 5217185 
32768 2101291 
32768 6739012 
32768 6191579 
32768 3258199 
32768 6715112 
32768 6730435 
32768 2669887 
32768 4885015 
32768 2952008 
32768 3058283 
32768 6447132 
32768 3544389 
32768 2933916 
32768 3483992 
32768 6028565 
32768 4079014 
32768 3428583 
32768 3351784 
32768 2910011 
32768 2051427 
32768 5644635 
32768 5827643 
32768 5866151 
32768 4254397 
32768 5420285 
32768 8541362 
32768 4659069 
32768 2675435 
32768 4736655 
32768 3502931 
32768 5904976 
32768 2591015 
32768 3049989 
32768 4717500 
32768 4433474 
32768 6010119 
32768 2589359 
32768 5107130 
32768 5739181 
32768 5273986 
32768 2906967 
32768 5298131 
32768 4118877 
32768 6192769 
32768 4613515 
32768 7462276 
32768 2941361 
32768 2837309 
32768 3293587 
32768 5369628 
32768 2099125 
32768 3107210 
32768 6292470 
32768 6148936 
32768 2662413 
32768 2683811 
32768 5419297 
32768 3195327 
32768 5151717 
32768 4016537 
32768 3036656 
32768 3290748 
32768 2478421 
32768 8352094 
32768 4637718 
32768 3477747 
32768 2441259 
32768 2293271 
32768 3866528 
32768 3307750 
32768 2325571 
32768 3052020 
32768 6505760 
32768 5372630 
32768 3375316 
32768 6024247 
32768 7756338 
32768 3116726 
32768 4890281 
32768 3387279 
32768 2871441 
32768 1192778 
32768 4557525 
32768 3994027 
32768 3692387 
32768 6139845 
32768 3369579 
32768 2725876 
32768 6682423 
32768 5022911 
32768 7824339 
32768 3253884 
32768 2334415 
32768 3635655 
32768 4420040 
32768 1888103 
32768 4728613 
32768 3546099 
32768 2503295 
32768 5573577 
32768 4809350 
32768 3201103 
32768 4867188 
32768 4609464 
32768 5304486 
32768 4290045 
32768 4088920 
32768 4419820 
32768 6032333 
32768 4693408 
32768 3685311 
32768 3850882 
32768 5815874 
32768 4784983 
32768 5363476 
32768 3332942 
32768 2195299 
32768 1328919 
32768 6684349 
32768 3354929 
32768 2945462 
32768 6092608 
32768 6637544 
32768 3057000 
32768 5810916 
32768 3354345 
32768 6099954 
32768 3573508 
32768 2475533 
32768 2583522 
32768 5444920 
32768 4879265 
32768 2550020 
32768 3678244 
32768 3379837 
32768 5986761 
32768 4707550 
32768 6102426 
32768 3438803 
32768 4312617 
32768 2662200 
32768 3797936 
32768 2965112 
32768 5900687 
32768 4538533 
32768 2727330 
32768 1965349 
32768 4257094 
32768 9262126 
32768 7361681 
32768 5783129 
32768 6935396 
32768 6857654 
32768 4809595 
32768 3186815 
32768 3585331 
32768 3746428 
32768 4025827 
32768 4999899 
32768 3236722 
32768 5976427 
32768 4535159 
32768 2191758 
32768 2339792 
32768 3063137 
32768 6671047 
32768 6792162 
32768 2862178 
32768 4842099 
32768 3923264 
32768 2855549 
32768 2967757 
32768 5463206 
32768 4034630 
32768 4432287 
32768 4561766 
32768 2408837 
32768 3999933 
32768 9655498 
32768 4333510 
32768 2198127 
32768 6100538 
32768 4360168 
32768 6314741 
32768 3365847 
32768 2876144 
32768 5943929 
32768 3862387 
32768 4744516 
32768 7013159 
32768 7260931 
32768 5840699 
32768 3271008 
32768 3641652 
32768 5634974 
32768 6109372 
32768 3243377 
32768 2305630 
32768 3881701 
32768 3908914 
32768 4650789 
32768 3746479 
32768 3105913 
32768 5960888 
32768 4134587 
32768 5199920 
32768 3018846 
32768 4882511 
32768 2356280 
32768 4209949 
32768 3609152 
32768 2620096 
32768 6951639 
32768 3905649 
32768 3186422 
32768 8998354 
32768 3396344 
32768 6779417 
32768 3589360 
32768 4113598 
32768 3954142 
32768 3736839 
32768 4130442 
32768 2711723 
32768 2854311 
32768 1876106 
32768 4724333 
32768 4195080 
32768 3908822 
32768 2854519 
32768 4083834 
32768 4335884 
32768 1789176 
32768 1285918 
32768 3838497 
32768 4928349 
32768 8211720 
32768 6131245 
32768 4618918 
32768 4898869 
32768 3644846 
32768 4166151 
32768 5539675 
32768 5940190 
32768 5942880 
32768 5105789 
32768 3429213 
32768 4529731 
32768 3255951 
32768 9221739 
32768 5610456 
32768 6647640 
32768 2547088 
32768 3698897 
32768 4759690 
32768 5780599 
32768 3488449 
32768 4349610 
32768 7026753 
32768 3722755 
32768 3395250 
32768 6150308 
32768 4051283 
32768 5184820 
32768 2336720 
32768 4751080 
32768 4079938 
32768 5835176 
32768 5166554 
32768 4740457 
32768 5709169 
32768 1857436 
32768 2804173 
32768 3669960 
32768 4184790 
32768 4488725 
32768 2305813 
32768 6387922 
32768 4943017 
32768 2010474 
32768 6394241 
32768 6253162 
32768 4543079 
32768 4232696 
32768 5372714 
32768 2708677 
32768 6656433 
32768 3484756 
32768 3354688 
32768 4500681 
32768 4322625 
32768 2828749 
32768 8196713 
32768 2520215 
32768 3990921 
32768 6671436 
32768 3674586 
32768 4703153 
32768 4310683 
32768 3137571 
32768 4149864 
32768 3466666 
32768 4374113 
32768 3388364 
32768 4628352 
32768 5179218 
32768 5069288 
32768 3940953 
32768 2406423 
32768 2817146 
32768 3600372 
32768 3577848 
32768 2848178 
32768 3345918 
32768 2181760 
32768 5224983 
32768 4709051 
32768 3945098 
32768 4256044 
32768 5642332 
32768 4483342 
32768 4554378 
32768 4223751 
32768 4381290 
32768 3028858 
32768 5089303 
32768 8670979 
32768 5435519 
32768 4121476 
32768 5036658 
32768 3975785 
32768 4022057 
32768 4910709 
32768 4706806 
32768 2954932 
32768 6367289 
32768 2617478 
32768 4345110 
32768 6986718 
32768 5573809 
32768 6547483 
32768 3404045 
32768 5673911 
32768 3684048 
32768 5282998 
32768 2875830 
32768 2652783 
32768 2307645 
32768 4492135 
32768 4756915 
32768 5316270 
32768 5177471 
32768 2885642 
32768 4874937 
32768 2121895 
32768 3392600 
32768 2965242 
32768 2417041 
32768 3389143 
32768 3089485 
32768 3976020 
32768 3300582 
32768 5154849 
32768 3596979 
32768 7333934 
32768 4937100 
32768 3403072 
32768 5264945 
32768 3985099 
