2048 2263539 
2048 4179425 
2048 3439376 
2048 2423380 
2048 2564738 
2048 2376455 
2048 2286567 
2048 2091312 
2048 4238496 
2048 4867459 
2048 4369209 
2048 4031909 
2048 3455488 
2048 3060153 
2048 5051293 
2048 3408499 
2048 3389716 
2048 3163625 
2048 5259090 
2048 2483839 
2048 5366540 
2048 7119330 
2048 6376656 
2048 6042913 
2048 4300205 
2048 2434384 
2048 1875505 
2048 4638228 
2048 7861677 
2048 5564445 
2048 2576278 
2048 6971411 
2048 3307814 
2048 6513715 
2048 3241229 
2048 2447691 
2048 4941716 
2048 2743273 
2048 4725367 
2048 1681853 
2048 2157276 
2048 2962674 
2048 3717400 
2048 5643556 
2048 3553045 
2048 3462713 
2048 5041372 
2048 4347649 
2048 1095799 
2048 8853699 
2048 5167353 
2048 2396471 
2048 2095415 
2048 3396527 
2048 2456730 
2048 4445627 
2048 3091051 
2048 4097172 
2048 2818187 
2048 5179054 
2048 4434816 
2048 7566211 
2048 5350573 
2048 5623808 
2048 4944576 
2048 3423010 
2048 2642333 
2048 3172294 
2048 2269285 
2048 4603581 
2048 2782631 
2048 3738564 
2048 2006986 
2048 2742699 
2048 3327344 
2048 2370994 
2048 3380623 
2048 4022758 
2048 2080054 
2048 1819628 
2048 4387347 
2048 3941879 
2048 4381604 
2048 6820608 
2048 3834360 
2048 3043385 
2048 2145099 
2048 2381116 
2048 3102977 
2048 5112685 
2048 6549561 
2048 3855158 
2048 4341705 
2048 4997539 
2048 4227683 
2048 3584606 
2048 5709801 
2048 6455464 
2048 4156840 
2048 4235807 
2048 3355144 
2048 4017253 
2048 4338647 
2048 5465509 
2048 3746283 
2048 2799839 
2048 4895228 
2048 6043380 
2048 2459800 
2048 2688959 
2048 4717099 
2048 1856002 
2048 2622826 
2048 3630476 
2048 4849583 
2048 2754846 
2048 5097191 
2048 3646860 
2048 3322991 
2048 2557570 
2048 4109469 
2048 5490480 
2048 3268319 
2048 3841796 
2048 2623208 
2048 4627872 
2048 2415570 
2048 4504285 
2048 3299981 
2048 2873049 
2048 3203092 
2048 5755247 
2048 3913836 
2048 3920871 
2048 3239230 
2048 2789471 
2048 5925067 
2048 4612372 
2048 5898545 
2048 3902769 
2048 3001005 
2048 2366080 
2048 6616210 
2048 5502713 
2048 4009865 
2048 2316456 
2048 4027267 
2048 5405162 
2048 4649364 
2048 1578026 
2048 5217041 
2048 4859673 
2048 5415873 
2048 6167954 
2048 4222658 
2048 4830733 
2048 3092218 
2048 2556042 
2048 2511587 
2048 1876132 
2048 3586112 
2048 3689030 
2048 3185016 
2048 5239739 
2048 3352478 
2048 1755713 
2048 5687005 
2048 4436857 
2048 4996165 
2048 4849299 
2048 3056754 
2048 6379334 
2048 2848977 
2048 5274472 
2048 4213804 
2048 7204873 
2048 3385787 
2048 3690535 
2048 4631029 
2048 3208113 
2048 4065337 
2048 3677201 
2048 3040805 
2048 6768048 
2048 3713994 
2048 2490022 
2048 5170906 
2048 4051091 
2048 4832091 
2048 3849847 
2048 2680047 
2048 4679087 
2048 5598820 
2048 2016230 
2048 4919783 
2048 4604218 
2048 3022442 
2048 7317772 
2048 4802629 
2048 1824700 
2048 3920566 
2048 4477982 
2048 4362846 
2048 3478363 
2048 5641861 
2048 4323576 
2048 3122577 
2048 3494243 
2048 3084403 
2048 6017413 
2048 2857228 
2048 2813810 
2048 5380149 
2048 3212653 
2048 2230050 
2048 6047030 
2048 1467911 
2048 2931980 
2048 6469545 
2048 2727890 
2048 4146123 
2048 7688508 
2048 3938670 
2048 2538167 
2048 3508752 
2048 3834255 
2048 3615430 
2048 5438538 
2048 5296637 
2048 2939612 
2048 4099427 
2048 4815249 
2048 4517419 
2048 3926206 
2048 3624372 
2048 3682312 
2048 2609225 
2048 2311554 
2048 3157963 
2048 2171516 
2048 3322783 
2048 4620889 
2048 4499681 
2048 2595513 
2048 2999274 
2048 6497221 
2048 4546771 
2048 5032922 
2048 2601537 
2048 3552650 
2048 1754692 
2048 3463936 
2048 5011047 
2048 3904737 
2048 2362830 
2048 3278140 
2048 3169642 
2048 4187616 
2048 2472298 
2048 2643376 
2048 3624350 
2048 2287754 
2048 6633529 
2048 5579033 
2048 2358679 
2048 3464161 
2048 2898922 
2048 3534308 
2048 2375636 
2048 4423390 
2048 3820454 
2048 2242820 
2048 5830299 
2048 3209040 
2048 1902215 
2048 2789597 
2048 3996908 
2048 6299845 
2048 4146614 
2048 4067759 
2048 4540932 
2048 3548355 
2048 5631037 
2048 4797257 
2048 4670051 
2048 4350604 
2048 3999006 
2048 2312211 
2048 5056388 
2048 8264230 
2048 3646182 
2048 2747672 
2048 2356513 
2048 3174235 
2048 4532697 
2048 3417224 
2048 3954839 
2048 3138207 
2048 3579510 
2048 3675256 
2048 5084104 
2048 3277847 
2048 2419844 
2048 4110665 
2048 6275119 
2048 3972637 
2048 3157294 
2048 2630106 
2048 5851989 
2048 3996870 
2048 6423366 
2048 6025123 
2048 3238290 
2048 1808277 
2048 3753871 
2048 6840479 
2048 6791341 
2048 2983806 
2048 6005694 
2048 5815442 
2048 3568017 
2048 7701969 
2048 4570776 
2048 4794173 
2048 4324590 
2048 3231180 
2048 2293121 
2048 4891500 
2048 2260580 
2048 1915026 
2048 5571182 
2048 2832767 
2048 2354398 
2048 4093491 
2048 8062637 
2048 4803901 
2048 4516907 
2048 2729884 
2048 4254157 
2048 4771167 
2048 4573789 
2048 7310728 
2048 3720179 
2048 2395347 
2048 4699131 
2048 5096745 
2048 3355956 
2048 6038525 
2048 1557729 
2048 4524552 
2048 2436935 
2048 6000180 
2048 4185555 
2048 2817836 
2048 6172204 
2048 4715609 
2048 2330627 
2048 4055036 
2048 3870134 
2048 2515181 
2048 4540923 
2048 2732331 
2048 6472447 
2048 4337161 
2048 2696725 
2048 2273321 
2048 6516344 
2048 4901043 
2048 4805552 
2048 2676596 
2048 3922902 
2048 2658745 
2048 2653808 
2048 6375288 
2048 3596891 
2048 2944248 
2048 1813881 
2048 3105530 
2048 3384146 
2048 3212495 
2048 3696070 
2048 3084400 
2048 5737065 
2048 3934182 
2048 4180805 
2048 2834396 
2048 4442084 
2048 3535445 
2048 4164094 
2048 1695725 
2048 3920182 
2048 4028706 
2048 2371633 
2048 4623556 
2048 2021241 
2048 2972021 
2048 2150608 
2048 6318779 
2048 5654099 
2048 3395707 
2048 5462949 
2048 5029946 
2048 7607618 
2048 3321849 
2048 2709325 
2048 3666494 
2048 6506003 
2048 3629999 
2048 2612115 
2048 5718412 
2048 2183431 
2048 2646437 
2048 3800449 
2048 5254812 
2048 4785877 
2048 2944006 
2048 3306541 
2048 3174915 
2048 3091951 
2048 2590248 
2048 5976631 
2048 9125791 
2048 2988725 
2048 4603510 
2048 3227686 
2048 1891447 
2048 6369453 
2048 3221378 
2048 5887207 
2048 5891170 
2048 3070370 
2048 2780489 
2048 3228762 
2048 3312170 
2048 3871177 
2048 4817206 
2048 4469764 
2048 3592107 
2048 3082621 
2048 5046695 
2048 5098678 
2048 5276346 
2048 5723497 
2048 2855966 
2048 3717056 
2048 4715019 
2048 3531574 
2048 5210955 
2048 5169409 
2048 3644937 
2048 2458443 
2048 2431649 
2048 4745034 
2048 3569655 
2048 3532578 
2048 2771013 
2048 7367810 
2048 2892016 
2048 4345564 
2048 2838807 
2048 3094405 
2048 2244512 
2048 4285211 
2048 4903993 
2048 6274087 
2048 2533138 
2048 5091160 
2048 5092900 
2048 2534833 
2048 3435455 
2048 3909444 
2048 2278887 
2048 4121023 
2048 3677657 
2048 5845380 
2048 5002583 
2048 3418259 
2048 3170362 
2048 4080092 
2048 4030125 
2048 2254086 
2048 2394914 
2048 3143604 
2048 2441798 
2048 2811915 
2048 5764407 
2048 5583778 
2048 4688714 
2048 4374090 
2048 2684197 
2048 1514366 
2048 1824440 
2048 3166630 
2048 5148118 
2048 2957979 
2048 4911222 
2048 4174700 
2048 3113976 
2048 4240001 
2048 5333586 
2048 5944828 
2048 3375428 
2048 2587842 
2048 2090023 
2048 2856839 
2048 4041880 
2048 4085366 
2048 2441881 
2048 3937223 
2048 4012130 
2048 4733320 
2048 3176501 
2048 3671033 
2048 5257666 
2048 3935526 
2048 5518125 
2048 4623028 
2048 4803587 
2048 4514641 
2048 3173146 
2048 4853968 
2048 4825035 
2048 8587202 
2048 5507272 
2048 2947498 
2048 3150447 
2048 4212128 
2048 3328148 
2048 2314129 
2048 4086399 
2048 3410003 
2048 2007651 
2048 3425223 
2048 2834277 
2048 1713813 
2048 3879059 
2048 3472779 
2048 7948244 
2048 4336523 
2048 6776129 
2048 3164570 
2048 4731372 
2048 2761452 
2048 6536337 
2048 1650344 
2048 5381355 
2048 3513125 
2048 2282757 
2048 5587343 
2048 4143435 
2048 4310345 
2048 3504948 
2048 3199989 
2048 4213651 
2048 5777482 
2048 4514383 
2048 8107753 
2048 2345053 
2048 5981636 
2048 3816534 
2048 2731054 
2048 5568004 
2048 3075394 
2048 3214706 
2048 4198762 
2048 7071926 
2048 3945027 
2048 3702344 
2048 3821514 
2048 3109524 
2048 3625781 
2048 2317818 
2048 5325801 
2048 3673600 
2048 3544729 
2048 2691330 
2048 4276372 
2048 3631786 
2048 9747952 
2048 5479088 
2048 3163044 
2048 6853197 
2048 3496915 
2048 991330 
2048 3510704 
2048 3680997 
2048 6107233 
2048 3727783 
2048 7061438 
2048 4821341 
2048 4560749 
2048 3429699 
2048 2544955 
2048 2828645 
2048 2994048 
2048 11006619 
2048 2660578 
2048 3441715 
2048 3544605 
2048 4109069 
2048 2521011 
2048 2770780 
2048 4127512 
2048 7382441 
2048 6360000 
2048 4823056 
2048 6917885 
2048 3813779 
2048 3956849 
2048 4623039 
2048 3927452 
2048 2755590 
2048 2521729 
2048 4664403 
2048 4694169 
2048 3033160 
2048 2012167 
2048 5032309 
2048 2739974 
2048 5006569 
2048 3829381 
2048 4307532 
2048 4007046 
2048 4583976 
2048 3195906 
2048 9224040 
2048 4336809 
2048 5122629 
2048 2516257 
2048 3912835 
2048 4799408 
2048 2139892 
2048 6538724 
2048 6421072 
2048 3330632 
2048 6646977 
2048 6009292 
2048 2686254 
2048 3808852 
2048 2737048 
2048 2902441 
2048 5704254 
2048 3300170 
2048 3008807 
2048 3460911 
2048 4724998 
2048 4243263 
2048 3741805 
2048 3300953 
2048 2588270 
2048 2034661 
2048 5800026 
2048 5329003 
2048 4624065 
2048 3791755 
2048 4602628 
2048 6996208 
2048 3987336 
2048 2291419 
2048 4078706 
2048 2824375 
2048 5781141 
2048 2650808 
2048 2826908 
2048 4457103 
2048 3743999 
2048 5619768 
2048 2674341 
2048 5196141 
2048 5831016 
2048 5219643 
2048 3000176 
2048 5038890 
2048 4136250 
2048 6183076 
2048 4633878 
2048 6186939 
2048 2986701 
2048 2902489 
2048 3310319 
2048 5341463 
2048 1930403 
2048 2945835 
2048 6553970 
2048 5602053 
2048 2603159 
2048 2706356 
2048 4196735 
2048 3054288 
2048 5315049 
2048 3577252 
2048 2848908 
2048 3069150 
2048 2164697 
2048 7684244 
2048 4688549 
2048 3389645 
2048 2219773 
2048 2166937 
2048 3604020 
2048 3120367 
2048 2335559 
2048 3089744 
2048 6770928 
2048 4583657 
2048 3063897 
2048 5607246 
2048 7579256 
2048 3052209 
2048 4996710 
2048 3399033 
2048 2676114 
2048 1221738 
2048 3999083 
2048 4325008 
2048 3850883 
2048 4867876 
2048 3275912 
2048 2606074 
2048 6254447 
2048 3803700 
2048 7412574 
2048 3207759 
2048 2087606 
2048 3603374 
2048 4109575 
2048 1974404 
2048 3751919 
2048 3487133 
2048 2339902 
2048 5324820 
2048 4824966 
2048 2954203 
2048 4828503 
2048 4597290 
2048 4522435 
2048 3527806 
2048 4063855 
2048 4178708 
2048 5233480 
2048 4821879 
2048 3530119 
2048 3695010 
2048 4951455 
2048 4205609 
2048 4420849 
2048 3020097 
2048 2175019 
2048 1312415 
2048 5561698 
2048 3269932 
2048 2272165 
2048 5692913 
2048 5761627 
2048 2866846 
2048 5586270 
2048 3293238 
2048 5798902 
2048 3647802 
2048 2288721 
2048 2579457 
2048 5545097 
2048 4565456 
2048 2326722 
2048 3358286 
2048 3516679 
2048 5320096 
2048 4428549 
2048 4883179 
2048 3533112 
2048 4550146 
2048 2529967 
2048 3635685 
2048 2933780 
2048 6047922 
2048 4536676 
2048 2597142 
2048 1924690 
2048 4431042 
2048 8457865 
2048 6927060 
2048 5689014 
2048 6111847 
2048 6210507 
2048 3770225 
2048 3210107 
2048 3558654 
2048 3398758 
2048 3890428 
2048 4699563 
2048 2998124 
2048 5876491 
2048 4433735 
2048 1985710 
2048 2171948 
2048 2787756 
2048 6691437 
2048 5522884 
2048 2618139 
2048 4126371 
2048 3878209 
2048 2835815 
2048 2936152 
2048 4166529 
2048 3988549 
2048 3378626 
2048 4656738 
2048 2064280 
2048 3714547 
2048 8665729 
2048 3909736 
2048 2040808 
2048 6202749 
2048 3983589 
2048 6203819 
2048 3310567 
2048 3008509 
2048 6132959 
2048 3646537 
2048 4478685 
2048 5504007 
2048 6482183 
2048 6015644 
2048 3088923 
2048 3030185 
2048 5485505 
2048 6283031 
2048 3003097 
2048 2506306 
2048 3604919 
2048 3653584 
2048 4356472 
2048 3640099 
2048 3034136 
2048 5536768 
2048 3288338 
2048 5309149 
2048 2755434 
2048 3958967 
2048 2270557 
2048 4208360 
2048 2521355 
2048 2437643 
2048 7118821 
2048 3418857 
2048 3083856 
2048 8396087 
2048 3266979 
2048 6595490 
2048 3554895 
2048 4295494 
2048 2889620 
2048 3407362 
2048 4189815 
2048 2697712 
2048 2731156 
2048 1866320 
2048 4741520 
2048 4222513 
2048 3563504 
2048 2957075 
2048 4232159 
2048 4357795 
2048 1766736 
2048 1326629 
2048 3790560 
2048 5025536 
2048 7730445 
2048 5943254 
2048 4668265 
2048 4529992 
2048 3398845 
2048 4177128 
2048 5109955 
2048 5904039 
2048 5409461 
2048 4577256 
2048 3236402 
2048 4569503 
2048 3183264 
2048 9503563 
2048 5715842 
2048 5020701 
2048 2558383 
2048 3357783 
2048 4746031 
2048 4943119 
2048 3403914 
2048 4063485 
2048 5976376 
2048 3403188 
2048 3542893 
2048 4651166 
2048 4005990 
2048 4809063 
2048 2573327 
2048 4493424 
2048 4400546 
2048 5778445 
2048 5145180 
2048 4723943 
2048 4441203 
2048 1775559 
2048 2701334 
2048 3280936 
2048 3756517 
2048 4146859 
2048 2371828 
2048 6720135 
2048 5025266 
2048 1789544 
2048 6640797 
2048 6176931 
2048 4552140 
2048 4226088 
2048 5449429 
2048 2633626 
2048 6125536 
2048 3556341 
2048 3444317 
2048 4580419 
2048 4320545 
2048 2541148 
2048 8215420 
2048 2499991 
2048 4096161 
2048 5979997 
2048 3386752 
2048 4329748 
2048 4135766 
2048 2890004 
2048 3746523 
2048 3515317 
2048 4059063 
2048 3434365 
2048 3858292 
2048 4463152 
2048 4483915 
2048 3962750 
2048 2239461 
2048 2468164 
2048 3420665 
2048 3303370 
2048 2996684 
2048 2447490 
2048 2317312 
2048 5169283 
2048 4263265 
2048 3752220 
2048 3902699 
2048 5951299 
2048 4188499 
2048 4481281 
2048 3891944 
2048 4415342 
2048 2246304 
2048 4644270 
2048 7314148 
2048 5145231 
2048 3330057 
2048 5158264 
2048 3693086 
2048 3519709 
2048 4025528 
2048 3821952 
2048 3062047 
2048 6297639 
2048 2468658 
2048 3932600 
2048 7181936 
2048 4931999 
2048 6161592 
2048 3462110 
2048 5958604 
2048 4117155 
2048 4955154 
2048 2894864 
2048 2514085 
2048 2098992 
2048 4449215 
2048 3688083 
2048 4638040 
2048 5392439 
2048 2730651 
2048 4359625 
2048 1986202 
2048 2936111 
2048 2765254 
2048 2360302 
2048 3511329 
2048 2470153 
2048 4190617 
2048 2952279 
2048 5063151 
2048 3646566 
2048 6378322 
2048 4832213 
2048 3093721 
2048 5352382 
2048 3863332 
