65536 2940441 
65536 5118743 
65536 5396248 
65536 3015776 
65536 3505099 
65536 2945691 
65536 2941610 
65536 2552020 
65536 5463254 
65536 7339584 
65536 6249373 
65536 5272699 
65536 4526819 
65536 4691465 
65536 7110549 
65536 4568505 
65536 4622653 
65536 4602870 
65536 6164595 
65536 3623799 
65536 6318842 
65536 9002841 
65536 7217698 
65536 7017845 
65536 4911564 
65536 3324401 
65536 2357035 
65536 6084422 
65536 9081038 
65536 7329583 
65536 3035019 
65536 8400665 
65536 4422849 
65536 8304000 
65536 4787129 
65536 2945652 
65536 6677806 
65536 3766830 
65536 5331201 
65536 2110369 
65536 2995928 
65536 3660814 
65536 5072100 
65536 6801931 
65536 4918401 
65536 5047682 
65536 5266435 
65536 5178026 
65536 1255322 
65536 10143506 
65536 6579412 
65536 3621906 
65536 2244584 
65536 4462983 
65536 3280708 
65536 4555742 
65536 3458721 
65536 4976216 
65536 3434757 
65536 10464124 
65536 4706281 
65536 7341810 
65536 6533958 
65536 7096175 
65536 5103912 
65536 3845598 
65536 2851795 
65536 3601104 
65536 3417504 
65536 5110073 
65536 3994498 
65536 4346911 
65536 3055465 
65536 2861509 
65536 4749804 
65536 2907072 
65536 4629116 
65536 4968491 
65536 2299771 
65536 1931485 
65536 5109902 
65536 4481045 
65536 4477586 
65536 7054091 
65536 4741366 
65536 3766434 
65536 3208930 
65536 3268355 
65536 3254329 
65536 5576895 
65536 6811157 
65536 3844095 
65536 5691307 
65536 5596343 
65536 5619376 
65536 4060825 
65536 6465943 
65536 6746882 
65536 4952026 
65536 4282768 
65536 4555932 
65536 4372485 
65536 4999972 
65536 6887230 
65536 4416150 
65536 3248116 
65536 5200890 
65536 6084207 
65536 2769775 
65536 2911829 
65536 5056501 
65536 2777127 
65536 2788005 
65536 4891025 
65536 4976599 
65536 3154744 
65536 7333749 
65536 5095900 
65536 4497056 
65536 2755051 
65536 5256978 
65536 6650634 
65536 3268520 
65536 5195968 
65536 2722202 
65536 4548973 
65536 2785548 
65536 5263822 
65536 3527763 
65536 3350772 
65536 3486848 
65536 6830637 
65536 5002509 
65536 4700072 
65536 3498644 
65536 3086200 
65536 7103622 
65536 6285624 
65536 6572508 
65536 5273162 
65536 3622343 
65536 3299451 
65536 6803255 
65536 6508460 
65536 3631511 
65536 2664736 
65536 4245649 
65536 6530127 
65536 4740779 
65536 2153512 
65536 6683948 
65536 5455675 
65536 5355968 
65536 6476165 
65536 4584259 
65536 6356160 
65536 3396702 
65536 2694973 
65536 3457147 
65536 2005438 
65536 4571651 
65536 3728641 
65536 3548962 
65536 6890071 
65536 3839179 
65536 2052950 
65536 9090144 
65536 4697721 
65536 5409766 
65536 5445423 
65536 3384114 
65536 7075709 
65536 3126642 
65536 5463991 
65536 4768605 
65536 7480286 
65536 4790190 
65536 4908536 
65536 4583819 
65536 3760726 
65536 5149974 
65536 4034944 
65536 3377579 
65536 7920817 
65536 3987753 
65536 2976006 
65536 4859079 
65536 5118362 
65536 5889157 
65536 4389781 
65536 3429831 
65536 4702867 
65536 5676035 
65536 2152286 
65536 6140161 
65536 4690781 
65536 3586025 
65536 7375045 
65536 5081827 
65536 2542775 
65536 4027940 
65536 4692305 
65536 4460428 
65536 4100815 
65536 5858007 
65536 4559000 
65536 3433755 
65536 4293474 
65536 3138713 
65536 7186550 
65536 3195933 
65536 4238875 
65536 6786283 
65536 3396086 
65536 2517970 
65536 7464120 
65536 2007457 
65536 3213900 
65536 6493558 
65536 3122038 
65536 5455513 
65536 9007550 
65536 4484822 
65536 3509537 
65536 3994834 
65536 4619452 
65536 3720703 
65536 6753707 
65536 5308351 
65536 3060652 
65536 5249171 
65536 4908919 
65536 4895049 
65536 5146931 
65536 3685574 
65536 3827522 
65536 2673012 
65536 3463156 
65536 3312379 
65536 3253735 
65536 3437656 
65536 4808709 
65536 4694656 
65536 3390213 
65536 3431940 
65536 7251676 
65536 4644579 
65536 5003324 
65536 2671301 
65536 4789364 
65536 1812459 
65536 3449224 
65536 5684357 
65536 4663159 
65536 3373621 
65536 3803292 
65536 3410325 
65536 4159643 
65536 2751369 
65536 2921214 
65536 3835156 
65536 3170575 
65536 7460260 
65536 5525019 
65536 3160825 
65536 4910284 
65536 3301600 
65536 3913641 
65536 2551057 
65536 5353994 
65536 4164335 
65536 3219662 
65536 6416581 
65536 3249422 
65536 1961892 
65536 2995835 
65536 4244084 
65536 6898849 
65536 4708262 
65536 4685912 
65536 4960777 
65536 4774499 
65536 6792644 
65536 4837079 
65536 4706504 
65536 4620345 
65536 4735507 
65536 2201582 
65536 5128960 
65536 8666394 
65536 3938552 
65536 3009864 
65536 3186969 
65536 4253263 
65536 5663951 
65536 4184148 
65536 4205890 
65536 3303683 
65536 4929152 
65536 4039663 
65536 5183906 
65536 3400542 
65536 2607880 
65536 4423526 
65536 6228158 
65536 4489067 
65536 3305505 
65536 2865874 
65536 6932200 
65536 4048407 
65536 6686623 
65536 6730254 
65536 3665306 
65536 1851448 
65536 4344305 
65536 7600470 
65536 6423010 
65536 3439136 
65536 6079525 
65536 6776200 
65536 3942440 
65536 9312501 
65536 5144989 
65536 4599136 
65536 4793870 
65536 3288668 
65536 2618330 
65536 5557101 
65536 3115349 
65536 1916544 
65536 6217118 
65536 3150183 
65536 2516252 
65536 4181294 
65536 8010801 
65536 5234662 
65536 5233925 
65536 2853424 
65536 4614898 
65536 4952525 
65536 4653733 
65536 7797521 
65536 4220071 
65536 2581859 
65536 4611401 
65536 5307165 
65536 3698026 
65536 6115979 
65536 1545999 
65536 4550428 
65536 3166970 
65536 6520993 
65536 5389135 
65536 2978736 
65536 6595677 
65536 5094469 
65536 2760801 
65536 4584068 
65536 4797516 
65536 2873013 
65536 4559615 
65536 3082789 
65536 6573332 
65536 4221969 
65536 2794778 
65536 2955599 
65536 7535685 
65536 6064578 
65536 4895134 
65536 2826271 
65536 4940300 
65536 2876630 
65536 2783144 
65536 7093949 
65536 4851165 
65536 3286167 
65536 2096848 
65536 3226498 
65536 3996989 
65536 3449911 
65536 3957359 
65536 3242332 
65536 6366701 
65536 4248946 
65536 4351618 
65536 2796289 
65536 4709038 
65536 3657358 
65536 4767829 
65536 1931590 
65536 4629959 
65536 4502951 
65536 3207493 
65536 5170560 
65536 2202498 
65536 3014745 
65536 2397929 
65536 6276404 
65536 6196277 
65536 4631609 
65536 6138384 
65536 5065652 
65536 9194213 
65536 4482670 
65536 3016303 
65536 4067085 
65536 7193065 
65536 3343424 
65536 2599128 
65536 6264689 
65536 2780670 
65536 2495794 
65536 5322595 
65536 5376319 
65536 5437068 
65536 3832635 
65536 3765995 
65536 3568477 
65536 4087457 
65536 2859729 
65536 6448463 
65536 9176230 
65536 3278789 
65536 5137618 
65536 3101873 
65536 2268945 
65536 6984216 
65536 4109115 
65536 7400352 
65536 6571598 
65536 2977622 
65536 2744618 
65536 3778418 
65536 3404402 
65536 4354694 
65536 4913531 
65536 4779536 
65536 4941752 
65536 3333616 
65536 6392964 
65536 5083023 
65536 5339198 
65536 7286265 
65536 3446489 
65536 3929329 
65536 4805481 
65536 4597435 
65536 5139758 
65536 5367110 
65536 3931309 
65536 2515725 
65536 2744183 
65536 5000156 
65536 4554983 
65536 3535752 
65536 3130660 
65536 8137188 
65536 2926377 
65536 4311457 
65536 3420695 
65536 4170169 
65536 2575510 
65536 4257335 
65536 5217636 
65536 6791692 
65536 2828578 
65536 5050257 
65536 5080105 
65536 2760732 
65536 3571477 
65536 4291384 
65536 3083517 
65536 4601782 
65536 4370467 
65536 6846066 
65536 5327177 
65536 4422295 
65536 3463397 
65536 4675304 
65536 4925292 
65536 2492850 
65536 2658198 
65536 3052859 
65536 2398127 
65536 2977053 
65536 6682058 
65536 6109128 
65536 4855170 
65536 5014828 
65536 3076170 
65536 1519874 
65536 2076794 
65536 4597320 
65536 5398911 
65536 3306468 
65536 5318521 
65536 4414718 
65536 3046296 
65536 5431671 
65536 6211157 
65536 5903265 
65536 4464231 
65536 2729910 
65536 2306977 
65536 3008519 
65536 4533822 
65536 4533510 
65536 3467227 
65536 4945797 
65536 4557230 
65536 4862214 
65536 3437744 
65536 3654477 
65536 5287168 
65536 5121316 
65536 5852617 
65536 4670234 
65536 5134378 
65536 4450989 
65536 3206170 
65536 5055429 
65536 5649525 
65536 8457633 
65536 6468046 
65536 3034217 
65536 3538860 
65536 5465472 
65536 3682828 
65536 2449992 
65536 4399353 
65536 3279867 
65536 2316116 
65536 3524489 
65536 3115083 
65536 2050613 
65536 4029109 
65536 3483925 
65536 9686515 
65536 4590278 
65536 6696685 
65536 3757551 
65536 5498872 
65536 3070982 
65536 7223958 
65536 1763301 
65536 5311842 
65536 3990541 
65536 2395340 
65536 6074363 
65536 4472002 
65536 4436999 
65536 4347214 
65536 3340633 
65536 4650842 
65536 6476982 
65536 5056002 
65536 8447432 
65536 2263207 
65536 6695238 
65536 3977765 
65536 3484441 
65536 7493387 
65536 3401855 
65536 3160372 
65536 4799253 
65536 8718442 
65536 5119232 
65536 3933671 
65536 4150771 
65536 3547204 
65536 3759876 
65536 2347167 
65536 5742364 
65536 4426255 
65536 3782871 
65536 3009781 
65536 4561080 
65536 4784012 
65536 10869403 
65536 6466870 
65536 3524942 
65536 7732654 
65536 3752926 
65536 1150048 
65536 4011005 
65536 4004599 
65536 6363931 
65536 3689355 
65536 7248542 
65536 5944421 
65536 4421361 
65536 3312558 
65536 2578686 
65536 2932642 
65536 2895607 
65536 10082609 
65536 2733445 
65536 3790711 
65536 4449054 
65536 3981629 
65536 2748400 
65536 2995712 
65536 4431256 
65536 8015030 
65536 6857236 
65536 5102220 
65536 7089348 
65536 3825745 
65536 3816830 
65536 4572139 
65536 4091955 
65536 3327136 
65536 2622335 
65536 4997536 
65536 5415383 
65536 3355493 
65536 2252832 
65536 4980450 
65536 3125657 
65536 5077064 
65536 4459236 
65536 4404941 
65536 3915229 
65536 4914998 
65536 3464901 
65536 9011794 
65536 4844631 
65536 6757475 
65536 2580153 
65536 3911244 
65536 5222005 
65536 2190016 
65536 6702602 
65536 6349602 
65536 3323103 
65536 6528152 
65536 6007421 
65536 2809967 
65536 5190989 
65536 2823637 
65536 3015071 
65536 6195578 
65536 4530350 
65536 2810343 
65536 3409208 
65536 5057484 
65536 4927884 
65536 3580179 
65536 3111494 
65536 3220304 
65536 2360642 
65536 6651756 
65536 6410108 
65536 5198077 
65536 5157214 
65536 4372644 
65536 8922675 
65536 4592074 
65536 2355887 
65536 5268357 
65536 3281527 
65536 7002073 
65536 3070694 
65536 3096557 
65536 5686958 
65536 3822724 
65536 5662042 
65536 2719881 
65536 6252726 
65536 5487646 
65536 5021428 
65536 3147547 
65536 5380114 
65536 4155980 
65536 6494865 
65536 4510252 
65536 7293899 
65536 3250583 
65536 2757384 
65536 3475956 
65536 5605503 
65536 1908420 
65536 3048962 
65536 6446693 
65536 4972226 
65536 2633356 
65536 2682157 
65536 4457629 
65536 3055818 
65536 5591549 
65536 3108549 
65536 2925301 
65536 3058289 
65536 3182669 
65536 7607226 
65536 4897979 
65536 4062902 
65536 2281403 
65536 2489092 
65536 3824649 
65536 3274169 
65536 2886913 
65536 2942905 
65536 7449558 
65536 5194541 
65536 3441266 
65536 7079832 
65536 7696391 
65536 2942879 
65536 4915950 
65536 3465001 
65536 2936132 
65536 1291470 
65536 4210571 
65536 4270855 
65536 3858021 
65536 5857936 
65536 3321914 
65536 2699234 
65536 7538947 
65536 4503216 
65536 6819029 
65536 3334721 
65536 2697832 
65536 3629993 
65536 4426038 
65536 2063903 
65536 3811025 
65536 3632309 
65536 2727428 
65536 6736514 
65536 4524902 
65536 3273064 
65536 4815791 
65536 4582857 
65536 5177658 
65536 3351583 
65536 5048969 
65536 4245126 
65536 6549225 
65536 4641343 
65536 3539228 
65536 3784561 
65536 5484573 
65536 4521496 
65536 5005303 
65536 3377667 
65536 2069891 
65536 1458288 
65536 5750856 
65536 3301436 
65536 2497667 
65536 6416237 
65536 6327650 
65536 3115758 
65536 5622355 
65536 3602329 
65536 6244148 
65536 3769436 
65536 3321825 
65536 2400236 
65536 4910025 
65536 4926939 
65536 2646400 
65536 4679894 
65536 3542816 
65536 5385231 
65536 5728766 
65536 6353465 
65536 3781444 
65536 4369975 
65536 2565213 
65536 4511008 
65536 2966113 
65536 5962278 
65536 4334794 
65536 2691283 
65536 2428726 
65536 4131805 
65536 9755547 
65536 7692148 
65536 5648481 
65536 6797522 
65536 7017837 
65536 5060277 
65536 3331147 
65536 3654946 
65536 3938348 
65536 4262171 
65536 5223967 
65536 3413117 
65536 6490844 
65536 4748456 
65536 2259662 
65536 2398261 
65536 3183193 
65536 6591575 
65536 5565801 
65536 2991663 
65536 4391189 
65536 4275742 
65536 2749259 
65536 3390491 
65536 4491444 
65536 3710042 
65536 3970227 
65536 4846273 
65536 2343597 
65536 3897358 
65536 9173585 
65536 4969323 
65536 3101268 
65536 7098729 
65536 4077277 
65536 6511306 
65536 3434482 
65536 2950578 
65536 6748322 
65536 4743030 
65536 4771723 
65536 6541965 
65536 6159536 
65536 6086543 
65536 3384710 
65536 3069407 
65536 5375929 
65536 7079942 
65536 3261448 
65536 2310637 
65536 4653425 
65536 4090840 
65536 4801980 
65536 4356415 
65536 3260774 
65536 6359971 
65536 4112314 
65536 6212381 
65536 3717700 
65536 4247825 
65536 2343123 
65536 4348719 
65536 2873616 
65536 2634896 
65536 7138046 
65536 4240064 
65536 3246948 
65536 8597536 
65536 3475486 
65536 6890935 
65536 3623608 
65536 4287078 
65536 2985626 
65536 4340241 
65536 4215441 
65536 2768776 
65536 2898873 
65536 1904016 
65536 4849432 
65536 4878290 
65536 3580873 
65536 2963104 
65536 4160986 
65536 4644845 
65536 2247631 
65536 1683329 
65536 3549792 
65536 5926455 
65536 7693681 
65536 6050077 
65536 4971148 
65536 5794990 
65536 3746918 
65536 5223513 
65536 5695310 
65536 5916101 
65536 6050459 
65536 4769766 
65536 3403420 
65536 4470306 
65536 3039045 
65536 10045037 
65536 6082986 
65536 6265355 
65536 2644386 
65536 4741842 
65536 4687848 
65536 5742559 
65536 3541255 
65536 4372238 
65536 6334930 
65536 3928605 
65536 3424926 
65536 5871888 
65536 4166028 
65536 5042358 
65536 2314733 
65536 4964577 
65536 4613258 
65536 6176653 
65536 4920664 
65536 5000663 
65536 4725264 
65536 2196701 
65536 3588666 
65536 4637853 
65536 4140547 
65536 4190283 
65536 2418592 
65536 6580489 
65536 5713662 
65536 2144937 
65536 6643640 
65536 6368746 
65536 4672645 
65536 4048311 
65536 5532839 
65536 2853109 
65536 7374059 
65536 4591264 
65536 3330745 
65536 4659481 
65536 5050975 
65536 2669784 
65536 8777103 
65536 2458027 
65536 4481796 
65536 5460162 
65536 3693225 
65536 4824055 
65536 5460613 
65536 3799686 
65536 4455590 
65536 3353429 
65536 4301886 
65536 3426286 
65536 3798332 
65536 4288420 
65536 5119180 
65536 4039260 
65536 2379714 
65536 2622328 
65536 4564934 
65536 4451560 
65536 3092249 
65536 2717743 
65536 2525339 
65536 5133463 
65536 4463158 
65536 5018468 
65536 4091994 
65536 6714902 
65536 4479111 
65536 5160237 
65536 4024542 
65536 4710514 
65536 3000649 
65536 5292446 
65536 8299008 
65536 5448648 
65536 3675029 
65536 5127671 
65536 3709379 
65536 4668452 
65536 4155591 
65536 3989653 
65536 2812104 
65536 6183933 
65536 2581287 
65536 4072546 
65536 6841257 
65536 5226474 
65536 6811992 
65536 3450229 
65536 6029016 
65536 3866096 
65536 5429340 
65536 2827565 
65536 2896328 
65536 2698268 
65536 4889181 
65536 4332871 
65536 4715238 
65536 5098494 
65536 2831599 
65536 4663968 
65536 2499416 
65536 3289337 
65536 3099770 
65536 2753703 
65536 3742940 
65536 2641564 
65536 3904544 
65536 3299053 
65536 4735312 
65536 4740207 
65536 7494298 
65536 5690495 
65536 3222044 
65536 5195555 
65536 4371058 
