1024 2900523 
1024 4997662 
1024 5468433 
1024 3029268 
1024 3354497 
1024 2789783 
1024 2815493 
1024 2506196 
1024 5258945 
1024 6746876 
1024 5546665 
1024 4805581 
1024 4167810 
1024 3748514 
1024 7198761 
1024 4628243 
1024 4572233 
1024 4929315 
1024 6950819 
1024 3534750 
1024 6414810 
1024 9288978 
1024 6950504 
1024 8942542 
1024 5815720 
1024 3467064 
1024 2197850 
1024 6251775 
1024 8774010 
1024 7279427 
1024 3116743 
1024 8638995 
1024 3957504 
1024 7790601 
1024 4849451 
1024 3073376 
1024 6717006 
1024 3055875 
1024 6129918 
1024 1954635 
1024 2529139 
1024 3874977 
1024 5217712 
1024 6869849 
1024 4598745 
1024 4755825 
1024 8277376 
1024 4749064 
1024 1234578 
1024 9190042 
1024 6717463 
1024 2688998 
1024 2095373 
1024 4392643 
1024 3202347 
1024 4581547 
1024 4637620 
1024 4794253 
1024 3437887 
1024 6449087 
1024 4164018 
1024 7561240 
1024 7881295 
1024 6225672 
1024 5619615 
1024 4532530 
1024 2848429 
1024 3685614 
1024 2303296 
1024 5165314 
1024 2757631 
1024 4316048 
1024 2308981 
1024 3539038 
1024 4638506 
1024 2811417 
1024 4511117 
1024 4826768 
1024 2884207 
1024 2017446 
1024 4836226 
1024 4563790 
1024 4140204 
1024 7003252 
1024 4766347 
1024 3353649 
1024 3199818 
1024 2380757 
1024 3585388 
1024 5416729 
1024 7810294 
1024 4478088 
1024 5214145 
1024 6377915 
1024 4475669 
1024 3397671 
1024 5904233 
1024 6107741 
1024 5128231 
1024 4235494 
1024 4594737 
1024 4519680 
1024 4909158 
1024 6594596 
1024 4504102 
1024 3265798 
1024 5946082 
1024 7511992 
1024 2748893 
1024 3454026 
1024 5850685 
1024 2083656 
1024 2671859 
1024 5220542 
1024 5096609 
1024 3676249 
1024 6162856 
1024 4125116 
1024 3860174 
1024 2805764 
1024 5655398 
1024 6491361 
1024 3241810 
1024 5018764 
1024 2755144 
1024 4357967 
1024 2631951 
1024 5066724 
1024 3537879 
1024 4284911 
1024 3428330 
1024 6730355 
1024 3983469 
1024 4727563 
1024 3255236 
1024 3150255 
1024 6625886 
1024 5253943 
1024 7470150 
1024 4285236 
1024 3982803 
1024 2228622 
1024 6408689 
1024 6176257 
1024 3538215 
1024 2562351 
1024 4148842 
1024 5457574 
1024 4601202 
1024 1899916 
1024 6750029 
1024 5324118 
1024 5679470 
1024 7010413 
1024 5861482 
1024 5118874 
1024 3330109 
1024 3380849 
1024 3390840 
1024 2304948 
1024 4882030 
1024 4425032 
1024 3777000 
1024 7309215 
1024 4495027 
1024 1986163 
1024 6083616 
1024 4826038 
1024 5158337 
1024 5306677 
1024 3972316 
1024 7789365 
1024 2994107 
1024 5322333 
1024 4720230 
1024 7226258 
1024 3874652 
1024 4845505 
1024 5009186 
1024 3448267 
1024 4333241 
1024 4741168 
1024 3252030 
1024 7392098 
1024 3972360 
1024 2285200 
1024 4841900 
1024 3942096 
1024 6053274 
1024 4299925 
1024 2591008 
1024 4665269 
1024 5866213 
1024 2169080 
1024 6416884 
1024 4759355 
1024 3540635 
1024 6822023 
1024 4821117 
1024 2103233 
1024 4478015 
1024 5520844 
1024 4449981 
1024 4005170 
1024 6494691 
1024 4806355 
1024 3682776 
1024 4002348 
1024 3270813 
1024 8053085 
1024 3034743 
1024 3292104 
1024 6813977 
1024 4131443 
1024 3121771 
1024 7928892 
1024 1582535 
1024 3210752 
1024 7521971 
1024 3668879 
1024 4400701 
1024 9354233 
1024 3565825 
1024 3415852 
1024 4000703 
1024 4239430 
1024 3671575 
1024 6646480 
1024 5753261 
1024 3566721 
1024 4426517 
1024 4719321 
1024 4688259 
1024 5139793 
1024 4731563 
1024 3767068 
1024 2631933 
1024 2388627 
1024 3840111 
1024 2664653 
1024 3395509 
1024 4473358 
1024 4726392 
1024 2382550 
1024 4033623 
1024 6920915 
1024 4546613 
1024 4927783 
1024 3398427 
1024 3973802 
1024 1896601 
1024 3459807 
1024 6245949 
1024 4279198 
1024 3246185 
1024 3499265 
1024 2953492 
1024 4253727 
1024 2717761 
1024 2715530 
1024 4007105 
1024 2297390 
1024 6743421 
1024 5116122 
1024 3066878 
1024 4288905 
1024 3507534 
1024 3750977 
1024 2525933 
1024 5061894 
1024 4692871 
1024 2362722 
1024 6165486 
1024 3327729 
1024 1989430 
1024 2957362 
1024 4236676 
1024 7141855 
1024 4980961 
1024 4619387 
1024 5864025 
1024 3730201 
1024 6934026 
1024 5143508 
1024 4596027 
1024 7314808 
1024 4012395 
1024 2507267 
1024 4898260 
1024 9830164 
1024 3850770 
1024 3266130 
1024 2508928 
1024 3331473 
1024 5058356 
1024 3713858 
1024 4817771 
1024 3236161 
1024 3886902 
1024 3892430 
1024 6197716 
1024 3777726 
1024 2657962 
1024 4694537 
1024 6345156 
1024 4347326 
1024 3067381 
1024 2890156 
1024 6144724 
1024 4354756 
1024 7345034 
1024 6446134 
1024 3689169 
1024 1910568 
1024 3692024 
1024 7262660 
1024 6244213 
1024 3378124 
1024 6099977 
1024 5515690 
1024 3724249 
1024 8265338 
1024 4858351 
1024 5292124 
1024 4280471 
1024 3222272 
1024 3109262 
1024 4848098 
1024 2254777 
1024 1994001 
1024 5156490 
1024 2936538 
1024 2355062 
1024 4049567 
1024 8912574 
1024 5293550 
1024 5273289 
1024 2830742 
1024 4508940 
1024 4872385 
1024 4412989 
1024 7413591 
1024 4269556 
1024 2963111 
1024 4564244 
1024 5257926 
1024 4413004 
1024 6036969 
1024 1532088 
1024 4706311 
1024 2367880 
1024 6444722 
1024 4728498 
1024 3215002 
1024 7372475 
1024 4775670 
1024 2291698 
1024 4418864 
1024 4740895 
1024 2825735 
1024 4496950 
1024 2887446 
1024 6446730 
1024 4384902 
1024 2712264 
1024 2356401 
1024 6244397 
1024 4794349 
1024 5012190 
1024 2685616 
1024 4989157 
1024 2910859 
1024 2734373 
1024 6343906 
1024 4769662 
1024 3136546 
1024 2012630 
1024 3330542 
1024 3727702 
1024 3610705 
1024 4320394 
1024 3065255 
1024 7150380 
1024 4579005 
1024 4423229 
1024 2958580 
1024 5201197 
1024 3612888 
1024 4584374 
1024 1779219 
1024 4616940 
1024 4396247 
1024 2694104 
1024 5832337 
1024 2053400 
1024 3318736 
1024 3021254 
1024 6372335 
1024 6139149 
1024 4065095 
1024 5365993 
1024 4901966 
1024 8636816 
1024 4512150 
1024 3028803 
1024 4184070 
1024 6874062 
1024 3715095 
1024 2579111 
1024 7173201 
1024 2680998 
1024 2507598 
1024 3944002 
1024 4912207 
1024 5406493 
1024 3232337 
1024 3843425 
1024 3265639 
1024 3173892 
1024 2822779 
1024 7001453 
1024 8838692 
1024 3850202 
1024 5119371 
1024 3654469 
1024 2758287 
1024 7306910 
1024 3362414 
1024 7552489 
1024 5783942 
1024 3568308 
1024 3002848 
1024 3605741 
1024 3329827 
1024 4275267 
1024 4584750 
1024 4623481 
1024 3736057 
1024 3182394 
1024 5278312 
1024 5229202 
1024 5334165 
1024 6772764 
1024 3019344 
1024 3669344 
1024 4908894 
1024 4035229 
1024 5150332 
1024 5218825 
1024 4611655 
1024 2446426 
1024 2608704 
1024 5571535 
1024 3291548 
1024 3409945 
1024 3624190 
1024 7661017 
1024 2833330 
1024 4127052 
1024 3286396 
1024 3168919 
1024 2336409 
1024 4884199 
1024 5541311 
1024 6682153 
1024 2542103 
1024 5024240 
1024 5096092 
1024 2867891 
1024 3535761 
1024 3801802 
1024 2321853 
1024 5185312 
1024 3560519 
1024 6091467 
1024 6176984 
1024 3806587 
1024 3200517 
1024 3627259 
1024 3999926 
1024 2309976 
1024 2305571 
1024 3064725 
1024 3290121 
1024 3113313 
1024 6620186 
1024 7192130 
1024 5753676 
1024 5181322 
1024 3162526 
1024 1622914 
1024 2010877 
1024 3891840 
1024 5297143 
1024 3367291 
1024 6032888 
1024 4190626 
1024 2978069 
1024 4453975 
1024 5429124 
1024 6071557 
1024 4278317 
1024 2673025 
1024 3045023 
1024 3170861 
1024 4883235 
1024 4314053 
1024 2971652 
1024 4705764 
1024 4092788 
1024 5018892 
1024 3381172 
1024 4532237 
1024 5453943 
1024 4452971 
1024 5748567 
1024 5339736 
1024 6180638 
1024 4328331 
1024 3287037 
1024 5785824 
1024 4654948 
1024 8683178 
1024 6599993 
1024 2772145 
1024 3366855 
1024 4443949 
1024 3501030 
1024 2244781 
1024 3951154 
1024 3408469 
1024 2120335 
1024 3556376 
1024 3019128 
1024 1763631 
1024 4037948 
1024 3311997 
1024 9359844 
1024 5272916 
1024 6433452 
1024 4341331 
1024 5033549 
1024 3071400 
1024 6054122 
1024 1697282 
1024 5213799 
1024 3823497 
1024 2310016 
1024 7080989 
1024 4482671 
1024 4362542 
1024 3715162 
1024 3281883 
1024 4841911 
1024 6332421 
1024 4348922 
1024 9363921 
1024 2337872 
1024 6469772 
1024 4394301 
1024 3157760 
1024 5513235 
1024 3386850 
1024 3148462 
1024 4064460 
1024 8628929 
1024 4990016 
1024 4744900 
1024 3933086 
1024 3434615 
1024 3767751 
1024 2541617 
1024 5852500 
1024 3494276 
1024 4082459 
1024 3013222 
1024 4270189 
1024 3921539 
1024 10940715 
1024 5722111 
1024 3503534 
1024 7715465 
1024 4116410 
1024 1526699 
1024 3773609 
1024 3784576 
1024 7124728 
1024 4546663 
1024 7891464 
1024 5198923 
1024 4628286 
1024 3407650 
1024 2891963 
1024 2958586 
1024 2880264 
1024 12900834 
1024 2531256 
1024 3687000 
1024 4345238 
1024 4316140 
1024 2962608 
1024 2914519 
1024 4359233 
1024 8084197 
1024 7723797 
1024 5160501 
1024 6875601 
1024 3940418 
1024 3781256 
1024 5054692 
1024 4385522 
1024 3493201 
1024 2407769 
1024 5610581 
1024 5273137 
1024 3538130 
1024 2047185 
1024 5352471 
1024 3016541 
1024 4862049 
1024 3716200 
1024 5010297 
1024 3912478 
1024 4592373 
1024 3348123 
1024 9508456 
1024 4410238 
1024 6589248 
1024 2621967 
1024 4030331 
1024 5036305 
1024 2138094 
1024 7296760 
1024 6797306 
1024 3558852 
1024 6465497 
1024 5816722 
1024 2915902 
1024 3982788 
1024 2950922 
1024 3103008 
1024 6555953 
1024 4134530 
1024 2921872 
1024 3362051 
1024 5182430 
1024 4071517 
1024 3504212 
1024 3249265 
1024 2762742 
1024 2133245 
1024 5631054 
1024 6513089 
1024 4962703 
1024 4625184 
1024 4545971 
1024 8275987 
1024 4539316 
1024 2425531 
1024 4426155 
1024 3108781 
1024 5808710 
1024 2764162 
1024 3129941 
1024 4778272 
1024 3730756 
1024 5754179 
1024 2618396 
1024 5192195 
1024 5570412 
1024 5238118 
1024 3168916 
1024 5254738 
1024 4332751 
1024 6312195 
1024 4698512 
1024 6516246 
1024 3094678 
1024 2902312 
1024 3397939 
1024 5408538 
1024 1879486 
1024 3062036 
1024 6758823 
1024 5192322 
1024 2705821 
1024 2722122 
1024 4364108 
1024 3462804 
1024 5644271 
1024 3549800 
1024 3131788 
1024 3291711 
1024 3135314 
1024 7582775 
1024 4367102 
1024 3785344 
1024 3185864 
1024 2510765 
1024 4816169 
1024 3343193 
1024 2414863 
1024 3088208 
1024 6785283 
1024 4971264 
1024 3481685 
1024 5909553 
1024 7546417 
1024 2997582 
1024 4962783 
1024 3362400 
1024 3024676 
1024 1218887 
1024 4558911 
1024 4649359 
1024 3705250 
1024 5900945 
1024 3446940 
1024 2689069 
1024 7559199 
1024 4038464 
1024 8024603 
1024 3191282 
1024 2461972 
1024 3451601 
1024 4606330 
1024 2317784 
1024 3984004 
1024 3446050 
1024 2467856 
1024 6585926 
1024 5135279 
1024 3272010 
1024 4994841 
1024 4511415 
1024 4847757 
1024 4347025 
1024 4100846 
1024 4420225 
1024 6347699 
1024 4852171 
1024 3577087 
1024 3733875 
1024 5715486 
1024 4552813 
1024 4697634 
1024 3224683 
1024 2204808 
1024 1432323 
1024 6584267 
1024 3521646 
1024 3092820 
1024 6891536 
1024 6294175 
1024 3076471 
1024 6138651 
1024 3988759 
1024 6834977 
1024 3678644 
1024 2614210 
1024 2852846 
1024 5289273 
1024 4797615 
1024 3604858 
1024 3535086 
1024 3481741 
1024 5107689 
1024 4645807 
1024 6252063 
1024 3365792 
1024 4659539 
1024 2486069 
1024 3918205 
1024 2898275 
1024 6315472 
1024 4588195 
1024 2563692 
1024 1904460 
1024 4225995 
1024 8798047 
1024 7536878 
1024 6092703 
1024 7112579 
1024 6448777 
1024 4089977 
1024 3085114 
1024 3390744 
1024 3901816 
1024 3987078 
1024 5824922 
1024 4056872 
1024 5944197 
1024 4363796 
1024 2929200 
1024 2377098 
1024 3081577 
1024 6764963 
1024 5742654 
1024 2863488 
1024 4868064 
1024 4359254 
1024 2867003 
1024 2999509 
1024 4854619 
1024 4002772 
1024 4333813 
1024 4937387 
1024 2193148 
1024 4687917 
1024 9355600 
1024 4270172 
1024 2160710 
1024 5892773 
1024 4223545 
1024 6163720 
1024 3280283 
1024 3043491 
1024 6113775 
1024 4330280 
1024 4681315 
1024 5827076 
1024 6374010 
1024 6138031 
1024 3074932 
1024 2972902 
1024 5382101 
1024 7248654 
1024 3184321 
1024 2852642 
1024 3911946 
1024 3951982 
1024 4667364 
1024 3733040 
1024 2983045 
1024 6240759 
1024 3416059 
1024 5962304 
1024 3093018 
1024 3853082 
1024 2295540 
1024 4115119 
1024 2641733 
1024 2567702 
1024 6905179 
1024 3945427 
1024 3002203 
1024 8196451 
1024 3484369 
1024 6634745 
1024 3534253 
1024 4252308 
1024 3213317 
1024 3668094 
1024 4100148 
1024 2678158 
1024 2720155 
1024 1870697 
1024 4689726 
1024 4162851 
1024 4525283 
1024 2982667 
1024 4039980 
1024 4707905 
1024 1824545 
1024 1371898 
1024 3763308 
1024 5100170 
1024 8299242 
1024 6826175 
1024 4700683 
1024 4906910 
1024 3583197 
1024 4190946 
1024 5524874 
1024 5968929 
1024 5806732 
1024 4920505 
1024 3415137 
1024 4723006 
1024 3248899 
1024 10788176 
1024 5594486 
1024 5809935 
1024 2616897 
1024 3751886 
1024 4652728 
1024 5347418 
1024 3355443 
1024 4285481 
1024 6016704 
1024 3862109 
1024 3357643 
1024 4983121 
1024 4072737 
1024 5953671 
1024 2444654 
1024 4735505 
1024 4196365 
1024 5794442 
1024 5101337 
1024 4804805 
1024 4795146 
1024 1979627 
1024 2840186 
1024 3587929 
1024 4140357 
1024 3927393 
1024 2200573 
1024 6547280 
1024 5139341 
1024 2090063 
1024 6500288 
1024 6047193 
1024 4477475 
1024 4195769 
1024 5541495 
1024 2862511 
1024 6775235 
1024 4247157 
1024 3263236 
1024 4513475 
1024 4277107 
1024 2874973 
1024 9227554 
1024 2480403 
1024 4237877 
1024 6030186 
1024 3642435 
1024 4865071 
1024 5171313 
1024 3121737 
1024 3951984 
1024 4348011 
1024 4259081 
1024 3323058 
1024 3927215 
1024 4676411 
1024 4722453 
1024 3802849 
1024 3208201 
1024 2685911 
1024 3646568 
1024 4164008 
1024 2905053 
1024 2645003 
1024 2343230 
1024 6040539 
1024 4700405 
1024 4027605 
1024 4288360 
1024 5815096 
1024 4554391 
1024 4428581 
1024 4187800 
1024 4676458 
1024 2867953 
1024 5027861 
1024 7947784 
1024 5356489 
1024 4514513 
1024 5345178 
1024 3708362 
1024 4708127 
1024 4095626 
1024 3914875 
1024 2948571 
1024 6023579 
1024 2564359 
1024 4104310 
1024 7166192 
1024 5991013 
1024 7436445 
1024 3438278 
1024 5885307 
1024 3804468 
1024 5223490 
1024 3228220 
1024 2560828 
1024 2563366 
1024 4486623 
1024 3980323 
1024 4955165 
1024 5300596 
1024 2961193 
1024 4645574 
1024 2116815 
1024 3233378 
1024 2962767 
1024 2632356 
1024 3265900 
1024 2497563 
1024 4431665 
1024 3272375 
1024 4903936 
1024 3599514 
1024 6323880 
1024 4749927 
1024 4032304 
1024 5448193 
1024 3924954 
