16384 2916368 
16384 5259098 
16384 5405589 
16384 3071447 
16384 3368949 
16384 2800110 
16384 2855285 
16384 2545492 
16384 5317558 
16384 7352850 
16384 6000692 
16384 4859745 
16384 4227018 
16384 3825542 
16384 7105489 
16384 4553386 
16384 5145043 
16384 4812212 
16384 7104370 
16384 3565649 
16384 6539780 
16384 8682935 
16384 7988133 
16384 7319417 
16384 4977989 
16384 3270829 
16384 2381189 
16384 6294644 
16384 9195872 
16384 7333080 
16384 3086185 
16384 8678850 
16384 3984624 
16384 8349537 
16384 4673821 
16384 3053487 
16384 6570321 
16384 3242696 
16384 5337247 
16384 2210053 
16384 2720892 
16384 3432326 
16384 4035926 
16384 6585681 
16384 3936288 
16384 4912289 
16384 5184467 
16384 4902200 
16384 1234442 
16384 9980324 
16384 6648889 
16384 3486320 
16384 2185047 
16384 3841699 
16384 3267551 
16384 5197140 
16384 3600226 
16384 4896246 
16384 3474771 
16384 7133807 
16384 4908936 
16384 7420172 
16384 6668566 
16384 7058084 
16384 5329612 
16384 4030898 
16384 2634902 
16384 3540314 
16384 3807374 
16384 5091404 
16384 2911096 
16384 4518972 
16384 2428384 
16384 2903997 
16384 4497082 
16384 2764927 
16384 4778228 
16384 4632259 
16384 3257972 
16384 2218481 
16384 5397786 
16384 4566202 
16384 4689895 
16384 7423353 
16384 4653833 
16384 3449561 
16384 3470843 
16384 3387572 
16384 3356310 
16384 6703871 
16384 7381640 
16384 4839103 
16384 4280362 
16384 6292140 
16384 4836084 
16384 3495708 
16384 6720824 
16384 6568423 
16384 5197599 
16384 4273333 
16384 3937297 
16384 4221261 
16384 4997971 
16384 6166649 
16384 4052953 
16384 3161526 
16384 5220758 
16384 6083113 
16384 2793008 
16384 2804439 
16384 5373276 
16384 2386885 
16384 2893288 
16384 5267379 
16384 5178752 
16384 3843762 
16384 6854560 
16384 5227144 
16384 4815183 
16384 2737747 
16384 5179340 
16384 6924573 
16384 4452483 
16384 5451250 
16384 3075620 
16384 4730766 
16384 2968298 
16384 5196486 
16384 3924572 
16384 3602148 
16384 3726224 
16384 6912841 
16384 5266915 
16384 5026617 
16384 3538299 
16384 3329220 
16384 7712515 
16384 5543769 
16384 7896582 
16384 4504717 
16384 3578588 
16384 2534002 
16384 8544637 
16384 6815223 
16384 3722598 
16384 2690874 
16384 5470698 
16384 6492238 
16384 4867029 
16384 1921333 
16384 6779269 
16384 5362895 
16384 5684618 
16384 6933842 
16384 4814472 
16384 5704277 
16384 4257237 
16384 2919246 
16384 3698145 
16384 2085435 
16384 4038610 
16384 4781771 
16384 3330579 
16384 6763460 
16384 4849303 
16384 2200893 
16384 6621710 
16384 4772309 
16384 5159601 
16384 6753539 
16384 3242187 
16384 6954926 
16384 2914458 
16384 5677986 
16384 4915478 
16384 7633897 
16384 4924793 
16384 4905963 
16384 4392337 
16384 3501968 
16384 5355786 
16384 5209876 
16384 3530168 
16384 6852587 
16384 4225346 
16384 3285880 
16384 5289173 
16384 5266551 
16384 6464446 
16384 4697954 
16384 2851408 
16384 5018186 
16384 6797292 
16384 2714512 
16384 6589292 
16384 4678939 
16384 3384338 
16384 7098011 
16384 5540201 
16384 2301648 
16384 5059796 
16384 4976158 
16384 4741099 
16384 4828434 
16384 6737238 
16384 4924204 
16384 3418995 
16384 4221452 
16384 3345979 
16384 7506218 
16384 3193394 
16384 3611809 
16384 7661781 
16384 3604713 
16384 3006719 
16384 7461532 
16384 1693695 
16384 3182990 
16384 6810585 
16384 3176753 
16384 5101266 
16384 9722265 
16384 3855412 
16384 3590985 
16384 4982047 
16384 4485006 
16384 3981288 
16384 6137301 
16384 5461184 
16384 3191581 
16384 5667069 
16384 6465738 
16384 6289778 
16384 5307561 
16384 4537760 
16384 4394264 
16384 2817981 
16384 3347715 
16384 3332114 
16384 3331101 
16384 3364359 
16384 5037261 
16384 5238577 
16384 2708355 
16384 3216994 
16384 6955037 
16384 4817804 
16384 5015132 
16384 3477046 
16384 5055611 
16384 2428947 
16384 3834110 
16384 6350446 
16384 4323343 
16384 3296513 
16384 3592896 
16384 3086671 
16384 4311960 
16384 2688360 
16384 3298267 
16384 4196245 
16384 2331633 
16384 7512138 
16384 6457570 
16384 2241010 
16384 3789983 
16384 3439233 
16384 4124477 
16384 2662378 
16384 4766438 
16384 4455442 
16384 3122556 
16384 6202446 
16384 3506767 
16384 2340980 
16384 2962136 
16384 4370460 
16384 7018908 
16384 4847000 
16384 4741554 
16384 5911694 
16384 4071671 
16384 7234724 
16384 5363799 
16384 4664213 
16384 4337569 
16384 4175089 
16384 2689615 
16384 5455356 
16384 10391655 
16384 4814684 
16384 3185251 
16384 3233573 
16384 3617705 
16384 5971523 
16384 3325169 
16384 5074380 
16384 3336168 
16384 4633880 
16384 4901688 
16384 5329230 
16384 3268125 
16384 2802896 
16384 4930012 
16384 6542733 
16384 4195727 
16384 3365014 
16384 3133930 
16384 7191349 
16384 5086437 
16384 7179946 
16384 6908610 
16384 3936560 
16384 1867214 
16384 3903065 
16384 7386134 
16384 7400651 
16384 3517166 
16384 6625879 
16384 6743298 
16384 4014755 
16384 8976559 
16384 5271802 
16384 4567537 
16384 4817322 
16384 3258656 
16384 2675242 
16384 5143541 
16384 3311232 
16384 1928557 
16384 6005908 
16384 3183097 
16384 2473118 
16384 4417414 
16384 9279766 
16384 5560541 
16384 5582078 
16384 3125661 
16384 5109490 
16384 5965469 
16384 5573496 
16384 8135129 
16384 4240448 
16384 2810969 
16384 5605300 
16384 5272802 
16384 4499821 
16384 6279584 
16384 1701032 
16384 4945472 
16384 2955614 
16384 6676436 
16384 4711973 
16384 3128670 
16384 6699444 
16384 5842306 
16384 2546724 
16384 4831959 
16384 4906957 
16384 2954663 
16384 4773039 
16384 3079014 
16384 7127872 
16384 4221248 
16384 2822581 
16384 2477304 
16384 6202609 
16384 5409900 
16384 5221930 
16384 2751774 
16384 4429447 
16384 3110856 
16384 2672180 
16384 7267609 
16384 5169382 
16384 3246651 
16384 2500537 
16384 3146812 
16384 3862582 
16384 3498139 
16384 4323073 
16384 4370889 
16384 7411645 
16384 4345461 
16384 4514762 
16384 2753014 
16384 4916774 
16384 3476462 
16384 4965988 
16384 2274252 
16384 4687554 
16384 4463275 
16384 3440058 
16384 5244574 
16384 2116968 
16384 3133134 
16384 3093628 
16384 6787108 
16384 6264806 
16384 3727381 
16384 5677983 
16384 4950892 
16384 7953600 
16384 3926209 
16384 3225823 
16384 4249316 
16384 7217284 
16384 3782455 
16384 2392459 
16384 7380154 
16384 2318123 
16384 3238737 
16384 4402820 
16384 6346585 
16384 5787025 
16384 3413318 
16384 3905435 
16384 3481391 
16384 3186305 
16384 3085882 
16384 6981955 
16384 10305603 
16384 3757420 
16384 5228193 
16384 3254810 
16384 2563855 
16384 7674224 
16384 3252480 
16384 7242508 
16384 6695730 
16384 3180338 
16384 2920192 
16384 3795277 
16384 3335750 
16384 4483966 
16384 5311688 
16384 4860793 
16384 4971041 
16384 3212631 
16384 5686229 
16384 4857281 
16384 5506595 
16384 6102444 
16384 3194737 
16384 4378858 
16384 5797053 
16384 4428211 
16384 5337180 
16384 5648160 
16384 5350978 
16384 2778379 
16384 3235803 
16384 5684863 
16384 3789417 
16384 3625106 
16384 3117957 
16384 8236936 
16384 2870155 
16384 4655294 
16384 2800051 
16384 3260607 
16384 2416534 
16384 4441414 
16384 5110393 
16384 6577887 
16384 3017434 
16384 5355277 
16384 6004555 
16384 3072526 
16384 3672180 
16384 4285550 
16384 2877843 
16384 4632716 
16384 3794725 
16384 6944524 
16384 5773034 
16384 3995790 
16384 4034089 
16384 4890696 
16384 4371186 
16384 2520953 
16384 2538623 
16384 3646204 
16384 2534418 
16384 3053519 
16384 6612224 
16384 7763398 
16384 4925742 
16384 5131876 
16384 3074492 
16384 1496843 
16384 2260293 
16384 3848162 
16384 5559855 
16384 3423392 
16384 5437393 
16384 4433326 
16384 3237150 
16384 5840210 
16384 6359241 
16384 6290978 
16384 4679620 
16384 2775564 
16384 2272509 
16384 3169354 
16384 4671758 
16384 4605737 
16384 3534559 
16384 4350038 
16384 5260509 
16384 4813218 
16384 3810095 
16384 3815414 
16384 6529985 
16384 4937014 
16384 5735613 
16384 4620370 
16384 5085136 
16384 4528005 
16384 3987262 
16384 5018995 
16384 5095326 
16384 9730026 
16384 6785390 
16384 3084744 
16384 3423731 
16384 5239306 
16384 4482146 
16384 2362497 
16384 4419146 
16384 3730689 
16384 2409459 
16384 3478703 
16384 3246242 
16384 1808716 
16384 4026395 
16384 3596060 
16384 9104205 
16384 4947593 
16384 6455619 
16384 4199614 
16384 5917349 
16384 2951236 
16384 6600623 
16384 1866654 
16384 5997458 
16384 4250917 
16384 2911643 
16384 5801812 
16384 4408613 
16384 5569672 
16384 4840566 
16384 3688947 
16384 5293478 
16384 6523997 
16384 7513757 
16384 9301134 
16384 2293386 
16384 7472508 
16384 4299015 
16384 3482216 
16384 6059684 
16384 3528651 
16384 4056368 
16384 3953727 
16384 8333543 
16384 5059690 
16384 4319626 
16384 5140829 
16384 3976466 
16384 4125237 
16384 3353448 
16384 7279486 
16384 4496515 
16384 4861959 
16384 2838695 
16384 5404992 
16384 4173543 
16384 11144047 
16384 7122523 
16384 3742161 
16384 7958141 
16384 3930637 
16384 1583887 
16384 5013063 
16384 5108595 
16384 6715766 
16384 3865795 
16384 6933675 
16384 5683063 
16384 5061535 
16384 3369982 
16384 2889635 
16384 3446950 
16384 3104315 
16384 11556014 
16384 2652588 
16384 3961997 
16384 3529734 
16384 4853601 
16384 2794281 
16384 2965027 
16384 4815554 
16384 7917846 
16384 8208760 
16384 5465819 
16384 6997249 
16384 4057173 
16384 3760237 
16384 4649073 
16384 3892474 
16384 3461037 
16384 2990334 
16384 5115283 
16384 5034497 
16384 4384505 
16384 2015333 
16384 6639543 
16384 3341828 
16384 5024527 
16384 4718257 
16384 4452349 
16384 4146809 
16384 4624740 
16384 3659772 
16384 11002789 
16384 5252984 
16384 6568147 
16384 2955216 
16384 4844023 
16384 5489718 
16384 2452246 
16384 7711766 
16384 6143056 
16384 3695238 
16384 7206803 
16384 6785358 
16384 3074847 
16384 4098121 
16384 3224932 
16384 3606629 
16384 6063360 
16384 3772877 
16384 3384532 
16384 3650230 
16384 5450003 
16384 4927360 
16384 4217551 
16384 3562032 
16384 3054796 
16384 2550667 
16384 5725217 
16384 5910161 
16384 5140729 
16384 5304472 
16384 4384990 
16384 7998235 
16384 4978505 
16384 3491849 
16384 5155517 
16384 3550789 
16384 6778383 
16384 2664496 
16384 3784425 
16384 5093103 
16384 3917700 
16384 6318430 
16384 3168408 
16384 5339605 
16384 5837919 
16384 5173054 
16384 3249750 
16384 5478911 
16384 4615307 
16384 7266804 
16384 4759783 
16384 6574964 
16384 2975848 
16384 3209597 
16384 3471842 
16384 5417649 
16384 1849343 
16384 3346223 
16384 7102260 
16384 5507067 
16384 2558166 
16384 2823053 
16384 4500876 
16384 3194821 
16384 5105298 
16384 3302215 
16384 3416126 
16384 3220196 
16384 2495193 
16384 7852817 
16384 4678342 
16384 4455936 
16384 2404299 
16384 2712976 
16384 4645626 
16384 3622628 
16384 2381165 
16384 3397357 
16384 7415314 
16384 4888544 
16384 3389897 
16384 7149993 
16384 7200247 
16384 3014847 
16384 4733338 
16384 3420221 
16384 2860453 
16384 1181480 
16384 4159692 
16384 4164234 
16384 3779606 
16384 5858540 
16384 3910225 
16384 3155208 
16384 6489340 
16384 5202459 
16384 6533379 
16384 3329856 
16384 2288722 
16384 4640299 
16384 5209257 
16384 2473676 
16384 4064719 
16384 3464055 
16384 3298625 
16384 6368682 
16384 4887752 
16384 3413343 
16384 4554259 
16384 4723250 
16384 4295556 
16384 3671705 
16384 4772302 
16384 4552220 
16384 5998709 
16384 4684816 
16384 3488211 
16384 3801446 
16384 5571187 
16384 4400444 
16384 4451980 
16384 3384148 
16384 2301194 
16384 1376547 
16384 6581429 
16384 3105045 
16384 3135604 
16384 6832258 
16384 6398496 
16384 3296720 
16384 6718187 
16384 3324261 
16384 6921766 
16384 4540262 
16384 2712476 
16384 2506921 
16384 5343668 
16384 4734230 
16384 2501783 
16384 3482545 
16384 4262893 
16384 5410656 
16384 5533824 
16384 5887277 
16384 3281776 
16384 4518642 
16384 2767191 
16384 3931807 
16384 3138797 
16384 6848998 
16384 4673489 
16384 2770223 
16384 1931787 
16384 4728548 
16384 9867002 
16384 8435043 
16384 5580440 
16384 6875163 
16384 6498963 
16384 4045553 
16384 3088739 
16384 3429474 
16384 4932239 
16384 5028759 
16384 5382341 
16384 3190567 
16384 5805526 
16384 4327774 
16384 2900562 
16384 2319719 
16384 2935268 
16384 6766481 
16384 6000323 
16384 2895700 
16384 4415978 
16384 5014213 
16384 3465313 
16384 3055022 
16384 4551846 
16384 4279393 
16384 4391623 
16384 5636449 
16384 2204664 
16384 4342149 
16384 10560119 
16384 5271266 
16384 2212328 
16384 5979620 
16384 3843951 
16384 6509453 
16384 3222074 
16384 3211000 
16384 5910361 
16384 3884004 
16384 5664783 
16384 6508122 
16384 7159470 
16384 6035046 
16384 3111526 
16384 3061807 
16384 5362767 
16384 6105960 
16384 3106951 
16384 2105928 
16384 4437893 
16384 4108206 
16384 4715815 
16384 4473023 
16384 3848202 
16384 6091776 
16384 3332612 
16384 5210896 
16384 3226316 
16384 4335787 
16384 2305012 
16384 3952177 
16384 2692655 
16384 2726104 
16384 6741626 
16384 3846019 
16384 3329077 
16384 9461550 
16384 3440011 
16384 6635571 
16384 3473560 
16384 4395340 
16384 3115032 
16384 3711188 
16384 4254559 
16384 2765819 
16384 3049361 
16384 1963230 
16384 4463518 
16384 4563034 
16384 4907377 
16384 3017314 
16384 4746253 
16384 5152189 
16384 1813452 
16384 1398078 
16384 3940465 
16384 4978718 
16384 8920010 
16384 6050212 
16384 4662479 
16384 4807255 
16384 4562388 
16384 4301454 
16384 6702477 
16384 6260236 
16384 6922101 
16384 5151581 
16384 3675311 
16384 5237306 
16384 3369256 
16384 10474681 
16384 6970994 
16384 5403257 
16384 2586030 
16384 3603858 
16384 4875515 
16384 6062708 
16384 3640716 
16384 4667151 
16384 5874177 
16384 3916849 
16384 3570257 
16384 5329891 
16384 4044529 
16384 5346574 
16384 2402214 
16384 4809125 
16384 3992667 
16384 6774867 
16384 5008634 
16384 4949426 
16384 4733666 
16384 1973890 
16384 2818778 
16384 4332453 
16384 4769187 
16384 4224483 
16384 2838050 
16384 6280508 
16384 4946300 
16384 1952725 
16384 6654064 
16384 6037336 
16384 4448258 
16384 4813564 
16384 5164446 
16384 2717025 
16384 6726806 
16384 3666573 
16384 3257597 
16384 5029026 
16384 4077428 
16384 2812933 
16384 8843512 
16384 2390359 
16384 4116079 
16384 6887131 
16384 3828014 
16384 5632125 
16384 4508840 
16384 3352423 
16384 4250191 
16384 3452421 
16384 5246963 
16384 3280340 
16384 4081145 
16384 4309939 
16384 4991699 
16384 4914290 
16384 2425374 
16384 2682068 
16384 4593750 
16384 4157608 
16384 2852812 
16384 2506478 
16384 2282129 
16384 5130134 
16384 4509916 
16384 4898436 
16384 4961897 
16384 5615222 
16384 4451576 
16384 4626390 
16384 4035845 
16384 4630867 
16384 2295439 
16384 5058999 
16384 8159449 
16384 5346407 
16384 3901578 
16384 5788181 
16384 4644805 
16384 3836890 
16384 4426134 
16384 4465477 
16384 3078774 
16384 5900315 
16384 2466881 
16384 4306299 
16384 7055969 
16384 6558284 
16384 6818808 
16384 3612890 
16384 6984921 
16384 3937709 
16384 5300993 
16384 2978898 
16384 2653667 
16384 2520069 
16384 4789574 
16384 4132119 
16384 4730293 
16384 5259177 
16384 3092596 
16384 4668163 
16384 2691058 
16384 3170563 
16384 2942920 
16384 2773079 
16384 3217814 
16384 2637164 
16384 4044380 
16384 3450748 
16384 5137401 
16384 3742723 
16384 6457342 
16384 4660855 
16384 3393510 
16384 5169387 
16384 4886065 
