256 2724324 
256 5097096 
256 5055521 
256 3015636 
256 3414724 
256 2760946 
256 2683844 
256 2688066 
256 5075905 
256 6086712 
256 5393529 
256 4878658 
256 4152310 
256 4104647 
256 6470149 
256 3693756 
256 3620502 
256 4119722 
256 8444771 
256 2520960 
256 6439014 
256 8313352 
256 7538168 
256 7002348 
256 5378443 
256 2786246 
256 2278601 
256 5303327 
256 8283040 
256 6368191 
256 2934407 
256 7896970 
256 3855476 
256 8073082 
256 3881611 
256 2933422 
256 5755599 
256 3377846 
256 5688942 
256 2317761 
256 3044908 
256 3362321 
256 4227183 
256 5870933 
256 3713830 
256 4021137 
256 5115398 
256 4085438 
256 1238708 
256 9251283 
256 5715203 
256 2549401 
256 2136130 
256 3522569 
256 2424134 
256 4073516 
256 3473648 
256 3962996 
256 2500880 
256 5352713 
256 4335110 
256 7256983 
256 5484409 
256 5837235 
256 5012380 
256 3560263 
256 3156874 
256 3501674 
256 2426419 
256 5116229 
256 2813240 
256 4586933 
256 2153945 
256 2740511 
256 3709299 
256 2567050 
256 3777981 
256 3909554 
256 2214981 
256 2178675 
256 4763863 
256 4875449 
256 4236122 
256 7338093 
256 3777349 
256 3288889 
256 2396063 
256 2423785 
256 3198278 
256 5887463 
256 6641422 
256 3929651 
256 4033176 
256 5619157 
256 4459250 
256 3552377 
256 5925348 
256 6333227 
256 4561287 
256 4167165 
256 3436432 
256 3998968 
256 5605659 
256 6689322 
256 3641099 
256 3047923 
256 5269614 
256 7143002 
256 3029284 
256 2780357 
256 5223780 
256 1981678 
256 2793216 
256 3938491 
256 4873124 
256 3050991 
256 5877883 
256 4204991 
256 3739477 
256 2529938 
256 4395366 
256 5566826 
256 3107813 
256 4056039 
256 2663338 
256 4147713 
256 2943685 
256 5488528 
256 3617784 
256 2959112 
256 3245085 
256 5981307 
256 4109571 
256 3608625 
256 3713888 
256 3016861 
256 6464155 
256 5262563 
256 6700201 
256 4171306 
256 3381348 
256 2436684 
256 6329032 
256 5420824 
256 3305403 
256 2626887 
256 4094805 
256 5373191 
256 4770791 
256 1833343 
256 5861744 
256 5073339 
256 5322996 
256 6222987 
256 4474314 
256 5691417 
256 3251985 
256 2591626 
256 2423934 
256 1974342 
256 3706409 
256 3711594 
256 3274547 
256 5820882 
256 3474059 
256 1980339 
256 6110849 
256 4297036 
256 5001332 
256 5506979 
256 3395350 
256 6040002 
256 2985831 
256 4908931 
256 4249951 
256 6709883 
256 3803229 
256 4218384 
256 4383499 
256 3692499 
256 3995063 
256 4203890 
256 3361135 
256 6895731 
256 4298439 
256 2254601 
256 5600460 
256 4234122 
256 5614409 
256 4266059 
256 2397188 
256 4510961 
256 5312386 
256 2150860 
256 5469617 
256 4475936 
256 3643803 
256 7860601 
256 5531807 
256 2095890 
256 4642288 
256 4484100 
256 4523005 
256 3836119 
256 6222312 
256 4763094 
256 3461187 
256 3761719 
256 3203847 
256 8069865 
256 3108481 
256 3284967 
256 6470288 
256 3436090 
256 2462874 
256 7345586 
256 1570951 
256 3334960 
256 6568947 
256 2979006 
256 4157377 
256 7645025 
256 3669584 
256 2556104 
256 3751374 
256 4361510 
256 3684372 
256 5792596 
256 4849326 
256 2952483 
256 4513260 
256 4840847 
256 4797170 
256 4258424 
256 3438373 
256 3701902 
256 2489479 
256 2460785 
256 3173926 
256 2334248 
256 3464768 
256 4503660 
256 4661693 
256 2516284 
256 2993010 
256 6235584 
256 4383641 
256 5181395 
256 2565252 
256 3734416 
256 1902498 
256 3939460 
256 5598797 
256 4156455 
256 2245382 
256 3464354 
256 3273972 
256 4527141 
256 2400914 
256 2799494 
256 3785989 
256 2315324 
256 7103908 
256 5485918 
256 2210676 
256 3547392 
256 3340266 
256 3689531 
256 2399174 
256 4631280 
256 3844243 
256 2092313 
256 6196179 
256 3019535 
256 1844583 
256 2778686 
256 4065886 
256 7147483 
256 4727408 
256 4397530 
256 4589454 
256 3576340 
256 5639468 
256 4896133 
256 4746638 
256 4576286 
256 4572773 
256 2043243 
256 4696344 
256 8728592 
256 3401202 
256 3014557 
256 2276917 
256 3262857 
256 4967355 
256 3235604 
256 4265468 
256 3280930 
256 3980509 
256 3984931 
256 5047444 
256 2964467 
256 2581159 
256 4327432 
256 6126149 
256 4329473 
256 2983073 
256 2610016 
256 5957585 
256 4423372 
256 6460408 
256 6158413 
256 3801047 
256 1878782 
256 4090566 
256 6473854 
256 6468481 
256 3267846 
256 6197778 
256 5962011 
256 3586655 
256 7946001 
256 5369156 
256 4414276 
256 4465677 
256 3246065 
256 2527638 
256 4603484 
256 2309686 
256 1904046 
256 5081727 
256 2858942 
256 2355890 
256 3870825 
256 8037851 
256 5222569 
256 4828391 
256 2861094 
256 4647542 
256 4857501 
256 4886050 
256 8226233 
256 4020825 
256 2332070 
256 4117278 
256 4791008 
256 3851381 
256 6089246 
256 1534479 
256 4366767 
256 2225763 
256 6104913 
256 4706533 
256 2785882 
256 6690362 
256 4916132 
256 2293813 
256 4074477 
256 3573984 
256 2751890 
256 4614582 
256 2900414 
256 7527789 
256 4663219 
256 2521031 
256 2364712 
256 6164126 
256 4978646 
256 4617034 
256 2733804 
256 3784645 
256 2773514 
256 2768754 
256 6092650 
256 3991819 
256 3180971 
256 1927952 
256 3043014 
256 3641912 
256 3900849 
256 3911280 
256 3189658 
256 6318517 
256 4103516 
256 4306526 
256 2781391 
256 4394906 
256 3666821 
256 4469266 
256 1692718 
256 4171932 
256 4322403 
256 2212770 
256 5094568 
256 2029577 
256 3115507 
256 2165039 
256 6346154 
256 6367966 
256 3643901 
256 5406288 
256 5023056 
256 7998882 
256 3741067 
256 2839508 
256 4145134 
256 6695012 
256 3377320 
256 2408274 
256 5876948 
256 2207814 
256 2375211 
256 4324794 
256 5272588 
256 5344241 
256 3040426 
256 3481173 
256 3235274 
256 2963382 
256 2681627 
256 6502357 
256 9484220 
256 3089428 
256 5253111 
256 3117702 
256 2130251 
256 6732646 
256 3257026 
256 6247287 
256 5562531 
256 2858680 
256 2520047 
256 3705919 
256 3164759 
256 4090546 
256 4410681 
256 4341804 
256 3919996 
256 3212091 
256 5054118 
256 5305482 
256 5140719 
256 6237731 
256 3526941 
256 3829543 
256 4636906 
256 3767395 
256 5041723 
256 5003139 
256 3918510 
256 2313604 
256 2496130 
256 4743838 
256 3422714 
256 3623819 
256 2809790 
256 7388297 
256 2767280 
256 4372820 
256 3097723 
256 3704494 
256 2375722 
256 4364584 
256 4702487 
256 6253435 
256 2765132 
256 5172334 
256 5383021 
256 2880619 
256 3796634 
256 4051952 
256 2525397 
256 4539697 
256 3771176 
256 5572682 
256 5446370 
256 3739855 
256 3161653 
256 4252074 
256 4042614 
256 2427512 
256 2454361 
256 3024044 
256 2435210 
256 2903447 
256 6202800 
256 6195402 
256 4998200 
256 4664951 
256 2767640 
256 1490082 
256 1943386 
256 3550159 
256 4922195 
256 3377903 
256 5023220 
256 4031612 
256 3005368 
256 4666555 
256 5760249 
256 6082646 
256 3695228 
256 2951570 
256 2482354 
256 2928485 
256 4366584 
256 4575639 
256 2419636 
256 4045008 
256 3998580 
256 4553820 
256 3215552 
256 3505192 
256 5081796 
256 3622615 
256 5663573 
256 5162222 
256 4988797 
256 4890334 
256 3092426 
256 4937669 
256 5060501 
256 8222479 
256 5557512 
256 3043869 
256 3305187 
256 4469165 
256 3835682 
256 2255209 
256 4135361 
256 3714478 
256 2112176 
256 3399167 
256 3010595 
256 1680438 
256 3862962 
256 3113642 
256 9190351 
256 4452146 
256 6712035 
256 3305010 
256 4841614 
256 2987641 
256 6479298 
256 1623414 
256 5191089 
256 3825864 
256 2236724 
256 5898319 
256 4332632 
256 4240279 
256 3834883 
256 3486676 
256 4584455 
256 6120416 
256 4027925 
256 8449353 
256 2211974 
256 7663702 
256 3921269 
256 2454000 
256 5470039 
256 3402036 
256 3186889 
256 4065745 
256 7947206 
256 4448266 
256 3938982 
256 4042096 
256 3374607 
256 3801855 
256 2204605 
256 5951544 
256 3232401 
256 4071350 
256 2487048 
256 4412855 
256 3740860 
256 10308418 
256 5894595 
256 3577414 
256 6926572 
256 3491648 
256 1028507 
256 3784878 
256 3887671 
256 6214421 
256 3660047 
256 7203051 
256 5243655 
256 4293698 
256 3588766 
256 2629687 
256 3089534 
256 3030007 
256 10371040 
256 2963334 
256 3665568 
256 3734026 
256 4229462 
256 2494197 
256 2985864 
256 4194199 
256 7816872 
256 7041290 
256 5515184 
256 7369010 
256 4019381 
256 3624954 
256 4494266 
256 3767552 
256 2660680 
256 2331527 
256 4538956 
256 4965117 
256 3605920 
256 1871626 
256 5367608 
256 2871719 
256 5027069 
256 3626109 
256 4565980 
256 3573020 
256 4442626 
256 3306208 
256 9436142 
256 4008442 
256 5637972 
256 2594016 
256 4124370 
256 5138923 
256 2112515 
256 6434939 
256 6199676 
256 3836591 
256 6639669 
256 5518774 
256 2675570 
256 3932948 
256 3011392 
256 3136682 
256 5699349 
256 3531451 
256 2906094 
256 3822988 
256 5078075 
256 3980190 
256 3757437 
256 3637781 
256 2843626 
256 1872983 
256 5843589 
256 5539936 
256 4778700 
256 4075376 
256 4313110 
256 8362479 
256 4404953 
256 2359290 
256 4324124 
256 3083071 
256 5655984 
256 2512366 
256 3042507 
256 4850234 
256 3685444 
256 5657175 
256 2669957 
256 5252445 
256 5656941 
256 5108737 
256 3279617 
256 5303862 
256 4127706 
256 6366356 
256 4798168 
256 6106774 
256 2872607 
256 2816029 
256 3170084 
256 5124015 
256 1734826 
256 3336187 
256 5962078 
256 5699440 
256 2506667 
256 2541919 
256 4248054 
256 3105183 
256 5246989 
256 3354725 
256 3131480 
256 3137786 
256 2463200 
256 8265861 
256 4444035 
256 3463414 
256 2441812 
256 2700777 
256 3976670 
256 3188296 
256 2529334 
256 3052216 
256 7608555 
256 5094491 
256 3255578 
256 6484257 
256 7877073 
256 2960272 
256 4951608 
256 4057911 
256 2882521 
256 1162452 
256 4059079 
256 4140498 
256 3740606 
256 5473721 
256 3365487 
256 2550199 
256 7122752 
256 4019533 
256 7278921 
256 3217708 
256 2167008 
256 3290879 
256 4324840 
256 1938796 
256 3692964 
256 3520328 
256 2605775 
256 5485719 
256 4940538 
256 3272375 
256 4970379 
256 4464771 
256 4497176 
256 3717484 
256 3927105 
256 4448321 
256 5446929 
256 4387195 
256 3507123 
256 3690731 
256 5187822 
256 4367555 
256 4469194 
256 3344397 
256 2394114 
256 1347445 
256 5748052 
256 3283078 
256 2223942 
256 6078678 
256 6008713 
256 3027521 
256 5448918 
256 3420658 
256 6099741 
256 3578237 
256 2575495 
256 2604418 
256 5155037 
256 4795227 
256 2383371 
256 3692265 
256 3416222 
256 5087439 
256 4634005 
256 6032170 
256 3568775 
256 4211089 
256 2608676 
256 4265985 
256 3087896 
256 6433667 
256 4646358 
256 2631254 
256 1949690 
256 4210610 
256 8285915 
256 7827586 
256 5615529 
256 6129724 
256 6682505 
256 3734383 
256 3096578 
256 3504310 
256 3643626 
256 4000222 
256 4857278 
256 3239881 
256 5775702 
256 4188251 
256 2230984 
256 2426143 
256 3085454 
256 6412663 
256 6101819 
256 2841138 
256 4067271 
256 4011798 
256 2884885 
256 2991644 
256 4526707 
256 3920229 
256 3956030 
256 4703706 
256 2364026 
256 3607678 
256 9402563 
256 4393980 
256 2100759 
256 6490261 
256 4095976 
256 6013303 
256 3086734 
256 3002336 
256 6318451 
256 3779583 
256 4789967 
256 6128953 
256 6944781 
256 6179599 
256 3041011 
256 3403329 
256 5587449 
256 5966942 
256 3080751 
256 1976206 
256 3772747 
256 3913150 
256 4418164 
256 3685147 
256 2985700 
256 5609371 
256 3304418 
256 5326713 
256 3167004 
256 4118284 
256 2297262 
256 4588950 
256 2577687 
256 2473673 
256 6739353 
256 4184043 
256 3076440 
256 8222282 
256 3220786 
256 6987512 
256 3610643 
256 4225894 
256 3038569 
256 3689965 
256 4417611 
256 2539135 
256 3415908 
256 1832414 
256 4793329 
256 4015421 
256 3917008 
256 2922571 
256 4178292 
256 4681283 
256 1754248 
256 1339337 
256 4180789 
256 5210129 
256 7766617 
256 6135134 
256 5004059 
256 4658158 
256 3545977 
256 3974325 
256 5282070 
256 6040677 
256 6247721 
256 4746769 
256 3547155 
256 4319853 
256 3182468 
256 9642907 
256 5811888 
256 5315943 
256 2616325 
256 3585582 
256 5018122 
256 5417956 
256 3751971 
256 4239142 
256 5995817 
256 3594506 
256 3493146 
256 4754936 
256 4097471 
256 5251260 
256 2335631 
256 5034330 
256 4051196 
256 5634549 
256 4962975 
256 4926948 
256 4552733 
256 2039531 
256 2898421 
256 3399109 
256 4254222 
256 3946517 
256 2257936 
256 6371954 
256 5196953 
256 1866155 
256 6376170 
256 5984287 
256 4526375 
256 4323043 
256 6005467 
256 3180232 
256 6283271 
256 3347870 
256 3741620 
256 4361332 
256 3903290 
256 2672686 
256 8800784 
256 2436220 
256 3903185 
256 5420943 
256 3659042 
256 4715096 
256 4650551 
256 3173372 
256 4155334 
256 3185676 
256 4480021 
256 3262601 
256 3714180 
256 4412767 
256 5023782 
256 3600536 
256 2462964 
256 2600888 
256 3780518 
256 3403239 
256 2932677 
256 2528774 
256 2231801 
256 5070024 
256 4607893 
256 3793465 
256 3977179 
256 5921215 
256 4511347 
256 4246586 
256 4138738 
256 4215293 
256 2193035 
256 5211131 
256 7551621 
256 5172974 
256 3690949 
256 4988494 
256 3499101 
256 3917169 
256 3997522 
256 3646079 
256 2801229 
256 5829921 
256 2556183 
256 3961476 
256 7241131 
256 5414640 
256 6894504 
256 3399866 
256 5692272 
256 3933797 
256 6058699 
256 3085005 
256 2551744 
256 2570685 
256 4453929 
256 3746339 
256 4755399 
256 5020810 
256 2903918 
256 4440864 
256 2047596 
256 3305894 
256 3083824 
256 2396175 
256 3602593 
256 2461918 
256 3919140 
256 3418668 
256 4972386 
256 3667477 
256 5924596 
256 4805336 
256 3157891 
256 5075149 
256 3610193 
