64 2860241 
64 5238197 
64 4640873 
64 3053092 
64 3219225 
64 2808932 
64 3066097 
64 2911964 
64 5048932 
64 6532723 
64 5414335 
64 4747990 
64 4357185 
64 3893812 
64 6524437 
64 3769264 
64 4001348 
64 3779812 
64 6354966 
64 1973214 
64 6312097 
64 8473528 
64 7422241 
64 7049118 
64 4648951 
64 2704613 
64 2146123 
64 5671925 
64 8223273 
64 6053203 
64 2624848 
64 8619649 
64 4292788 
64 7724093 
64 4154254 
64 2812903 
64 6426452 
64 3200382 
64 5878968 
64 2006359 
64 2929142 
64 3496133 
64 4260323 
64 6075311 
64 4198588 
64 3586699 
64 4810262 
64 4551638 
64 1748590 
64 9965875 
64 6200129 
64 3010800 
64 2196463 
64 3555254 
64 2512255 
64 4129724 
64 3586931 
64 3952706 
64 2497543 
64 6066132 
64 5410247 
64 7686031 
64 5756999 
64 6569494 
64 5622666 
64 3724694 
64 2960669 
64 4107602 
64 2485488 
64 5039645 
64 3569533 
64 4238731 
64 2579238 
64 2728787 
64 3833239 
64 2854102 
64 3731109 
64 3930366 
64 2322287 
64 2032028 
64 4748084 
64 4477152 
64 4329455 
64 7471070 
64 3740691 
64 3708020 
64 2239400 
64 2180366 
64 4463884 
64 6101521 
64 6931018 
64 4805500 
64 4624817 
64 5502433 
64 5316753 
64 3771668 
64 6640591 
64 5702941 
64 4279832 
64 4956367 
64 3996418 
64 4446248 
64 5199259 
64 5703557 
64 4119314 
64 3261445 
64 4632800 
64 6792195 
64 2704066 
64 2782553 
64 4868999 
64 2215579 
64 2567079 
64 4137716 
64 4746708 
64 3101906 
64 5339415 
64 4136958 
64 3822353 
64 2535603 
64 4150369 
64 6079860 
64 3001133 
64 4814874 
64 2755055 
64 4468973 
64 2812359 
64 4932039 
64 3008312 
64 3372991 
64 3623513 
64 6451070 
64 4632323 
64 4015529 
64 3275784 
64 3804564 
64 6228859 
64 5308056 
64 7001743 
64 3891057 
64 3601870 
64 2901890 
64 6580582 
64 5452806 
64 3524103 
64 2755460 
64 4150736 
64 5717075 
64 4638042 
64 1791503 
64 5496321 
64 5041676 
64 5085303 
64 5790026 
64 4319448 
64 5232464 
64 4129167 
64 2811477 
64 2728661 
64 1982309 
64 4017940 
64 3213077 
64 3296747 
64 6235309 
64 4450216 
64 2236200 
64 7414097 
64 4205288 
64 5344552 
64 5147499 
64 3129603 
64 6262204 
64 3153411 
64 5326620 
64 4758196 
64 7608330 
64 3560541 
64 4005157 
64 4464949 
64 3869278 
64 3875868 
64 4434307 
64 3099384 
64 6577482 
64 3686438 
64 2537757 
64 5114781 
64 4135594 
64 5240908 
64 4269814 
64 2740614 
64 4699084 
64 6677362 
64 2105204 
64 5258229 
64 4204891 
64 3253359 
64 6964512 
64 5032103 
64 1907562 
64 4011851 
64 4504788 
64 4687411 
64 3859497 
64 5611350 
64 4312694 
64 3378045 
64 4286554 
64 3181273 
64 6523587 
64 2946830 
64 3267841 
64 6388174 
64 3148629 
64 2456503 
64 7301924 
64 1745544 
64 3081900 
64 6773089 
64 3287022 
64 4213339 
64 8521592 
64 3903704 
64 2855025 
64 4000856 
64 4113498 
64 3714789 
64 6004644 
64 5356597 
64 2929406 
64 4336732 
64 4686761 
64 4774875 
64 4265216 
64 4010352 
64 3785846 
64 2640489 
64 2300867 
64 3143343 
64 2468753 
64 3607954 
64 4443299 
64 4356662 
64 2582615 
64 3267411 
64 6386884 
64 4455632 
64 5237761 
64 3010798 
64 3701705 
64 2160421 
64 3550950 
64 5552905 
64 3906902 
64 2788058 
64 3332420 
64 3146162 
64 4153061 
64 2507801 
64 3009748 
64 3658203 
64 2727569 
64 7077506 
64 5433407 
64 2389555 
64 3895374 
64 3216479 
64 3976185 
64 2501803 
64 4413095 
64 4029026 
64 2056106 
64 6070392 
64 3099411 
64 2008044 
64 2978271 
64 4474336 
64 6968546 
64 4637960 
64 4666773 
64 4943047 
64 3789977 
64 5980118 
64 4827504 
64 4234454 
64 4636873 
64 4123095 
64 2579633 
64 5202927 
64 8961591 
64 4195161 
64 2975698 
64 1970760 
64 3492167 
64 5042292 
64 3564513 
64 4085415 
64 3289001 
64 3896594 
64 3803836 
64 4693941 
64 3003297 
64 2813007 
64 4394763 
64 6024014 
64 4230535 
64 3211771 
64 2699318 
64 6058165 
64 3976035 
64 6828775 
64 6407797 
64 3297081 
64 1899686 
64 3931701 
64 6931155 
64 6327075 
64 3200578 
64 5883257 
64 6025385 
64 3738264 
64 8097324 
64 4976850 
64 5047682 
64 4986391 
64 3017278 
64 1978296 
64 4820869 
64 1857484 
64 1784884 
64 5258668 
64 3225673 
64 2515672 
64 4142769 
64 8381879 
64 4904720 
64 4036159 
64 2846850 
64 4473957 
64 4806426 
64 5845237 
64 7428500 
64 4005888 
64 2682265 
64 4556133 
64 5211244 
64 3357096 
64 5705743 
64 1527949 
64 4621301 
64 2395155 
64 6329029 
64 4033374 
64 3067162 
64 6339335 
64 5070529 
64 2436095 
64 4543487 
64 3525559 
64 2847412 
64 3998180 
64 3219692 
64 6535081 
64 4211412 
64 2807380 
64 2657594 
64 6565015 
64 4892627 
64 5011370 
64 3210007 
64 4258964 
64 2800409 
64 2678299 
64 5900134 
64 3986475 
64 2705999 
64 2084050 
64 3068506 
64 3837655 
64 3375020 
64 3978001 
64 3004456 
64 5842970 
64 4195782 
64 4094235 
64 2834102 
64 4824546 
64 3777652 
64 4383718 
64 2276784 
64 4370142 
64 4353887 
64 2483582 
64 5218751 
64 2113875 
64 2635076 
64 2308891 
64 5872867 
64 6333199 
64 3416527 
64 5562870 
64 5012383 
64 7723695 
64 3558834 
64 3283837 
64 4080495 
64 6004852 
64 3415487 
64 2294985 
64 6419826 
64 2314268 
64 2588945 
64 4042596 
64 5053044 
64 5019943 
64 3254174 
64 3397051 
64 3800842 
64 2966136 
64 2918620 
64 6377145 
64 8807452 
64 3944704 
64 4809923 
64 2868445 
64 2197294 
64 6843164 
64 3299375 
64 7868649 
64 5403229 
64 3101409 
64 2746455 
64 3364727 
64 3503188 
64 4107308 
64 4229670 
64 4949060 
64 3998601 
64 2864277 
64 5157039 
64 5335100 
64 5297023 
64 6298411 
64 3260608 
64 3367167 
64 4874454 
64 3484638 
64 4928129 
64 5432272 
64 3789378 
64 2616483 
64 2780996 
64 5120089 
64 3473725 
64 4107394 
64 2855788 
64 7402410 
64 2865950 
64 4057999 
64 2981131 
64 3499281 
64 2617676 
64 4258608 
64 4715195 
64 6705477 
64 3009119 
64 4885825 
64 5344715 
64 2776589 
64 3544500 
64 4179661 
64 2513561 
64 4312639 
64 3455182 
64 6177047 
64 5361018 
64 3778023 
64 3383239 
64 3642187 
64 4050351 
64 2503074 
64 2544926 
64 3102011 
64 2470359 
64 3094487 
64 5506310 
64 6101182 
64 4726339 
64 4541310 
64 3036096 
64 1572842 
64 2009397 
64 2994255 
64 4941003 
64 3185046 
64 4894321 
64 4082777 
64 3154754 
64 4538761 
64 4936608 
64 6058668 
64 3671694 
64 2833444 
64 2392442 
64 2999259 
64 4194237 
64 4019734 
64 2548643 
64 4184572 
64 3785587 
64 4655151 
64 3560001 
64 3635731 
64 5655709 
64 3927403 
64 5928258 
64 4673284 
64 5121722 
64 4316893 
64 3083678 
64 4918700 
64 4740764 
64 8142379 
64 5504999 
64 2959963 
64 3304773 
64 4565190 
64 3646983 
64 2127899 
64 4213751 
64 3340889 
64 2534851 
64 3378610 
64 2924902 
64 1894049 
64 4094258 
64 3283203 
64 8707600 
64 4645559 
64 6493601 
64 3544122 
64 5817585 
64 3283561 
64 6289653 
64 1992976 
64 5295547 
64 4030874 
64 2413036 
64 5752920 
64 4470585 
64 4024273 
64 3647742 
64 3164289 
64 4604377 
64 6195740 
64 4287535 
64 8426589 
64 2315434 
64 6921972 
64 4193426 
64 2796300 
64 5234906 
64 3202892 
64 3073725 
64 3909411 
64 7039432 
64 4281599 
64 3885184 
64 4260601 
64 2901648 
64 3897977 
64 2271148 
64 5973464 
64 3419762 
64 4135124 
64 2914519 
64 4207362 
64 3740006 
64 10162356 
64 5319179 
64 3457561 
64 7213863 
64 3960560 
64 982499 
64 3721795 
64 3595156 
64 5902870 
64 3369970 
64 7133893 
64 5285007 
64 4612224 
64 3340300 
64 2646632 
64 3402882 
64 2733173 
64 10226323 
64 2852714 
64 3856177 
64 3880832 
64 4111218 
64 2663713 
64 3064206 
64 4345237 
64 8592962 
64 7228365 
64 5274567 
64 6490434 
64 3993462 
64 3840701 
64 4962228 
64 3904354 
64 2491285 
64 2696972 
64 4683763 
64 5198812 
64 3226246 
64 2020129 
64 4691747 
64 3096437 
64 4939626 
64 3576393 
64 4446016 
64 3880823 
64 4567245 
64 3603092 
64 9721481 
64 3953532 
64 5435662 
64 2766252 
64 3879261 
64 4952132 
64 2367668 
64 6770393 
64 5902748 
64 3588897 
64 6385391 
64 5624927 
64 2777411 
64 4169953 
64 2777534 
64 3228108 
64 5498040 
64 3573740 
64 2883193 
64 3481184 
64 4700365 
64 4049355 
64 3518703 
64 3436009 
64 2943314 
64 2036444 
64 6043705 
64 6210805 
64 5677683 
64 4117673 
64 4656467 
64 7845654 
64 4314347 
64 2513389 
64 4071314 
64 3248580 
64 5613416 
64 2729059 
64 2958129 
64 4592699 
64 3512397 
64 5956739 
64 2725914 
64 5244609 
64 5770045 
64 5124567 
64 2929378 
64 5311264 
64 4202789 
64 5915282 
64 4650865 
64 6564741 
64 2953553 
64 2807603 
64 3440167 
64 5768410 
64 2077208 
64 3254030 
64 6097153 
64 5603579 
64 2450390 
64 2861563 
64 4142686 
64 3199862 
64 4836938 
64 3178173 
64 2979313 
64 3329860 
64 2514711 
64 7694873 
64 4417471 
64 3672071 
64 2429505 
64 2485572 
64 4681596 
64 3248183 
64 2488485 
64 3213536 
64 6441632 
64 5139777 
64 3474071 
64 5836938 
64 7581967 
64 3284989 
64 4676148 
64 3328721 
64 2629229 
64 1527280 
64 3849544 
64 4020048 
64 3839182 
64 5370725 
64 3339493 
64 2575672 
64 6509807 
64 4018264 
64 6948307 
64 2732315 
64 2421547 
64 3755416 
64 4363053 
64 2233721 
64 3576326 
64 3266306 
64 2509952 
64 5374623 
64 4521027 
64 3134390 
64 4841506 
64 4250422 
64 4408008 
64 3555996 
64 4219499 
64 4258064 
64 5546416 
64 4683373 
64 3448220 
64 3190689 
64 5159076 
64 4485084 
64 4552745 
64 3294882 
64 2298883 
64 1455252 
64 6294816 
64 3198572 
64 1930330 
64 6200475 
64 7568560 
64 3115925 
64 5804206 
64 3483906 
64 6449023 
64 3810917 
64 2699686 
64 2631913 
64 5871475 
64 4872098 
64 2642926 
64 3750206 
64 3413214 
64 5196678 
64 4634426 
64 5004894 
64 3413791 
64 4106865 
64 2837938 
64 3782224 
64 3123349 
64 5993391 
64 4632835 
64 2614582 
64 1825648 
64 4392109 
64 8958449 
64 7340120 
64 5794798 
64 6479931 
64 6182914 
64 3934737 
64 3246527 
64 3444480 
64 3896549 
64 4126012 
64 5199421 
64 3465215 
64 5457472 
64 4593879 
64 1901654 
64 2099918 
64 3033607 
64 6126437 
64 6080217 
64 2983094 
64 4205455 
64 3860187 
64 2781564 
64 3126516 
64 4399779 
64 3638432 
64 3640959 
64 4469351 
64 2355633 
64 4046711 
64 9303305 
64 4117034 
64 2221235 
64 5961345 
64 3791031 
64 6112060 
64 3551158 
64 2964682 
64 5886411 
64 3882627 
64 4574938 
64 5698676 
64 6321294 
64 5919052 
64 3275643 
64 2826301 
64 5889619 
64 6133847 
64 3451362 
64 2157728 
64 4080469 
64 3981351 
64 4733092 
64 3970606 
64 3162317 
64 6210808 
64 3610919 
64 5280936 
64 3170293 
64 4442083 
64 2355258 
64 4203731 
64 2437377 
64 2518005 
64 6698438 
64 3884227 
64 3129407 
64 8544974 
64 3449875 
64 6465325 
64 3614788 
64 4153920 
64 2834680 
64 3831024 
64 4072508 
64 2918186 
64 3132093 
64 1806854 
64 5018987 
64 4246767 
64 3810081 
64 2848609 
64 4017126 
64 4632331 
64 1913357 
64 1479111 
64 3814005 
64 4942776 
64 7392068 
64 6052327 
64 4385974 
64 4736373 
64 3703417 
64 3904821 
64 5519089 
64 5821847 
64 5820365 
64 4710359 
64 3681642 
64 4607391 
64 2674352 
64 9881827 
64 5569478 
64 5903326 
64 2740858 
64 3728335 
64 4727870 
64 5425921 
64 3404282 
64 4312041 
64 5597782 
64 3870712 
64 3176982 
64 5075454 
64 4185793 
64 4888459 
64 2324966 
64 4804621 
64 4112276 
64 6336583 
64 4977836 
64 4531029 
64 4841462 
64 2198584 
64 2871180 
64 3385869 
64 4158094 
64 4286191 
64 2323513 
64 6358446 
64 4884218 
64 2336743 
64 6406494 
64 6058963 
64 4936942 
64 4092380 
64 5367078 
64 2739147 
64 7103042 
64 3486375 
64 3488608 
64 4355793 
64 4133766 
64 2619386 
64 8546522 
64 2689326 
64 4195372 
64 5909146 
64 3500459 
64 4886771 
64 4460393 
64 3503802 
64 4064647 
64 3251857 
64 4289042 
64 3263600 
64 3706141 
64 4324141 
64 4735644 
64 3879221 
64 2523776 
64 2599153 
64 3567691 
64 3515996 
64 3012765 
64 2598266 
64 2279846 
64 5219957 
64 4265148 
64 3773935 
64 4172014 
64 5710605 
64 4111137 
64 4107542 
64 4077304 
64 4507327 
64 2242056 
64 4770629 
64 8059582 
64 5288710 
64 3581922 
64 5060262 
64 3432195 
64 4069953 
64 4277121 
64 3905460 
64 3108598 
64 6298188 
64 2398793 
64 4185980 
64 7091984 
64 5514012 
64 6795999 
64 3340184 
64 5540288 
64 3831501 
64 5159825 
64 2975267 
64 2616858 
64 2339794 
64 4643591 
64 3781119 
64 4619696 
64 5892079 
64 2954832 
64 4525472 
64 2257648 
64 3284111 
64 3098003 
64 2511132 
64 3144897 
64 2781511 
64 3948996 
64 3194126 
64 4882443 
64 3632602 
64 6278745 
64 4898578 
64 3172756 
64 5231301 
64 3865439 
