256 2538123 
256 4890524 
256 4198413 
256 2608521 
256 2844566 
256 2375148 
256 2515466 
256 2305781 
256 4690853 
256 5294749 
256 4310301 
256 4149707 
256 3555331 
256 3335535 
256 5234047 
256 3230872 
256 3145324 
256 3318550 
256 5313902 
256 2357164 
256 5520224 
256 6986249 
256 6764758 
256 6647609 
256 5216995 
256 2371690 
256 2076124 
256 5075605 
256 7539246 
256 5700880 
256 2901069 
256 7351939 
256 3758219 
256 7051194 
256 3502766 
256 2893800 
256 5258256 
256 2736654 
256 5047638 
256 1773057 
256 2285677 
256 3226681 
256 3841841 
256 5531331 
256 3383227 
256 3584023 
256 5300176 
256 3740444 
256 942963 
256 8172271 
256 5146379 
256 2544645 
256 1911865 
256 3130605 
256 2118182 
256 4061592 
256 3604925 
256 3546083 
256 2371798 
256 4937648 
256 4003544 
256 6803693 
256 5113867 
256 5851981 
256 4651715 
256 3551493 
256 2480993 
256 3264328 
256 2307937 
256 4378572 
256 2445715 
256 3607904 
256 2028219 
256 2646215 
256 3436874 
256 2325126 
256 3465235 
256 3253000 
256 2088881 
256 1787340 
256 4514306 
256 3918919 
256 4124920 
256 6715738 
256 3346132 
256 3135364 
256 2133700 
256 2139917 
256 2865752 
256 4747461 
256 6549247 
256 3547980 
256 3905072 
256 5006684 
256 4280268 
256 3137228 
256 6009377 
256 5851490 
256 3618513 
256 3904304 
256 3502303 
256 3857113 
256 4556550 
256 6001185 
256 3199870 
256 2767263 
256 4622976 
256 5498519 
256 2607218 
256 2576175 
256 4553848 
256 1849417 
256 2434143 
256 3557670 
256 4470763 
256 2788547 
256 5008579 
256 3941445 
256 3344055 
256 2697999 
256 4321499 
256 4824475 
256 3057983 
256 4060541 
256 2860983 
256 3990173 
256 2570813 
256 4473858 
256 3319531 
256 3045218 
256 3199351 
256 5680164 
256 3823402 
256 3673561 
256 2799634 
256 2793724 
256 6234670 
256 5039535 
256 5911819 
256 3801208 
256 3110745 
256 2204716 
256 5774173 
256 4902693 
256 3117102 
256 2319530 
256 3718788 
256 4945962 
256 4071353 
256 1712781 
256 5820468 
256 4423887 
256 4971575 
256 5389962 
256 4066764 
256 4614911 
256 2884870 
256 2372338 
256 2403626 
256 1752012 
256 3240715 
256 3356983 
256 2846090 
256 5361627 
256 3443379 
256 1782581 
256 5593869 
256 4132338 
256 4670152 
256 4847973 
256 2728353 
256 5378759 
256 2534369 
256 4592220 
256 3961090 
256 6796781 
256 3412267 
256 3623695 
256 4116608 
256 3179699 
256 3840295 
256 3961317 
256 3549109 
256 5958909 
256 3567734 
256 2135886 
256 4035747 
256 3993035 
256 4993949 
256 3710508 
256 2545085 
256 4498204 
256 5124054 
256 1933630 
256 4880135 
256 4205502 
256 2938615 
256 6359057 
256 4554798 
256 1860703 
256 3542858 
256 4321902 
256 4148286 
256 3782153 
256 5127826 
256 4112568 
256 2892086 
256 3463318 
256 3075335 
256 6294056 
256 2768614 
256 3031285 
256 5738169 
256 2821107 
256 2143433 
256 6387035 
256 1380682 
256 2863706 
256 6376587 
256 2747434 
256 3943507 
256 6850377 
256 3297032 
256 2346768 
256 3364558 
256 3995343 
256 3168374 
256 5265963 
256 4848343 
256 2672446 
256 4289551 
256 4400152 
256 4384781 
256 3567443 
256 3119458 
256 3407118 
256 2333024 
256 2190038 
256 2952153 
256 2108618 
256 3061577 
256 4086969 
256 4126908 
256 2264039 
256 2904621 
256 5460887 
256 4224084 
256 4561958 
256 2245159 
256 3162455 
256 1670099 
256 2949251 
256 4581577 
256 3604916 
256 2098739 
256 3038142 
256 2571248 
256 3552310 
256 2189335 
256 2371480 
256 3239376 
256 2007544 
256 6352116 
256 4712167 
256 1871146 
256 3233059 
256 2672702 
256 3410364 
256 2316183 
256 3789223 
256 3906211 
256 2188481 
256 5654430 
256 2821463 
256 1735887 
256 2683633 
256 4036896 
256 6208570 
256 3852534 
256 4420767 
256 4625204 
256 3531565 
256 5963155 
256 4368037 
256 3986196 
256 4312806 
256 3938651 
256 1875226 
256 4573824 
256 8607880 
256 3562923 
256 2700144 
256 2056025 
256 3044670 
256 4435786 
256 2989235 
256 3729057 
256 2954849 
256 3807719 
256 3502121 
256 4499027 
256 2969632 
256 2386280 
256 4048532 
256 5737137 
256 3893537 
256 2978868 
256 2636253 
256 5443707 
256 3450940 
256 6040214 
256 6027340 
256 3081132 
256 1723094 
256 3340585 
256 6398505 
256 6337749 
256 2930057 
256 5638428 
256 5293088 
256 3181129 
256 7938164 
256 4705871 
256 4021387 
256 4026564 
256 2894031 
256 2253213 
256 4790015 
256 2001643 
256 1763429 
256 4741050 
256 2795444 
256 2341977 
256 3569849 
256 7433418 
256 4344105 
256 4059040 
256 2678435 
256 3886649 
256 5358318 
256 4468751 
256 7557156 
256 3493516 
256 2338679 
256 3814385 
256 4440787 
256 3339653 
256 5716166 
256 1339207 
256 4050266 
256 3129607 
256 5496105 
256 4058128 
256 2703435 
256 6375034 
256 4444056 
256 2207360 
256 3938753 
256 3478051 
256 2370421 
256 4105917 
256 2482142 
256 5498147 
256 3948956 
256 2293541 
256 2214670 
256 6027550 
256 4516020 
256 4422251 
256 2492319 
256 3493149 
256 2669973 
256 2449835 
256 5838260 
256 3646425 
256 2800869 
256 1785117 
256 2738599 
256 3302485 
256 3129110 
256 3707979 
256 2872779 
256 5594679 
256 3682071 
256 4003107 
256 2485211 
256 4278777 
256 3240121 
256 4408858 
256 1641151 
256 3895415 
256 3758672 
256 2093816 
256 4457683 
256 1860853 
256 2712340 
256 2185154 
256 5334104 
256 5608203 
256 3300890 
256 4345596 
256 4628286 
256 7217099 
256 3180320 
256 2673406 
256 3528974 
256 6517045 
256 3369697 
256 2094660 
256 5660690 
256 2341952 
256 2282830 
256 3806997 
256 4889784 
256 4578414 
256 2985802 
256 3469459 
256 3174234 
256 3027114 
256 2688267 
256 5833962 
256 8523035 
256 3129392 
256 4588549 
256 3026527 
256 1891982 
256 6505122 
256 2979870 
256 6072568 
256 5361388 
256 2583860 
256 2540673 
256 3092075 
256 3092518 
256 3922589 
256 4130570 
256 4080870 
256 3429200 
256 2547213 
256 5118740 
256 4428343 
256 5006549 
256 5860823 
256 2735236 
256 3255044 
256 4202023 
256 3593660 
256 4412234 
256 4479167 
256 3652742 
256 2316329 
256 2334590 
256 4698121 
256 3144364 
256 3197185 
256 2505537 
256 6503994 
256 2633778 
256 4071527 
256 2458243 
256 3032712 
256 2191323 
256 4102094 
256 4313747 
256 5467013 
256 2477501 
256 4923968 
256 4694311 
256 2432462 
256 3278183 
256 3810146 
256 1976427 
256 4017726 
256 3248186 
256 5188100 
256 4917852 
256 3256779 
256 3181226 
256 3486604 
256 3648882 
256 2195663 
256 2350789 
256 2903908 
256 2284318 
256 2897295 
256 5076375 
256 5512462 
256 4561665 
256 4700259 
256 2599493 
256 1411807 
256 1812781 
256 3469759 
256 4951318 
256 3343723 
256 4910324 
256 4028134 
256 2664664 
256 4170435 
256 5088732 
256 5583687 
256 3338138 
256 2554009 
256 2143074 
256 2887247 
256 3770371 
256 3853366 
256 2445585 
256 3670196 
256 3636834 
256 4249290 
256 3063404 
256 3176641 
256 4892310 
256 3541015 
256 5200268 
256 4312695 
256 4640998 
256 4069667 
256 3150424 
256 4457656 
256 4508839 
256 8005494 
256 5318314 
256 2755732 
256 3176191 
256 4167522 
256 3212519 
256 2235748 
256 3755354 
256 3019665 
256 2096107 
256 3010400 
256 2654320 
256 1601111 
256 3626245 
256 3139267 
256 7964877 
256 4208725 
256 6435938 
256 3053940 
256 4691638 
256 2778195 
256 5911086 
256 1555934 
256 4786581 
256 3572126 
256 2093181 
256 5260774 
256 4074701 
256 3943386 
256 3195625 
256 2931237 
256 3980220 
256 5769758 
256 3904157 
256 7658702 
256 2014750 
256 6099922 
256 3805048 
256 2398740 
256 4774753 
256 3051758 
256 3003273 
256 3654309 
256 6956179 
256 3786848 
256 3686222 
256 3739610 
256 2875016 
256 3444741 
256 2147316 
256 5359625 
256 3105947 
256 3296203 
256 2419258 
256 3756107 
256 3540057 
256 9253298 
256 4675469 
256 3156589 
256 6206561 
256 3382286 
256 984756 
256 3590461 
256 3434666 
256 6015746 
256 3435400 
256 6298385 
256 4808057 
256 4127575 
256 3042376 
256 2298579 
256 2943572 
256 2726987 
256 9425764 
256 2399688 
256 3234531 
256 3171658 
256 3821737 
256 2392860 
256 2685531 
256 4209871 
256 7084795 
256 6415800 
256 4782993 
256 6137964 
256 3500862 
256 3508549 
256 4360538 
256 3391096 
256 2503613 
256 2338092 
256 4307799 
256 4472933 
256 2869309 
256 1795424 
256 4792714 
256 2905263 
256 4769241 
256 3492037 
256 4034544 
256 3677746 
256 4108557 
256 3022488 
256 8700281 
256 3648476 
256 5056906 
256 2434384 
256 3526199 
256 4571296 
256 1987604 
256 6277078 
256 5853672 
256 3125518 
256 6499806 
256 5396393 
256 2429986 
256 3604088 
256 2855491 
256 2931943 
256 5346595 
256 3042934 
256 2517740 
256 3025797 
256 4731503 
256 4069650 
256 3145748 
256 2929438 
256 2745771 
256 2055170 
256 5021958 
256 5225091 
256 4650178 
256 3758999 
256 4203720 
256 6588844 
256 3938146 
256 2174088 
256 3822843 
256 2782174 
256 5455425 
256 2284421 
256 3106940 
256 4632180 
256 3403379 
256 5170084 
256 2562273 
256 4736498 
256 4837488 
256 4761941 
256 2638306 
256 4939964 
256 3463438 
256 6074631 
256 3997146 
256 5948971 
256 2681725 
256 2670756 
256 3274820 
256 4811700 
256 1668210 
256 2835146 
256 5349867 
256 4981515 
256 2444000 
256 2494557 
256 3900636 
256 3347049 
256 4733449 
256 3247608 
256 2908907 
256 2968714 
256 2178953 
256 6975963 
256 4169567 
256 3112814 
256 2116037 
256 2210525 
256 3696751 
256 3132082 
256 2220652 
256 2879903 
256 6032808 
256 4721451 
256 3261674 
256 5473526 
256 6967181 
256 2833231 
256 4552243 
256 3078092 
256 2650220 
256 1000681 
256 3938870 
256 3907979 
256 3102623 
256 5113780 
256 2902776 
256 2458907 
256 6044664 
256 3848080 
256 6320933 
256 2911549 
256 2214036 
256 3238145 
256 4315361 
256 1731935 
256 3346688 
256 3281618 
256 2308807 
256 5088742 
256 4565944 
256 2762152 
256 4427242 
256 3967166 
256 3957614 
256 3288905 
256 3562357 
256 3881071 
256 4830123 
256 3975822 
256 3129178 
256 3303114 
256 4678267 
256 4091885 
256 3850789 
256 2865335 
256 1970424 
256 1268629 
256 5339551 
256 2846887 
256 1944091 
256 5996940 
256 5914691 
256 2784570 
256 5560988 
256 3022511 
256 5423161 
256 3239256 
256 2273166 
256 2320538 
256 4868353 
256 4485369 
256 2387823 
256 3123611 
256 3073936 
256 4500028 
256 4556128 
256 4874188 
256 3164569 
256 4467784 
256 2285326 
256 3407518 
256 2616470 
256 5448060 
256 4347132 
256 2535097 
256 1828793 
256 3788866 
256 7505933 
256 6756670 
256 5278511 
256 5688347 
256 6208099 
256 3805148 
256 2910164 
256 3076837 
256 3660891 
256 3576631 
256 4535682 
256 2933904 
256 5672204 
256 4075756 
256 1929364 
256 2224326 
256 2745616 
256 5897017 
256 5253021 
256 2595300 
256 3547420 
256 3379321 
256 2415489 
256 2599330 
256 3947903 
256 3510317 
256 3198253 
256 4162605 
256 1990327 
256 3724892 
256 8360530 
256 3948147 
256 1900236 
256 5467623 
256 3688100 
256 5509658 
256 2894742 
256 2723471 
256 5715224 
256 3498965 
256 4300005 
256 4804089 
256 5575618 
256 5016479 
256 2735406 
256 2821674 
256 4927170 
256 5329944 
256 2951238 
256 1954366 
256 3581974 
256 3458359 
256 4327615 
256 3235125 
256 2675143 
256 5352588 
256 3228364 
256 4914527 
256 2641399 
256 3576074 
256 2018959 
256 3589881 
256 2432740 
256 2413514 
256 6266971 
256 3636026 
256 2755914 
256 7696751 
256 3151633 
256 5995386 
256 3020966 
256 3871316 
256 3168444 
256 3289586 
256 3647625 
256 2388178 
256 2613349 
256 1683549 
256 4492125 
256 3985776 
256 3285959 
256 2675247 
256 3523172 
256 4154383 
256 1564200 
256 1191834 
256 3355087 
256 4484881 
256 6937893 
256 5519799 
256 4065045 
256 4396284 
256 3293001 
256 4129373 
256 5045612 
256 5731311 
256 5470951 
256 4541280 
256 3244525 
256 3952274 
256 3199610 
256 8356894 
256 5121058 
256 5030140 
256 2241529 
256 3587005 
256 4325777 
256 4939787 
256 3105698 
256 3862847 
256 5304193 
256 3486962 
256 2787832 
256 4473738 
256 3693175 
256 4634085 
256 2265307 
256 4744764 
256 4374670 
256 5218627 
256 4814132 
256 4275215 
256 4296132 
256 1449618 
256 2799526 
256 3280744 
256 3668383 
256 3896135 
256 2106138 
256 6024192 
256 4987708 
256 1828783 
256 6021601 
256 5878030 
256 4246370 
256 3977865 
256 4735220 
256 2632374 
256 5671513 
256 3261028 
256 2892459 
256 4374417 
256 3990808 
256 2563937 
256 8024962 
256 2260931 
256 3525616 
256 5700386 
256 3462754 
256 4687125 
256 3980089 
256 2948145 
256 3870306 
256 3037172 
256 3893372 
256 2974901 
256 3376274 
256 3714644 
256 4384900 
256 3636598 
256 2121079 
256 2290979 
256 3339086 
256 3084407 
256 2572708 
256 2366472 
256 2314225 
256 4941760 
256 4292440 
256 3625895 
256 3675396 
256 5439468 
256 4003900 
256 3709029 
256 3794043 
256 3945892 
256 1955381 
256 4803987 
256 7031683 
256 4970152 
256 3117531 
256 4829173 
256 3182403 
256 3673774 
256 3390264 
256 3317362 
256 2637108 
256 5580746 
256 2175753 
256 3614907 
256 6333301 
256 4961258 
256 5994775 
256 3032452 
256 5509297 
256 3524627 
256 4973400 
256 2569045 
256 2241445 
256 2018523 
256 4156685 
256 3376828 
256 4207499 
256 4974846 
256 2696054 
256 3726937 
256 1893930 
256 2896312 
256 2949602 
256 2202629 
256 3246045 
256 2355164 
256 3447759 
256 2862297 
256 4396902 
256 3378879 
256 6282726 
256 4136954 
256 3047127 
256 4886232 
256 3383634 
