128 4671201 
128 2525551 
128 4192085 
128 4122761 
128 4725477 
128 3098930 
128 3268805 
128 3658450 
128 5971721 
128 6279592 
128 4212837 
128 4962277 
128 6042205 
128 3487924 
128 4682237 
128 3813071 
128 3079163 
128 6422236 
128 3129534 
128 4549059 
128 3135011 
128 4587824 
128 5971903 
128 4590001 
128 5649576 
128 4973068 
128 5752216 
128 4854396 
128 7936987 
128 3501754 
128 5358348 
128 4177879 
128 2962171 
128 3262371 
128 5710652 
128 3870702 
128 3889747 
128 4050251 
128 3302448 
128 1877088 
128 4063090 
128 4672889 
128 3502039 
128 7648471 
128 3379202 
128 2781465 
128 4357296 
128 3286654 
128 7209451 
128 2126437 
128 4308209 
128 9483755 
128 4121495 
128 8129649 
128 9280561 
128 6745026 
128 5481689 
128 5459808 
128 7029017 
128 3697204 
128 2390677 
128 3611427 
128 5989022 
128 5851125 
128 3415085 
128 8930161 
128 8355850 
128 2268407 
128 7009525 
128 6265674 
128 4342323 
128 3986165 
128 2463576 
128 8583277 
128 4193372 
128 7235294 
128 5714246 
128 8773020 
128 4209734 
128 4052494 
128 4680279 
128 3504806 
128 5723160 
128 6116710 
128 6094738 
128 4157516 
128 6737354 
128 6202516 
128 4719168 
128 2321474 
128 2770786 
128 4245068 
128 8984134 
128 2855357 
128 4648247 
128 7309686 
128 6605335 
128 4210466 
128 4947461 
128 2439071 
128 4496530 
128 5269534 
128 5664656 
128 3532027 
128 4332446 
128 3476967 
128 1669352 
128 4105027 
128 9368762 
128 9683856 
128 6560241 
128 4974641 
128 3155113 
128 4352796 
128 3247263 
128 4754554 
128 4400593 
128 3259847 
128 3548986 
128 4152670 
128 4862319 
128 2692863 
128 4397047 
128 6415996 
128 4098912 
128 3310597 
128 4160118 
128 4469647 
128 6480845 
128 2929352 
128 4766779 
128 5346436 
128 3117979 
128 7186455 
128 5005817 
128 10524872 
128 7053831 
128 6335017 
128 4885185 
128 4197887 
128 4082471 
128 7305174 
128 3607883 
128 3873283 
128 3953635 
128 2746995 
128 2257217 
128 3641340 
128 6218980 
128 4787873 
128 2937096 
128 6332645 
128 4467994 
128 2282413 
128 3651585 
128 3264100 
128 7546568 
128 4614685 
128 3132704 
128 5596454 
128 13184530 
128 6166825 
128 4815214 
128 3061246 
128 2760650 
128 2763364 
128 2173797 
128 3526955 
128 3153145 
128 5596496 
128 5228760 
128 8662828 
128 2742608 
128 2345210 
128 3499495 
128 7042487 
128 4177874 
128 5027511 
128 3570790 
128 3494414 
128 2918263 
128 3381064 
128 2493061 
128 2945443 
128 2880655 
128 4368593 
128 6777771 
128 8158285 
128 7334741 
128 7183532 
128 4872367 
128 4735089 
128 4551526 
128 7099869 
128 6538094 
128 3704803 
128 4612069 
128 4223226 
128 4731821 
128 4845931 
128 4079746 
128 3785351 
128 2609229 
128 2288881 
128 6679685 
128 3909185 
128 5560786 
128 3001373 
128 4911280 
128 2007843 
128 2174463 
128 2083858 
128 5081890 
128 5333087 
128 4526480 
128 3662723 
128 4653342 
128 6698880 
128 3124922 
128 4642581 
128 3079114 
128 5246252 
128 3120381 
128 5366886 
128 4775284 
128 5821990 
128 3628724 
128 2472330 
128 2011995 
128 8829532 
128 5736411 
128 6092784 
128 2463817 
128 1973154 
128 4371730 
128 4834534 
128 2843408 
128 4339900 
128 9056167 
128 3292082 
128 6846918 
128 2648583 
128 6557940 
128 7217042 
128 4264675 
128 4060878 
128 6798905 
128 3072769 
128 4362401 
128 5115233 
128 6785744 
128 5577899 
128 5591956 
128 3640918 
128 2289071 
128 4517716 
128 3820723 
128 3032972 
128 3176107 
128 4941960 
128 2530107 
128 2991121 
128 4483899 
128 5050424 
128 3411711 
128 2450269 
128 2892964 
128 3714300 
128 3296563 
128 3227725 
128 4933192 
128 2933086 
128 4886002 
128 2075218 
128 4089582 
128 2468035 
128 3576921 
128 2778235 
128 1903723 
128 4363174 
128 2352029 
128 3683618 
128 7073198 
128 6317427 
128 5571397 
128 5644381 
128 3962057 
128 7385152 
128 4392137 
128 4561312 
128 4631241 
128 7629641 
128 2636931 
128 4755046 
128 2416826 
128 6932453 
128 3756871 
128 5360978 
128 3524423 
128 3640950 
128 2509481 
128 8801819 
128 2761271 
128 4889897 
128 2826439 
128 5425355 
128 5186238 
128 3631700 
128 3978957 
128 3201279 
128 5101914 
128 6117481 
128 2591062 
128 4566988 
128 5099962 
128 3558130 
128 4688744 
128 7915302 
128 4389666 
128 4015499 
128 5652270 
128 4178542 
128 5164594 
128 3594718 
128 3003679 
128 2689385 
128 5300546 
128 3335848 
128 1704117 
128 4594534 
128 4205073 
128 5998521 
128 4639597 
128 3470044 
128 3794790 
128 2561165 
128 5049065 
128 4293989 
128 4206452 
128 5491153 
128 2469089 
128 2066373 
128 3195970 
128 6605299 
128 6051957 
128 4748417 
128 5055680 
128 6762440 
128 2915510 
128 5555799 
128 2715422 
128 3515311 
128 4342044 
128 2797461 
128 6015896 
128 2724254 
128 5701855 
128 3719281 
128 5549705 
128 3449601 
128 5670089 
128 3527552 
128 2448887 
128 5958580 
128 6956419 
128 3563332 
128 4991464 
128 5051880 
128 4967863 
128 4538362 
128 1693753 
128 2786343 
128 2316350 
128 4778335 
128 4907260 
128 3643810 
128 4633880 
128 1646475 
128 3329041 
128 1843969 
128 5049196 
128 4646904 
128 3731767 
128 5339919 
128 2169842 
128 2582601 
128 6113827 
128 3910743 
128 3004731 
128 3421164 
128 5911058 
128 3606904 
128 2587036 
128 1894839 
128 4685991 
128 3682017 
128 2215804 
128 1823126 
128 1397612 
128 6168477 
128 1686468 
128 4228410 
128 2948097 
128 5410500 
128 2904864 
128 4997375 
128 3986966 
128 4108627 
128 2449907 
128 2469845 
128 7581813 
128 6955797 
128 5753602 
128 2004758 
128 4281944 
128 4834086 
128 6880307 
128 4926907 
128 3363039 
128 2453416 
128 4534333 
128 2984632 
128 4019465 
128 4729432 
128 4695246 
128 1405580 
128 4102126 
128 5011147 
128 3364195 
128 3532163 
128 2906061 
128 3081370 
128 4532052 
128 3133783 
128 4360393 
128 6529469 
128 2316945 
128 3411795 
128 3987052 
128 3219559 
128 4615536 
128 5945481 
128 4395275 
128 3873327 
128 1723855 
128 2199264 
128 4196363 
128 9017390 
128 3700038 
128 1923766 
128 3362466 
128 5394556 
128 6088479 
128 4887915 
128 4200413 
128 3898148 
128 4704318 
128 4640955 
128 5493441 
128 9618816 
128 4531309 
128 3708539 
128 1920272 
128 4980012 
128 3503687 
128 2844463 
128 2809251 
128 4652145 
128 1644916 
128 2484620 
128 4281663 
128 6183487 
128 3320648 
128 2886107 
128 5250239 
128 6140709 
128 3330116 
128 3370590 
128 5789136 
128 1977650 
128 4040392 
128 3472917 
128 4632461 
128 3253303 
128 4841152 
128 2182402 
128 5016982 
128 2817987 
128 4094958 
128 1588321 
128 2387754 
128 1574137 
128 2663201 
128 3082896 
128 3750747 
128 2069127 
128 2860322 
128 4562971 
128 1633366 
128 4589787 
128 3816682 
128 4690340 
128 4864561 
128 2833134 
128 4868191 
128 3556488 
128 3246468 
128 5714050 
128 4657410 
128 4613339 
128 3148019 
128 4837272 
128 3924994 
128 2805253 
128 1591233 
128 3379230 
128 5414198 
128 2087089 
128 3029492 
128 5789190 
128 5496128 
128 5530874 
128 3626726 
128 3079174 
128 2097568 
128 2877216 
128 1716509 
128 3503601 
128 4250309 
128 3461686 
128 4486529 
128 10481566 
128 1690585 
128 2442512 
128 7287631 
128 4194697 
128 2032263 
128 5034219 
128 3627178 
128 4740195 
128 4815721 
128 6346868 
128 2893785 
128 5315594 
128 4674019 
128 4068411 
128 3709466 
128 3985503 
128 4383456 
128 4361257 
128 3187617 
128 4421346 
128 5154038 
128 4187672 
128 3891499 
128 1606687 
128 1985770 
128 6524811 
128 5695866 
128 3906752 
128 4946669 
128 2017471 
128 1462599 
128 3260234 
128 2404780 
128 2816569 
128 4774773 
128 6307345 
128 7096012 
128 5200837 
128 4877209 
128 3026629 
128 5215642 
128 4482383 
128 5554236 
128 5370840 
128 4444899 
128 3347813 
128 2482857 
128 5686451 
128 3178857 
128 4861744 
128 4019108 
128 3707437 
128 3880942 
128 4068196 
128 3823936 
128 1524920 
128 3413870 
128 2693055 
128 3023488 
128 4884146 
128 9222705 
128 2930819 
128 6457598 
128 2087608 
128 2709487 
128 4335465 
128 2991227 
128 2463313 
128 2414735 
128 3904351 
128 6652146 
128 3733236 
128 2595244 
128 2912414 
128 2786728 
128 3514448 
128 4437364 
128 2662233 
128 3359577 
128 4064496 
128 3874556 
128 3405773 
128 3236353 
128 3428281 
128 3358610 
128 4061310 
128 1527808 
128 5773876 
128 6462067 
128 3260442 
128 7653679 
128 3269754 
128 4687527 
128 4340507 
128 3529030 
128 1785589 
128 4387719 
128 2793375 
128 5448535 
128 1610827 
128 2959488 
128 4209431 
128 4136991 
128 5989632 
128 3193364 
128 3443004 
128 4977437 
128 1981722 
128 3009658 
128 1642027 
128 5782874 
128 3811758 
128 4261380 
128 4115577 
128 4205212 
128 2015622 
128 4139865 
128 3797790 
128 3236103 
128 2372532 
128 3842164 
128 3620740 
128 2290240 
128 5358182 
128 2974625 
128 3581376 
128 7032565 
128 3810431 
128 9649996 
128 3291932 
128 6343600 
128 8246063 
128 4685733 
128 3576398 
128 4244844 
128 2364654 
128 4683601 
128 2553669 
128 3544373 
128 5212527 
128 4946965 
128 2378817 
128 3986369 
128 2187785 
128 3463029 
128 4432819 
128 2523252 
128 2951955 
128 2343250 
128 2866759 
128 2990120 
128 4345425 
128 1903280 
128 5135537 
128 8842427 
128 3450006 
128 4599779 
128 5388408 
128 3586583 
128 5822833 
128 2663875 
128 4119423 
128 4418145 
128 4831403 
128 1786551 
128 1114698 
128 5257188 
128 4593669 
128 4999783 
128 5373480 
128 6094139 
128 6887919 
128 3825273 
128 1945774 
128 5661897 
128 4144853 
128 4993405 
128 3819634 
128 5293068 
128 3954566 
128 3543733 
128 4935243 
128 4536769 
128 1878293 
128 4718897 
128 4358824 
128 1477274 
128 3560916 
128 7362709 
128 6113179 
128 4079030 
128 5387016 
128 2726300 
128 4307593 
128 4170978 
128 5236773 
128 3491620 
128 5001468 
128 2229197 
128 8869095 
128 4780435 
128 3686642 
128 6087236 
128 3028341 
128 6515032 
128 4918862 
128 2614325 
128 2683299 
128 2868136 
128 7281871 
128 6909286 
128 4010706 
128 6489189 
128 3195657 
128 3512430 
128 2556368 
128 3005882 
128 4486956 
128 4003188 
128 4371118 
128 2282423 
128 4165961 
128 3114916 
128 3075279 
128 4704646 
128 4782458 
128 4383683 
128 2703299 
128 2521332 
128 5028286 
128 2688726 
128 7393611 
128 3553253 
128 3741540 
128 3234937 
128 6274775 
128 2463100 
128 2032832 
128 6039706 
128 4072556 
128 5895913 
128 3643039 
128 3626343 
128 4908397 
128 5456595 
128 3620124 
128 1940403 
128 3137845 
128 7507473 
128 3376982 
128 4280536 
128 4488853 
128 4347270 
128 2808472 
128 2674512 
128 2197601 
128 4300883 
128 6519532 
128 4165274 
128 4343314 
128 3339039 
128 1260309 
128 1595281 
128 3868172 
128 3703195 
128 2513441 
128 3673827 
128 1780864 
128 2734461 
128 3049388 
128 2529828 
128 1382142 
128 1780477 
128 3210856 
128 1430696 
128 1658845 
128 4789684 
128 4094375 
128 2814747 
128 4019456 
128 2557078 
128 2229686 
128 3285688 
128 5171711 
128 3793038 
128 1714318 
128 3494361 
128 6416079 
128 5940828 
128 1766495 
128 3427168 
128 3279373 
128 2968755 
128 5724507 
128 4218090 
128 4873818 
128 7556819 
128 4370720 
128 3044566 
128 3154694 
128 1836721 
128 3400201 
128 6383889 
128 4336907 
128 2415783 
128 3245789 
128 2947026 
128 5046626 
128 5047126 
128 3363290 
128 6854713 
128 4338537 
128 5473299 
128 4823815 
128 4395005 
128 4125637 
128 3611957 
128 2727302 
128 3537486 
128 2111493 
128 3138958 
128 2252483 
128 1959938 
128 2409333 
128 2605596 
128 4499230 
128 2076446 
128 2349659 
128 2186097 
128 8820947 
128 2039765 
128 3688515 
128 3341853 
128 3623218 
128 2023213 
128 2451705 
128 1556235 
128 4959956 
128 7711190 
128 4769968 
128 3756168 
128 3576147 
128 5504955 
128 4696522 
128 4190212 
128 6068362 
128 3732260 
128 5369120 
128 1713609 
128 1999076 
128 2757617 
128 3475574 
128 1926348 
128 2413769 
128 4765419 
128 4420956 
128 3347443 
128 2749165 
128 2170668 
128 2305893 
128 3307953 
128 1874135 
128 2695079 
128 3524228 
128 3787235 
128 2432483 
128 2887969 
128 2999437 
128 6042848 
128 3058868 
128 4033055 
128 4067368 
128 1577318 
128 4105735 
128 4315450 
128 3837533 
128 2789570 
128 4460471 
128 4046951 
128 5141975 
128 5516939 
128 4309663 
128 5025052 
128 3124267 
128 2316537 
128 3407249 
128 1656559 
128 1762672 
128 2330032 
128 3219585 
128 4225861 
128 1760720 
128 2752934 
128 1533187 
128 2219941 
128 1638403 
128 1866258 
128 2897072 
128 3004753 
128 4849668 
128 3119524 
128 1719587 
128 3101048 
128 2539000 
128 1804867 
128 1627935 
128 2556872 
128 1921645 
128 1359192 
128 1447221 
128 1893932 
128 2581943 
128 1727748 
128 1456812 
128 3703971 
128 1947600 
128 1583017 
128 4015846 
128 3335436 
128 1549500 
128 1896161 
128 3088329 
128 2993876 
128 3132737 
128 2361255 
128 1674864 
128 2062901 
128 3807226 
128 2328313 
128 2994753 
128 1429145 
128 2028763 
128 2661642 
128 3260437 
128 2101803 
128 2297931 
128 4916563 
128 5660974 
