8192 2860796 
8192 5679468 
8192 5468472 
8192 3080807 
8192 3462465 
8192 2847872 
8192 2946051 
8192 2847512 
8192 5092663 
8192 6756766 
8192 5990949 
8192 4942849 
8192 4214628 
8192 4918544 
8192 7128074 
8192 4622521 
8192 4687356 
8192 5287727 
8192 7579178 
8192 2655207 
8192 6539313 
8192 8969359 
8192 7246454 
8192 7625302 
8192 5145070 
8192 3436946 
8192 2405789 
8192 6447190 
8192 13273200 
8192 6715395 
8192 3105084 
8192 8961261 
8192 4262693 
8192 8535258 
8192 4827523 
8192 3039555 
8192 6995139 
8192 3112458 
8192 5385849 
8192 1962014 
8192 2643222 
8192 3809929 
8192 4625048 
8192 6933764 
8192 4735935 
8192 4958485 
8192 5173313 
8192 4103207 
8192 1285921 
8192 9835002 
8192 6440624 
8192 2519741 
8192 2275709 
8192 3639986 
8192 3130178 
8192 4327490 
8192 4188780 
8192 4152362 
8192 2968563 
8192 5856389 
8192 4380790 
8192 7175495 
8192 5693217 
8192 6881534 
8192 5680345 
8192 3656685 
8192 6362485 
8192 3388683 
8192 2295148 
8192 5108555 
8192 3621039 
8192 5090130 
8192 2359399 
8192 2757043 
8192 4582531 
8192 2661403 
8192 3824765 
8192 3997632 
8192 2266897 
8192 1920551 
8192 4780798 
8192 4700678 
8192 4470113 
8192 9285905 
8192 3930837 
8192 3372137 
8192 2418780 
8192 2333739 
8192 3368594 
8192 6534558 
8192 7701783 
8192 4012685 
8192 5211185 
8192 6290387 
8192 5777256 
8192 3715181 
8192 7459201 
8192 6651634 
8192 4154538 
8192 4207589 
8192 4519182 
8192 5310942 
8192 4957155 
8192 6694699 
8192 4460537 
8192 3163222 
8192 4946672 
8192 5890002 
8192 2675171 
8192 2952899 
8192 5935738 
8192 2007408 
8192 2623998 
8192 4499725 
8192 5903782 
8192 3173248 
8192 5657461 
8192 5091622 
8192 6313409 
8192 2786664 
8192 4175086 
8192 6161578 
8192 4174827 
8192 4370075 
8192 2738597 
8192 4553512 
8192 3944640 
8192 5847730 
8192 4560566 
8192 3498530 
8192 4511542 
8192 6101667 
8192 4091191 
8192 4090297 
8192 4055818 
8192 3198046 
8192 5959442 
8192 5037600 
8192 8004113 
8192 4010870 
8192 3297389 
8192 3320423 
8192 7943789 
8192 5823506 
8192 3423336 
8192 2605009 
8192 5316672 
8192 5386279 
8192 4690762 
8192 1814038 
8192 7531869 
8192 5333644 
8192 5369884 
8192 6933312 
8192 4335800 
8192 6669011 
8192 3446034 
8192 2533878 
8192 2604964 
8192 1967784 
8192 4466807 
8192 4382182 
8192 3216686 
8192 5773914 
8192 3793699 
8192 2556447 
8192 6114833 
8192 5691543 
8192 5139952 
8192 5977239 
8192 3146587 
8192 7044065 
8192 2874363 
8192 6129994 
8192 5222207 
8192 7319674 
8192 4715464 
8192 3873256 
8192 4224237 
8192 3564371 
8192 5400251 
8192 4074666 
8192 3400738 
8192 7806049 
8192 3971934 
8192 2666406 
8192 4863586 
8192 5015263 
8192 6087793 
8192 4438014 
8192 2589010 
8192 4577074 
8192 5356149 
8192 2096195 
8192 5444763 
8192 5253849 
8192 3449478 
8192 7060767 
8192 4922989 
8192 1967021 
8192 3720393 
8192 4621225 
8192 5165484 
8192 3972982 
8192 5593124 
8192 5269591 
8192 3244883 
8192 3974805 
8192 3387857 
8192 7890806 
8192 3326089 
8192 3231311 
8192 6472983 
8192 3131241 
8192 2581270 
8192 6858021 
8192 1475335 
8192 3178723 
8192 6761635 
8192 3073262 
8192 5356741 
8192 8491135 
8192 4568777 
8192 3347355 
8192 4803429 
8192 4338720 
8192 3693020 
8192 5739655 
8192 5409632 
8192 2863300 
8192 4331471 
8192 5718477 
8192 6435138 
8192 4387711 
8192 3809481 
8192 3742148 
8192 2970788 
8192 2490766 
8192 3528954 
8192 3285024 
8192 3295107 
8192 4711135 
8192 4724518 
8192 2976749 
8192 3182195 
8192 6271634 
8192 4641967 
8192 5879689 
8192 2743520 
8192 3813107 
8192 1913962 
8192 3493554 
8192 6341054 
8192 4306533 
8192 2992797 
8192 3677582 
8192 2971326 
8192 4293223 
8192 2407765 
8192 3556547 
8192 3581575 
8192 2310252 
8192 7341466 
8192 5519026 
8192 2658570 
8192 4683770 
8192 3305140 
8192 3962460 
8192 2594019 
8192 4492115 
8192 4326039 
8192 2265362 
8192 6202128 
8192 3366809 
8192 1895050 
8192 3198809 
8192 4253689 
8192 7256672 
8192 4366264 
8192 4255967 
8192 5031474 
8192 4260382 
8192 6000930 
8192 5933053 
8192 4580431 
8192 5176269 
8192 5009889 
8192 2185468 
8192 5027904 
8192 9780796 
8192 3972705 
8192 2992653 
8192 2254479 
8192 3783357 
8192 4829800 
8192 3479532 
8192 4285172 
8192 3440685 
8192 4168771 
8192 4014708 
8192 5285210 
8192 3158989 
8192 2516346 
8192 4380185 
8192 6648184 
8192 4178688 
8192 4016302 
8192 2860878 
8192 6361969 
8192 3892189 
8192 7026323 
8192 6279174 
8192 3668547 
8192 1852839 
8192 4013466 
8192 6850287 
8192 7358750 
8192 3424664 
8192 6099211 
8192 5854243 
8192 3727211 
8192 9276404 
8192 5414077 
8192 4823787 
8192 4586151 
8192 3275894 
8192 2509712 
8192 5153273 
8192 2128067 
8192 1909077 
8192 6192304 
8192 3158488 
8192 2487869 
8192 4888716 
8192 8217402 
8192 5928001 
8192 4264560 
8192 2789856 
8192 6013881 
8192 4818258 
8192 4665423 
8192 8474780 
8192 3961877 
8192 2607360 
8192 4470680 
8192 5079762 
8192 3906674 
8192 6357085 
8192 1478527 
8192 4707630 
8192 2512771 
8192 6336634 
8192 4834957 
8192 2887661 
8192 7349456 
8192 4877733 
8192 2294837 
8192 4551589 
8192 3762622 
8192 2867353 
8192 4779157 
8192 2905749 
8192 7164875 
8192 4283345 
8192 2811304 
8192 2449788 
8192 6614907 
8192 5015464 
8192 4953583 
8192 2710334 
8192 3903909 
8192 2833299 
8192 2636139 
8192 6043952 
8192 4141381 
8192 3137980 
8192 2021585 
8192 3246909 
8192 3735333 
8192 3281711 
8192 4094239 
8192 3223313 
8192 6189481 
8192 4517545 
8192 4357007 
8192 2666605 
8192 4664703 
8192 3472584 
8192 4735245 
8192 1931978 
8192 4405825 
8192 5011627 
8192 2359810 
8192 4852835 
8192 2151020 
8192 2982920 
8192 2269206 
8192 6491954 
8192 6380231 
8192 3650119 
8192 5499868 
8192 5197557 
8192 8564812 
8192 3509697 
8192 3123197 
8192 4497957 
8192 7059065 
8192 4208969 
8192 2492577 
8192 6270289 
8192 2398868 
8192 2478833 
8192 4133115 
8192 6110172 
8192 5176410 
8192 3220697 
8192 3609048 
8192 3501922 
8192 3075193 
8192 2760169 
8192 6318031 
8192 9709899 
8192 3244597 
8192 5107669 
8192 3739054 
8192 2022628 
8192 6991930 
8192 3096940 
8192 6451932 
8192 5465091 
8192 2965809 
8192 2824353 
8192 3505501 
8192 3382212 
8192 4331797 
8192 4577041 
8192 4292880 
8192 4024068 
8192 3070343 
8192 6000255 
8192 4850822 
8192 5204959 
8192 6534728 
8192 3126806 
8192 3913091 
8192 4857351 
8192 3819472 
8192 5236978 
8192 6039848 
8192 3976630 
8192 2552355 
8192 2636544 
8192 5887710 
8192 3493762 
8192 3587997 
8192 3018952 
8192 7398531 
8192 2812422 
8192 4301991 
8192 2805924 
8192 3234600 
8192 3186088 
8192 4487153 
8192 4990064 
8192 6733017 
8192 2629307 
8192 5009188 
8192 5812541 
8192 2810963 
8192 4309018 
8192 3877715 
8192 2286321 
8192 4573242 
8192 4204435 
8192 6122764 
8192 5521015 
8192 4485997 
8192 3537001 
8192 3925093 
8192 4057048 
8192 2262469 
8192 2496225 
8192 4136104 
8192 3429328 
8192 2960248 
8192 5888731 
8192 6141663 
8192 4676541 
8192 5190756 
8192 2855265 
8192 1555697 
8192 2085472 
8192 4489280 
8192 4957471 
8192 3405919 
8192 5367304 
8192 4164504 
8192 3176042 
8192 4618809 
8192 5420742 
8192 6636191 
8192 4511564 
8192 2746821 
8192 2900803 
8192 3230367 
8192 4251503 
8192 4688011 
8192 2616185 
8192 4244179 
8192 4273997 
8192 4982952 
8192 3345481 
8192 3796966 
8192 5324653 
8192 4649208 
8192 5680107 
8192 4444427 
8192 5363190 
8192 4345532 
8192 3255568 
8192 5098808 
8192 4906224 
8192 8599597 
8192 5958594 
8192 2973270 
8192 3252838 
8192 4376569 
8192 3535909 
8192 2286554 
8192 4193440 
8192 3281481 
8192 2251104 
8192 3532506 
8192 3094500 
8192 1789111 
8192 4168269 
8192 3243985 
8192 8845829 
8192 4536778 
8192 7399784 
8192 3369475 
8192 5178590 
8192 2917255 
8192 6186436 
8192 1600532 
8192 5321708 
8192 3810828 
8192 2220336 
8192 6174373 
8192 4430261 
8192 4516711 
8192 3799575 
8192 3313623 
8192 4560714 
8192 6360077 
8192 4414932 
8192 8424757 
8192 2347299 
8192 6715022 
8192 3932688 
8192 2486422 
8192 5408901 
8192 3598076 
8192 3232920 
8192 4167117 
8192 8542226 
8192 4119472 
8192 3872145 
8192 4047172 
8192 3401933 
8192 3763660 
8192 2508087 
8192 6553824 
8192 4319373 
8192 3779042 
8192 3358627 
8192 4673049 
8192 3947036 
8192 10888149 
8192 5487356 
8192 4638608 
8192 7258829 
8192 3551680 
8192 1137515 
8192 3611854 
8192 3824099 
8192 5942289 
8192 9192152 
8192 6937865 
8192 5515632 
8192 4826238 
8192 3516008 
8192 2614279 
8192 3106295 
8192 2980244 
8192 11605657 
8192 2701467 
8192 4534331 
8192 4507255 
8192 4268395 
8192 2805694 
8192 2844028 
8192 4819955 
8192 8943273 
8192 7881394 
8192 5244903 
8192 6651709 
8192 4500035 
8192 3712635 
8192 4722918 
8192 3924542 
8192 3371372 
8192 2414198 
8192 5891175 
8192 6047368 
8192 3255624 
8192 1973370 
8192 5574899 
8192 3104750 
8192 5754849 
8192 3592590 
8192 4682513 
8192 3869517 
8192 4646083 
8192 3430660 
8192 9810964 
8192 4087467 
8192 5679751 
8192 2989923 
8192 3983595 
8192 5461008 
8192 2153205 
8192 7803389 
8192 6997282 
8192 3508564 
8192 7330922 
8192 5867922 
8192 2618925 
8192 4247287 
8192 3028001 
8192 3205715 
8192 5740072 
8192 3585897 
8192 2913486 
8192 3596238 
8192 4980575 
8192 4056954 
8192 4358986 
8192 3206929 
8192 2888078 
8192 1937640 
8192 6371253 
8192 6531406 
8192 4907617 
8192 4116279 
8192 4689973 
8192 7560573 
8192 4251726 
8192 2245767 
8192 4286111 
8192 3116044 
8192 6586130 
8192 2647105 
8192 3038173 
8192 4870157 
8192 3802769 
8192 6991048 
8192 2589769 
8192 5083131 
8192 5774806 
8192 5953845 
8192 2943417 
8192 5574420 
8192 4271985 
8192 6323092 
8192 4812364 
8192 6710343 
8192 3041221 
8192 2914273 
8192 3388830 
8192 5437580 
8192 1918207 
8192 2978848 
8192 6153282 
8192 6215584 
8192 2616566 
8192 2676849 
8192 4551148 
8192 3353522 
8192 5001437 
8192 3490319 
8192 3189731 
8192 3275906 
8192 3064411 
8192 8927272 
8192 4445664 
8192 4069788 
8192 2485710 
8192 2397715 
8192 3655907 
8192 3348966 
8192 2423542 
8192 3008213 
8192 7841235 
8192 4959602 
8192 3139623 
8192 6767486 
8192 8353099 
8192 3238414 
8192 4878341 
8192 3416125 
8192 2909909 
8192 1426993 
8192 4813187 
8192 5062825 
8192 3615274 
8192 5933213 
8192 3395071 
8192 2922109 
8192 6836341 
8192 4289927 
8192 6964012 
8192 3317274 
8192 2564314 
8192 4464400 
8192 4452615 
8192 1945663 
8192 4051335 
8192 3454296 
8192 3014729 
8192 5603852 
8192 4805302 
8192 3238269 
8192 4659423 
8192 4583540 
8192 4417526 
8192 3818831 
8192 3921017 
8192 4276507 
8192 6417296 
8192 4597445 
8192 3547572 
8192 3737847 
8192 5412083 
8192 4591568 
8192 4462098 
8192 3322316 
8192 2259482 
8192 1427770 
8192 6892275 
8192 3421942 
8192 3007500 
8192 6304461 
8192 6239043 
8192 3006691 
8192 5797503 
8192 3397465 
8192 6838549 
8192 3711143 
8192 2544196 
8192 2763196 
8192 5914615 
8192 4639015 
8192 2628293 
8192 3610706 
8192 4252701 
8192 5295796 
8192 4878140 
8192 6186083 
8192 3350282 
8192 4581994 
8192 2526614 
8192 3991035 
8192 2949365 
8192 6092850 
8192 5393046 
8192 2662677 
8192 2019130 
8192 5163677 
8192 9346755 
8192 7543734 
8192 5927055 
8192 6238880 
8192 6590473 
8192 4072474 
8192 2988350 
8192 4472844 
8192 4715145 
8192 4021659 
8192 6059676 
8192 3462854 
8192 5900840 
8192 4575745 
8192 2180337 
8192 2363061 
8192 3103565 
8192 8605759 
8192 5733356 
8192 2783951 
8192 5139333 
8192 4536665 
8192 2837038 
8192 3066103 
8192 4476446 
8192 4154711 
8192 3538069 
8192 4604842 
8192 2122763 
8192 4630589 
8192 10162629 
8192 4146182 
8192 2171328 
8192 5987796 
8192 4146124 
8192 7197290 
8192 3305422 
8192 3119164 
8192 5937588 
8192 3996117 
8192 4798376 
8192 5834377 
8192 6362406 
8192 6233333 
8192 3047401 
8192 3939530 
8192 6286649 
8192 6049804 
8192 3048893 
8192 2149957 
8192 3857667 
8192 3994900 
8192 4585871 
8192 3796193 
8192 2998160 
8192 5722950 
8192 4227726 
8192 5508465 
8192 3115053 
8192 4006468 
8192 2101313 
8192 4132954 
8192 2890510 
8192 2563601 
8192 7683503 
8192 3906483 
8192 3180478 
8192 9331839 
8192 3694888 
8192 6553405 
8192 3645208 
8192 4064117 
8192 3399946 
8192 4437414 
8192 4182423 
8192 2698757 
8192 2837417 
8192 1715512 
8192 5122619 
8192 4450848 
8192 4054830 
8192 2851397 
8192 4800038 
8192 4660944 
8192 1809985 
8192 1422175 
8192 3614296 
8192 5593118 
8192 8128936 
8192 6727479 
8192 4865234 
8192 4740099 
8192 3685540 
8192 4306682 
8192 5480839 
8192 5704892 
8192 6481230 
8192 4901067 
8192 3544292 
8192 4629732 
8192 3221447 
8192 9061518 
8192 5738155 
8192 5443199 
8192 2771564 
8192 4415304 
8192 4527047 
8192 5549590 
8192 3492131 
8192 4128538 
8192 6687033 
8192 3806663 
8192 3199669 
8192 6062553 
8192 4353405 
8192 5191218 
8192 3052142 
8192 4901789 
8192 4190487 
8192 5813444 
8192 5014191 
8192 4662690 
8192 4818397 
8192 1933946 
8192 2942246 
8192 4411256 
8192 4160944 
8192 4004445 
8192 2421711 
8192 6565200 
8192 4772507 
8192 2062351 
8192 7201121 
8192 6383726 
8192 4256184 
8192 4154798 
8192 5990793 
8192 2857947 
8192 7193569 
8192 3450949 
8192 3262363 
8192 4553842 
8192 4235057 
8192 2714572 
8192 9472165 
8192 2517709 
8192 4100815 
8192 6045322 
8192 3704439 
8192 4628067 
8192 4265161 
8192 4362300 
8192 3917996 
8192 3429146 
8192 4216783 
8192 3334491 
8192 4735965 
8192 4346840 
8192 4995843 
8192 3873260 
8192 3039793 
8192 2561538 
8192 3680680 
8192 3546482 
8192 3061828 
8192 2544438 
8192 2344162 
8192 5912836 
8192 4720010 
8192 4070812 
8192 4000310 
8192 6379652 
8192 4501052 
8192 4280841 
8192 4086179 
8192 4944137 
8192 2157414 
8192 5138311 
8192 8066063 
8192 5579906 
8192 4413948 
8192 5007359 
8192 3694310 
8192 4029017 
8192 4862596 
8192 4051710 
8192 3018281 
8192 6672026 
8192 2527583 
8192 4328973 
8192 7030275 
8192 6664627 
8192 7650100 
8192 3641122 
8192 5861649 
8192 3833519 
8192 6125228 
8192 2961581 
8192 2656790 
8192 2408183 
8192 4288750 
8192 3928789 
8192 5690499 
8192 5208669 
8192 2969957 
8192 4482032 
8192 2203037 
8192 3340900 
8192 3018201 
8192 2458697 
8192 3466369 
8192 2542238 
8192 4173471 
8192 3981714 
8192 5862531 
8192 4642210 
8192 6520356 
8192 5577482 
8192 3305115 
8192 6097362 
8192 4858491 
