1024 2834374 
1024 5397064 
1024 5415545 
1024 3167244 
1024 3415840 
1024 2863309 
1024 2898982 
1024 2557353 
1024 5589178 
1024 6885754 
1024 5932024 
1024 4622601 
1024 4214019 
1024 4319201 
1024 6226813 
1024 4540292 
1024 3739606 
1024 4924111 
1024 7200239 
1024 3496172 
1024 6301185 
1024 8915519 
1024 7131436 
1024 7176577 
1024 4957736 
1024 3393675 
1024 2300022 
1024 5313152 
1024 8932743 
1024 7306422 
1024 3119078 
1024 8646779 
1024 4130383 
1024 8938760 
1024 4927199 
1024 2986003 
1024 6494201 
1024 3063759 
1024 5418304 
1024 2048953 
1024 2580471 
1024 4114926 
1024 5150333 
1024 6060006 
1024 3742533 
1024 4916822 
1024 5175159 
1024 4113389 
1024 1274031 
1024 10000936 
1024 6659546 
1024 3536738 
1024 2207747 
1024 4216242 
1024 3467413 
1024 4473729 
1024 3229513 
1024 4921310 
1024 2483642 
1024 6870703 
1024 4455925 
1024 7853698 
1024 6473768 
1024 7266737 
1024 5218670 
1024 3997604 
1024 2845192 
1024 3382009 
1024 2632604 
1024 4963828 
1024 2907999 
1024 4078116 
1024 2370335 
1024 2720695 
1024 3789954 
1024 3548248 
1024 4647891 
1024 4783073 
1024 2891606 
1024 2001254 
1024 4984037 
1024 4415821 
1024 4488139 
1024 8556827 
1024 4589802 
1024 3323452 
1024 3225504 
1024 3316787 
1024 3351822 
1024 6813801 
1024 7171217 
1024 4768748 
1024 4622139 
1024 6929061 
1024 4719879 
1024 4083773 
1024 6602947 
1024 6986859 
1024 4227840 
1024 4367824 
1024 4835155 
1024 4214767 
1024 4883043 
1024 6727815 
1024 4754801 
1024 3060337 
1024 5015379 
1024 6348171 
1024 2887865 
1024 2875667 
1024 4932545 
1024 2009959 
1024 2841350 
1024 5061340 
1024 5087594 
1024 3195761 
1024 7359235 
1024 5075204 
1024 3741508 
1024 2936050 
1024 4574494 
1024 6191108 
1024 3572107 
1024 5214513 
1024 5146585 
1024 4601645 
1024 2810147 
1024 6349035 
1024 4240506 
1024 3322457 
1024 3434063 
1024 7019206 
1024 4069199 
1024 4755582 
1024 3362971 
1024 3157181 
1024 7089411 
1024 5263937 
1024 7344509 
1024 4180723 
1024 3525665 
1024 2875366 
1024 7155721 
1024 6715769 
1024 5176973 
1024 2563266 
1024 4163129 
1024 6359639 
1024 4490103 
1024 2389745 
1024 6745335 
1024 5295320 
1024 5673946 
1024 7055242 
1024 4976080 
1024 6572477 
1024 3276008 
1024 3279829 
1024 3555720 
1024 2424410 
1024 8144566 
1024 3739631 
1024 3513529 
1024 6868069 
1024 4133078 
1024 2054672 
1024 6927117 
1024 4563463 
1024 4982800 
1024 5523303 
1024 3184602 
1024 6930885 
1024 2818160 
1024 5414400 
1024 5051988 
1024 7437714 
1024 4056783 
1024 4851480 
1024 4693066 
1024 4101192 
1024 5090882 
1024 5063092 
1024 3386631 
1024 7313716 
1024 10229425 
1024 3040043 
1024 5221747 
1024 5183092 
1024 6485235 
1024 4167171 
1024 3017747 
1024 4617486 
1024 5528767 
1024 2123268 
1024 6568583 
1024 5798391 
1024 3577590 
1024 7346610 
1024 5311566 
1024 2049846 
1024 4881108 
1024 4649130 
1024 4485522 
1024 5396013 
1024 6294856 
1024 4780499 
1024 3377858 
1024 3894136 
1024 3220823 
1024 7161125 
1024 3240269 
1024 3459582 
1024 7077567 
1024 3330432 
1024 2729697 
1024 7116428 
1024 1722898 
1024 3082611 
1024 6811499 
1024 3229502 
1024 4346021 
1024 8081641 
1024 3669271 
1024 3451705 
1024 3817683 
1024 4460112 
1024 3769993 
1024 7059792 
1024 5426396 
1024 3288026 
1024 4494867 
1024 4935902 
1024 5075738 
1024 5187438 
1024 4556215 
1024 4464676 
1024 2882646 
1024 3540467 
1024 3453197 
1024 4657637 
1024 3433883 
1024 4841102 
1024 5022299 
1024 3257582 
1024 3235921 
1024 7271201 
1024 4712866 
1024 4953043 
1024 4008818 
1024 3969715 
1024 1902487 
1024 3418702 
1024 5454941 
1024 4287822 
1024 2589200 
1024 3698836 
1024 3169234 
1024 4091502 
1024 2532642 
1024 2809074 
1024 3676168 
1024 2774017 
1024 7589581 
1024 5577947 
1024 2967143 
1024 3765171 
1024 3142372 
1024 4033168 
1024 2622229 
1024 5532951 
1024 4603604 
1024 3057936 
1024 6069998 
1024 4046458 
1024 2224118 
1024 3140384 
1024 4317722 
1024 7271617 
1024 4570580 
1024 4388384 
1024 5093447 
1024 4655051 
1024 6834401 
1024 5216556 
1024 4791886 
1024 4436931 
1024 4338334 
1024 2608400 
1024 5154247 
1024 9222445 
1024 3667697 
1024 3480201 
1024 3157310 
1024 3388707 
1024 4964988 
1024 3749508 
1024 4321560 
1024 3293568 
1024 4234879 
1024 4619965 
1024 4900944 
1024 3491278 
1024 2825133 
1024 4539080 
1024 6425193 
1024 4386001 
1024 3222848 
1024 3504552 
1024 7159964 
1024 4042611 
1024 6820867 
1024 6641662 
1024 3485879 
1024 2297580 
1024 3927773 
1024 7167776 
1024 7139256 
1024 3213418 
1024 6629160 
1024 6579246 
1024 3820640 
1024 8252765 
1024 5173863 
1024 5007883 
1024 5273948 
1024 3337354 
1024 2546528 
1024 4788922 
1024 2155669 
1024 1999031 
1024 5300743 
1024 3618203 
1024 2444823 
1024 5035468 
1024 7877865 
1024 5025857 
1024 4608067 
1024 2859098 
1024 4859102 
1024 4876545 
1024 4679700 
1024 7536777 
1024 4844580 
1024 2504106 
1024 5315286 
1024 5099623 
1024 4479949 
1024 6599853 
1024 1479100 
1024 4738555 
1024 3006094 
1024 7087866 
1024 4426598 
1024 3304261 
1024 7773017 
1024 5475086 
1024 3372109 
1024 4406650 
1024 4090455 
1024 3066627 
1024 5237852 
1024 3251975 
1024 7376076 
1024 4551468 
1024 2672608 
1024 2466161 
1024 6253979 
1024 5734347 
1024 5188634 
1024 2731674 
1024 4402723 
1024 3704478 
1024 2994317 
1024 6876104 
1024 5130233 
1024 3504861 
1024 2211940 
1024 3202727 
1024 3923016 
1024 3839389 
1024 4084170 
1024 3536635 
1024 6051681 
1024 5281989 
1024 5023109 
1024 3024499 
1024 5426429 
1024 3746257 
1024 4555373 
1024 2043471 
1024 4613226 
1024 4147308 
1024 2811547 
1024 5737064 
1024 2948358 
1024 3494945 
1024 3316967 
1024 6979233 
1024 6143114 
1024 4756149 
1024 5288441 
1024 4959017 
1024 7553066 
1024 3721831 
1024 2963768 
1024 4633731 
1024 7901739 
1024 4379949 
1024 2692182 
1024 6720318 
1024 2559375 
1024 2732026 
1024 4102266 
1024 5688412 
1024 5558760 
1024 3465374 
1024 4005388 
1024 3832187 
1024 3158117 
1024 3671233 
1024 7374329 
1024 9249877 
1024 3162259 
1024 4918444 
1024 3481867 
1024 2358399 
1024 8637749 
1024 3594247 
1024 7388316 
1024 6282210 
1024 2956768 
1024 3017324 
1024 4022448 
1024 3716259 
1024 4255201 
1024 5093611 
1024 5049946 
1024 4377507 
1024 4117611 
1024 6662494 
1024 5601047 
1024 6128302 
1024 7537452 
1024 3162404 
1024 3538819 
1024 4692161 
1024 4177687 
1024 5679560 
1024 5946555 
1024 4374124 
1024 3156500 
1024 2921382 
1024 4873509 
1024 4746666 
1024 3517873 
1024 3632083 
1024 8834282 
1024 3088761 
1024 4720522 
1024 3303929 
1024 3677964 
1024 3213644 
1024 4973711 
1024 5204914 
1024 7147822 
1024 3335312 
1024 5992899 
1024 5731217 
1024 2786890 
1024 3794577 
1024 4259241 
1024 2214970 
1024 4344774 
1024 3860439 
1024 7156294 
1024 6321365 
1024 3565869 
1024 4072596 
1024 4172333 
1024 4822818 
1024 2755949 
1024 2381014 
1024 3101748 
1024 3200451 
1024 3285612 
1024 7034315 
1024 6733910 
1024 5523939 
1024 5342104 
1024 2942849 
1024 1762465 
1024 2073316 
1024 3361650 
1024 5856466 
1024 3686452 
1024 5861277 
1024 4791521 
1024 3082205 
1024 4886932 
1024 6069570 
1024 6934579 
1024 3930171 
1024 2876901 
1024 2541562 
1024 3407860 
1024 4773925 
1024 5486471 
1024 3483885 
1024 4530615 
1024 3962691 
1024 5136708 
1024 3892132 
1024 4664623 
1024 6011680 
1024 4129984 
1024 6633141 
1024 4584179 
1024 6024249 
1024 5221998 
1024 3061359 
1024 4873729 
1024 5226129 
1024 10134181 
1024 6671218 
1024 3280122 
1024 4396663 
1024 5713360 
1024 3537959 
1024 2283354 
1024 5118158 
1024 3221436 
1024 2139295 
1024 3900085 
1024 3393058 
1024 1780865 
1024 4594935 
1024 3814409 
1024 9416448 
1024 5442902 
1024 7557601 
1024 3632650 
1024 4950975 
1024 2953569 
1024 6989278 
1024 2224973 
1024 5791412 
1024 4223482 
1024 2699807 
1024 6460758 
1024 5052386 
1024 5191507 
1024 4184382 
1024 3628477 
1024 5820166 
1024 7468993 
1024 4997403 
1024 8477229 
1024 2642039 
1024 6374934 
1024 5061945 
1024 3051318 
1024 6672029 
1024 3658290 
1024 3137411 
1024 4302211 
1024 9034247 
1024 4043564 
1024 4477370 
1024 4652264 
1024 3260628 
1024 4129536 
1024 2607364 
1024 6420391 
1024 3843616 
1024 3769291 
1024 3408363 
1024 4277651 
1024 4502725 
1024 10655860 
1024 6597637 
1024 3332951 
1024 7567780 
1024 3633982 
1024 1602541 
1024 3791172 
1024 4152802 
1024 7674242 
1024 3615147 
1024 7204688 
1024 5937501 
1024 5056932 
1024 3390174 
1024 2556442 
1024 3046802 
1024 2910406 
1024 11712036 
1024 3169367 
1024 4017150 
1024 4843622 
1024 4157274 
1024 2647629 
1024 3323050 
1024 4919373 
1024 9410690 
1024 7741316 
1024 6682943 
1024 6702104 
1024 4795632 
1024 4282826 
1024 5014331 
1024 3991217 
1024 3283341 
1024 2592942 
1024 4594925 
1024 5705057 
1024 3704333 
1024 2250305 
1024 6373765 
1024 3375897 
1024 5826172 
1024 4332991 
1024 5013774 
1024 3713968 
1024 4744308 
1024 3882324 
1024 11045153 
1024 5219729 
1024 6528285 
1024 3190225 
1024 4629496 
1024 5697936 
1024 2376241 
1024 7369195 
1024 6633287 
1024 4369672 
1024 8004788 
1024 7611340 
1024 3163956 
1024 4501383 
1024 3298591 
1024 3392733 
1024 6577118 
1024 3923909 
1024 3249140 
1024 3846887 
1024 4900299 
1024 4613737 
1024 3855544 
1024 3594690 
1024 3146543 
1024 2245427 
1024 6547618 
1024 5555242 
1024 5402383 
1024 4540971 
1024 5328656 
1024 7369965 
1024 4345323 
1024 2500698 
1024 5599271 
1024 3133971 
1024 5873690 
1024 2860185 
1024 2921607 
1024 4929062 
1024 3723287 
1024 6434437 
1024 2631477 
1024 5052600 
1024 6205454 
1024 5633980 
1024 3360110 
1024 5348139 
1024 4196286 
1024 6889936 
1024 5432722 
1024 6444799 
1024 3368190 
1024 3080826 
1024 3419074 
1024 5869227 
1024 1883410 
1024 3515471 
1024 6192217 
1024 6065617 
1024 2497190 
1024 3450167 
1024 4284669 
1024 3666801 
1024 5624070 
1024 3377811 
1024 3020760 
1024 3179693 
1024 2670296 
1024 7773976 
1024 4940560 
1024 4496222 
1024 2737199 
1024 2764073 
1024 3830440 
1024 3301006 
1024 3128071 
1024 3013555 
1024 6698552 
1024 5657084 
1024 3687235 
1024 6608618 
1024 8144481 
1024 3024501 
1024 5417334 
1024 3756853 
1024 3384260 
1024 1434577 
1024 4670329 
1024 4790285 
1024 3565565 
1024 6034632 
1024 4114002 
1024 2679318 
1024 7302973 
1024 4262002 
1024 8318963 
1024 3545512 
1024 2648027 
1024 3543392 
1024 5401523 
1024 1954831 
1024 3882152 
1024 4253300 
1024 2708310 
1024 6091016 
1024 5382642 
1024 3492412 
1024 5546832 
1024 5900788 
1024 4569566 
1024 4014198 
1024 4907672 
1024 4220227 
1024 6202320 
1024 5041817 
1024 3675618 
1024 4502203 
1024 5187677 
1024 4625456 
1024 4659886 
1024 3396389 
1024 2712618 
1024 1415317 
1024 5817921 
1024 3578402 
1024 2494424 
1024 6252341 
1024 6964971 
1024 3527081 
1024 6519856 
1024 3591256 
1024 6864707 
1024 3688505 
1024 2428762 
1024 2589141 
1024 5585427 
1024 5277515 
1024 3000771 
1024 4322240 
1024 3434784 
1024 6080468 
1024 5250019 
1024 5354303 
1024 3927685 
1024 5175219 
1024 2949757 
1024 4361665 
1024 3165853 
1024 6582467 
1024 4558673 
1024 2846791 
1024 1958244 
1024 4867853 
1024 9324841 
1024 9095916 
1024 5885010 
1024 7750103 
1024 7310262 
1024 3921722 
1024 3403173 
1024 3410122 
1024 4247322 
1024 4391458 
1024 4943027 
1024 3732735 
1024 6733600 
1024 5732868 
1024 2208951 
1024 2461206 
1024 3028850 
1024 6585591 
1024 6825409 
1024 3284690 
1024 4922136 
1024 4670635 
1024 3161619 
1024 2861368 
1024 5081460 
1024 3933015 
1024 4838470 
1024 4472748 
1024 2236430 
1024 4440460 
1024 10214651 
1024 4385187 
1024 2416733 
1024 5844453 
1024 4461563 
1024 6321109 
1024 3619535 
1024 2922687 
1024 7551507 
1024 4851366 
1024 4632406 
1024 6579381 
1024 6325077 
1024 5851494 
1024 3314728 
1024 3419485 
1024 6079609 
1024 7094003 
1024 3234203 
1024 2336524 
1024 3937180 
1024 4765698 
1024 5072420 
1024 5038240 
1024 3320074 
1024 6455968 
1024 3702875 
1024 5014947 
1024 2995512 
1024 4417515 
1024 3047042 
1024 4662950 
1024 2816375 
1024 2935311 
1024 7782879 
1024 3744980 
1024 3379391 
1024 9833144 
1024 3494028 
1024 6622047 
1024 4178707 
1024 4165958 
1024 3369371 
1024 4703286 
1024 4434718 
1024 3164596 
1024 3176037 
1024 2066013 
1024 4558416 
1024 4665455 
1024 4923083 
1024 3343185 
1024 5164006 
1024 5314785 
1024 1805705 
1024 1356324 
1024 4031419 
1024 5820278 
1024 9382922 
1024 6523767 
1024 4671244 
1024 5545638 
1024 3884690 
1024 4195061 
1024 5932036 
1024 5791005 
1024 6118639 
1024 4709771 
1024 3769394 
1024 5049602 
1024 3505047 
1024 9275957 
1024 6332118 
1024 5910643 
1024 2657383 
1024 4892026 
1024 4636128 
1024 5619518 
1024 3367447 
1024 4238138 
1024 6646713 
1024 4209847 
1024 3949833 
1024 5211165 
1024 4391362 
1024 5934441 
1024 2635873 
1024 4778710 
1024 4313981 
1024 6298895 
1024 5129238 
1024 4760232 
1024 5459291 
1024 2047717 
1024 3112890 
1024 4262842 
1024 4502098 
1024 4515185 
1024 2532596 
1024 6691452 
1024 6401107 
1024 2275075 
1024 6905276 
1024 6800285 
1024 5507149 
1024 4304232 
1024 6199696 
1024 2687529 
1024 7878855 
1024 3696818 
1024 3743402 
1024 5226278 
1024 5427381 
1024 3266806 
1024 9623477 
1024 3246757 
1024 3953839 
1024 7291383 
1024 3601396 
1024 5419698 
1024 4706639 
1024 2988985 
1024 3995201 
1024 3812503 
1024 4880510 
1024 3207543 
1024 4281756 
1024 4902168 
1024 5403850 
1024 4351079 
1024 2882512 
1024 2796978 
1024 4550726 
1024 4374289 
1024 3239776 
1024 2551148 
1024 2267118 
1024 5711291 
1024 4542336 
1024 5281036 
1024 4650785 
1024 6321330 
1024 4359011 
1024 4977342 
1024 4114356 
1024 4431944 
1024 2092270 
1024 4939283 
1024 8846375 
1024 6019305 
1024 4077514 
1024 5076845 
1024 4723130 
1024 5281601 
1024 4458340 
1024 3904801 
1024 3314047 
1024 6861337 
1024 2674838 
1024 5319343 
1024 7280949 
1024 6110641 
1024 7470919 
1024 3411875 
1024 5799521 
1024 4267268 
1024 6487337 
1024 2858365 
1024 2755268 
1024 2559081 
1024 4357099 
1024 3838204 
1024 4701067 
1024 5678287 
1024 3250009 
1024 4380469 
1024 2099840 
1024 3529895 
1024 3298678 
1024 3419584 
1024 4265880 
1024 2513051 
1024 4411407 
1024 3204888 
1024 6275846 
1024 4157788 
1024 7051109 
1024 5240322 
1024 3351326 
1024 5838805 
1024 4279999 
