16384 2835657 
16384 5269722 
16384 4889253 
16384 2963193 
16384 3392363 
16384 2813200 
16384 2649591 
16384 2437103 
16384 5145189 
16384 6436356 
16384 5155076 
16384 5059082 
16384 4213744 
16384 3630683 
16384 6732207 
16384 3735972 
16384 4124351 
16384 4219502 
16384 6779574 
16384 3119335 
16384 6262085 
16384 8659943 
16384 7257353 
16384 6741313 
16384 5402842 
16384 2746385 
16384 2276510 
16384 5641602 
16384 7842697 
16384 6971453 
16384 3386339 
16384 7331044 
16384 3813985 
16384 10146361 
16384 3798094 
16384 2771289 
16384 5757357 
16384 3494893 
16384 5404375 
16384 1909750 
16384 2565419 
16384 3653618 
16384 4227307 
16384 5733671 
16384 3950239 
16384 3946986 
16384 4839488 
16384 4176327 
16384 1229404 
16384 9613867 
16384 6396746 
16384 2623749 
16384 2120287 
16384 3322456 
16384 2793399 
16384 4916666 
16384 3284609 
16384 4165580 
16384 2425059 
16384 5429782 
16384 4087081 
16384 8221799 
16384 5153378 
16384 6118323 
16384 5311228 
16384 3824121 
16384 2663066 
16384 3713098 
16384 2800737 
16384 5379263 
16384 2799383 
16384 4963453 
16384 2465842 
16384 2609596 
16384 3818106 
16384 2529270 
16384 3880110 
16384 3820971 
16384 2580302 
16384 1951992 
16384 4936216 
16384 4649712 
16384 4752173 
16384 6418769 
16384 3673406 
16384 3223119 
16384 2849234 
16384 2406694 
16384 3473924 
16384 5975602 
16384 6993499 
16384 3850920 
16384 4244636 
16384 5481369 
16384 4508955 
16384 3567611 
16384 6542190 
16384 6308097 
16384 4258461 
16384 4209115 
16384 4024972 
16384 4470330 
16384 5564522 
16384 5737338 
16384 3620521 
16384 3141223 
16384 5968360 
16384 6129151 
16384 2975746 
16384 2765296 
16384 4987256 
16384 2002908 
16384 2731324 
16384 3888194 
16384 5802070 
16384 2969813 
16384 5534639 
16384 4122284 
16384 4324204 
16384 2660435 
16384 4356352 
16384 5661290 
16384 3240296 
16384 4275280 
16384 2679857 
16384 4704819 
16384 3261771 
16384 4966389 
16384 3297204 
16384 3137634 
16384 3501552 
16384 6289680 
16384 3960401 
16384 4187562 
16384 3307384 
16384 3216218 
16384 6515335 
16384 5756835 
16384 6862787 
16384 3956233 
16384 3423316 
16384 2316526 
16384 8526627 
16384 5450222 
16384 4143700 
16384 2624475 
16384 3998896 
16384 6083651 
16384 5763347 
16384 1766961 
16384 5937908 
16384 5148453 
16384 6359621 
16384 6351440 
16384 4821311 
16384 8540410 
16384 3074697 
16384 2587662 
16384 2603107 
16384 1964862 
16384 3623980 
16384 4755752 
16384 3478143 
16384 5924200 
16384 3998552 
16384 1939183 
16384 5809426 
16384 4209263 
16384 5060965 
16384 5921194 
16384 3290116 
16384 6127135 
16384 2705304 
16384 5322547 
16384 5439903 
16384 7859902 
16384 3865537 
16384 3845879 
16384 4614880 
16384 3296540 
16384 4027161 
16384 3836240 
16384 3294275 
16384 6994835 
16384 3740640 
16384 2619572 
16384 5580977 
16384 4315035 
16384 5410566 
16384 3988852 
16384 2635458 
16384 5024819 
16384 6082569 
16384 1968356 
16384 5146175 
16384 5114247 
16384 3439025 
16384 6732254 
16384 5086672 
16384 1995421 
16384 4361626 
16384 4592000 
16384 4371799 
16384 3951978 
16384 5911440 
16384 4873373 
16384 3439305 
16384 3960425 
16384 2980346 
16384 7759058 
16384 3093159 
16384 3825105 
16384 6337999 
16384 3304539 
16384 2483862 
16384 7341746 
16384 1492191 
16384 3158495 
16384 6343729 
16384 2797790 
16384 3958405 
16384 8431852 
16384 3583201 
16384 2680197 
16384 3741834 
16384 4402780 
16384 3619854 
16384 5820797 
16384 5237772 
16384 3027149 
16384 5069950 
16384 4620005 
16384 4929294 
16384 4312360 
16384 3629887 
16384 3819282 
16384 2793655 
16384 2568797 
16384 3134348 
16384 2359834 
16384 3623874 
16384 4639609 
16384 4718111 
16384 2491740 
16384 3344224 
16384 6531658 
16384 4370798 
16384 4556603 
16384 2408427 
16384 3586035 
16384 1700449 
16384 3483211 
16384 5137987 
16384 4038106 
16384 2633117 
16384 3528164 
16384 2880038 
16384 3869578 
16384 2337183 
16384 2840338 
16384 3737735 
16384 2346739 
16384 7632959 
16384 5498218 
16384 2549163 
16384 3450437 
16384 2887464 
16384 4446602 
16384 2564928 
16384 4509696 
16384 4634128 
16384 2174729 
16384 6275190 
16384 3625777 
16384 1895823 
16384 2739341 
16384 4510750 
16384 6995507 
16384 4689930 
16384 4226788 
16384 5005118 
16384 3795525 
16384 6368072 
16384 5038964 
16384 4845331 
16384 4430806 
16384 4146301 
16384 2177111 
16384 4850900 
16384 8820817 
16384 3572632 
16384 2748471 
16384 2386246 
16384 3066748 
16384 5081495 
16384 3489755 
16384 4233706 
16384 3086187 
16384 3953309 
16384 3796273 
16384 4987762 
16384 3059367 
16384 2621081 
16384 4223480 
16384 6255274 
16384 4298194 
16384 3196230 
16384 2921174 
16384 6517379 
16384 4081915 
16384 7002648 
16384 5914145 
16384 3365885 
16384 1788377 
16384 3691513 
16384 6699621 
16384 6763100 
16384 3227163 
16384 5984189 
16384 5700347 
16384 3817667 
16384 8252465 
16384 5063447 
16384 4584317 
16384 4293430 
16384 3501558 
16384 2385096 
16384 4992242 
16384 2288322 
16384 1787995 
16384 5653786 
16384 3114760 
16384 2408714 
16384 3993209 
16384 7669289 
16384 4996877 
16384 4684820 
16384 2791729 
16384 4468393 
16384 4668100 
16384 4625545 
16384 8247776 
16384 4023961 
16384 2477253 
16384 4198200 
16384 4944019 
16384 4063163 
16384 6021859 
16384 1495441 
16384 4480430 
16384 2713180 
16384 5987849 
16384 4274309 
16384 2905067 
16384 6535956 
16384 4768978 
16384 2349347 
16384 4345636 
16384 3922514 
16384 2730407 
16384 4516455 
16384 2959442 
16384 6432544 
16384 4209109 
16384 2529370 
16384 2474960 
16384 6481318 
16384 5226570 
16384 4460926 
16384 2565916 
16384 3795003 
16384 2895207 
16384 2394504 
16384 5823588 
16384 3912685 
16384 3112358 
16384 2027699 
16384 3006438 
16384 3244882 
16384 3858603 
16384 4016399 
16384 3044670 
16384 5976073 
16384 4430859 
16384 4543769 
16384 2808192 
16384 4410299 
16384 3724378 
16384 4718375 
16384 1798954 
16384 4718748 
16384 4525654 
16384 2395785 
16384 4819846 
16384 1960307 
16384 2944052 
16384 2067561 
16384 6162910 
16384 6294385 
16384 3795380 
16384 5551231 
16384 4552663 
16384 8358606 
16384 3363304 
16384 2927683 
16384 3516115 
16384 7402443 
16384 3441062 
16384 2414123 
16384 6397112 
16384 2313191 
16384 2382914 
16384 3925513 
16384 5160412 
16384 5268553 
16384 3269697 
16384 3478742 
16384 3435710 
16384 2994556 
16384 2842491 
16384 6299283 
16384 9539795 
16384 3021065 
16384 4463145 
16384 3307099 
16384 2074339 
16384 6894530 
16384 2980471 
16384 6471549 
16384 5229274 
16384 2878831 
16384 2648870 
16384 3262733 
16384 3670909 
16384 4142826 
16384 4882414 
16384 4261363 
16384 3912367 
16384 2910796 
16384 5151786 
16384 4797424 
16384 5588576 
16384 6135004 
16384 3021418 
16384 3671634 
16384 4870605 
16384 3648232 
16384 5005774 
16384 5068718 
16384 3715711 
16384 2638702 
16384 2589760 
16384 5248842 
16384 3411102 
16384 3493795 
16384 2750754 
16384 7430979 
16384 3000735 
16384 4319920 
16384 2866949 
16384 3306201 
16384 2351222 
16384 4211219 
16384 4752017 
16384 6573852 
16384 2612410 
16384 5007973 
16384 4997723 
16384 2820681 
16384 3488845 
16384 3851079 
16384 2210386 
16384 4563802 
16384 3490428 
16384 5596574 
16384 5308178 
16384 3918904 
16384 3506249 
16384 3834863 
16384 3986628 
16384 2399179 
16384 2484542 
16384 3119060 
16384 2481715 
16384 2981610 
16384 5331457 
16384 5950858 
16384 4755446 
16384 4436830 
16384 2831050 
16384 1531844 
16384 1856124 
16384 3527733 
16384 5329793 
16384 3674420 
16384 5182628 
16384 4516600 
16384 2956903 
16384 4499943 
16384 5329801 
16384 5312957 
16384 3464809 
16384 2543991 
16384 2095940 
16384 2963534 
16384 4050813 
16384 4299244 
16384 2543481 
16384 4065453 
16384 3929344 
16384 4557684 
16384 3339868 
16384 3360187 
16384 5005415 
16384 3684200 
16384 5622598 
16384 4614432 
16384 4862153 
16384 4869096 
16384 3313179 
16384 4879657 
16384 5314398 
16384 7916004 
16384 6148447 
16384 2951984 
16384 3128141 
16384 4780129 
16384 3538404 
16384 2238840 
16384 4152605 
16384 3077858 
16384 2127506 
16384 3325488 
16384 3203667 
16384 1644966 
16384 3964142 
16384 3025220 
16384 9102885 
16384 4818162 
16384 6925389 
16384 3206433 
16384 4851191 
16384 2881841 
16384 6401869 
16384 1654410 
16384 5094530 
16384 3828640 
16384 2242528 
16384 6240332 
16384 4477572 
16384 4379499 
16384 3796163 
16384 3166345 
16384 4493363 
16384 6113861 
16384 4660023 
16384 8781131 
16384 2172669 
16384 6823891 
16384 4063440 
16384 2606728 
16384 5214961 
16384 3355369 
16384 3146183 
16384 3802160 
16384 7688297 
16384 3935139 
16384 4323965 
16384 3942860 
16384 3233766 
16384 3788278 
16384 2309432 
16384 5343733 
16384 3286691 
16384 3838258 
16384 2494027 
16384 4296176 
16384 3959088 
16384 9515383 
16384 5384414 
16384 3751942 
16384 6682056 
16384 3376963 
16384 1469040 
16384 3685976 
16384 3780059 
16384 5886153 
16384 3453022 
16384 6999511 
16384 5667705 
16384 4618882 
16384 3546211 
16384 2532538 
16384 2996944 
16384 2827659 
16384 9990878 
16384 2723777 
16384 3913710 
16384 3557880 
16384 4123896 
16384 2759040 
16384 3247134 
16384 4309752 
16384 7843324 
16384 7025394 
16384 4987223 
16384 7401751 
16384 3971051 
16384 3711324 
16384 4496526 
16384 3917799 
16384 2669564 
16384 2400310 
16384 4759926 
16384 5006287 
16384 3451030 
16384 2000792 
16384 5215280 
16384 3038407 
16384 4959272 
16384 3713372 
16384 4563498 
16384 3837202 
16384 4769396 
16384 3295696 
16384 9408706 
16384 4201981 
16384 5766932 
16384 2546353 
16384 3902047 
16384 5221627 
16384 2061986 
16384 6748899 
16384 6105318 
16384 3081923 
16384 6931841 
16384 5778623 
16384 2636761 
16384 4127117 
16384 3003912 
16384 3463588 
16384 5992378 
16384 3500242 
16384 2924193 
16384 3653238 
16384 5552172 
16384 4079076 
16384 3216184 
16384 3269678 
16384 2882418 
16384 1974112 
16384 5639358 
16384 5629830 
16384 5009770 
16384 4086709 
16384 4431219 
16384 6904099 
16384 4430106 
16384 2371608 
16384 4206674 
16384 3104157 
16384 5982689 
16384 2668074 
16384 2980935 
16384 4761322 
16384 3606363 
16384 5819554 
16384 2489974 
16384 5276662 
16384 5739111 
16384 5311449 
16384 2917508 
16384 5093868 
16384 4057565 
16384 5975933 
16384 4732772 
16384 7744056 
16384 2947906 
16384 2709452 
16384 3402495 
16384 5209611 
16384 1832732 
16384 3085545 
16384 6789096 
16384 5606410 
16384 2575100 
16384 2803663 
16384 4431636 
16384 3632156 
16384 5335180 
16384 3342786 
16384 3011583 
16384 3277375 
16384 2186633 
16384 7994331 
16384 4364288 
16384 3942148 
16384 2486316 
16384 2345493 
16384 3711039 
16384 3311733 
16384 2326786 
16384 3018208 
16384 6337339 
16384 4763598 
16384 3337523 
16384 6147188 
16384 8032237 
16384 3040094 
16384 4730206 
16384 3367782 
16384 2872325 
16384 1193833 
16384 4164902 
16384 4214064 
16384 3406376 
16384 5386231 
16384 3326250 
16384 2776253 
16384 7156131 
16384 4580845 
16384 6787790 
16384 3049660 
16384 2442664 
16384 3555474 
16384 4918149 
16384 1954143 
16384 4095263 
16384 3431537 
16384 2565690 
16384 5541348 
16384 5278672 
16384 3001561 
16384 4719092 
16384 4383286 
16384 4715008 
16384 3690069 
16384 3867816 
16384 4279904 
16384 5571724 
16384 4560260 
16384 3395682 
16384 3561323 
16384 5305669 
16384 4531122 
16384 4599119 
16384 3058136 
16384 2365042 
16384 1382459 
16384 5467037 
16384 3108397 
16384 2223327 
16384 6212633 
16384 6177593 
16384 3131450 
16384 5780004 
16384 3284411 
16384 6023935 
16384 3808689 
16384 2454901 
16384 2535722 
16384 5112536 
16384 4708091 
16384 2582112 
16384 3591925 
16384 3458029 
16384 4956407 
16384 4864167 
16384 5001596 
16384 3499428 
16384 4964208 
16384 2523195 
16384 3907113 
16384 2781876 
16384 6108164 
16384 4607286 
16384 2523091 
16384 1913210 
16384 4228106 
16384 8730407 
16384 7582889 
16384 5945825 
16384 6070737 
16384 6210543 
16384 4184941 
16384 3419769 
16384 3610999 
16384 3831509 
16384 4366353 
16384 5491286 
16384 3398709 
16384 5933378 
16384 4250081 
16384 2074713 
16384 2199302 
16384 3038418 
16384 6890489 
16384 5314052 
16384 2808705 
16384 4267037 
16384 3853766 
16384 2784518 
16384 2779704 
16384 4565268 
16384 3797061 
16384 3431236 
16384 4697200 
16384 2126998 
16384 4072522 
16384 8903831 
16384 4318109 
16384 2085135 
16384 6086022 
16384 3747882 
16384 6137825 
16384 3329014 
16384 2937668 
16384 5651257 
16384 3770046 
16384 4512668 
16384 5924787 
16384 6498084 
16384 6038137 
16384 2892497 
16384 2887093 
16384 5960515 
16384 6137430 
16384 3247924 
16384 2063617 
16384 3779656 
16384 4076551 
16384 4609490 
16384 3562775 
16384 3080008 
16384 5978399 
16384 3300634 
16384 5065709 
16384 3001234 
16384 3781130 
16384 2172873 
16384 4023712 
16384 2633935 
16384 2508560 
16384 6806472 
16384 3726499 
16384 3035828 
16384 8261209 
16384 3488978 
16384 6094589 
16384 3324041 
16384 4128958 
16384 3000842 
16384 3900225 
16384 4038125 
16384 2739703 
16384 2831257 
16384 1873753 
16384 4606674 
16384 3907025 
16384 4057044 
16384 2775248 
16384 3835244 
16384 4415835 
16384 1750152 
16384 1296498 
16384 3763179 
16384 5022089 
16384 7879545 
16384 5540583 
16384 4538283 
16384 4997295 
16384 3528549 
16384 4220471 
16384 5518173 
16384 5864575 
16384 5780850 
16384 4698266 
16384 3161011 
16384 4395426 
16384 3273357 
16384 9875367 
16384 5954156 
16384 5366186 
16384 2588416 
16384 3543255 
16384 4728878 
16384 5374543 
16384 3435004 
16384 4029324 
16384 5769731 
16384 3793216 
16384 3271639 
16384 5022856 
16384 3778646 
16384 5037816 
16384 2205630 
16384 4718785 
16384 4086504 
16384 6012289 
16384 5139312 
16384 4361293 
16384 4934290 
16384 1875422 
16384 2724765 
16384 3587816 
16384 4129984 
16384 4103096 
16384 2298613 
16384 6396423 
16384 5051662 
16384 1974859 
16384 6271728 
16384 5823822 
16384 4596721 
16384 4472401 
16384 5075468 
16384 2710472 
16384 6411402 
16384 3261912 
16384 3627847 
16384 4508341 
16384 3997223 
16384 2704857 
16384 8774096 
16384 2386371 
16384 4114249 
16384 5821499 
16384 3414173 
16384 4653515 
16384 4346111 
16384 3058568 
16384 3803281 
16384 3320779 
16384 4309542 
16384 3412413 
16384 3889777 
16384 4332590 
16384 4692920 
16384 3757580 
16384 2340902 
16384 2647971 
16384 3670502 
16384 3453528 
16384 3273576 
16384 2501497 
16384 2244882 
16384 5206833 
16384 4915064 
16384 3709822 
16384 4697081 
16384 6089083 
16384 4727903 
16384 4257126 
16384 4096339 
16384 4129618 
16384 2208420 
16384 5217166 
16384 7826978 
16384 5124632 
16384 3609684 
16384 5104852 
16384 3517469 
16384 3845790 
16384 4033583 
16384 3630566 
16384 2934731 
16384 5994763 
16384 2400054 
16384 3991418 
16384 6818330 
16384 5629586 
16384 6340044 
16384 3393764 
16384 6520315 
16384 3776306 
16384 5777300 
16384 2841465 
16384 2430572 
16384 2385253 
16384 4221488 
16384 3869854 
16384 4809991 
16384 4947949 
16384 2891307 
16384 4806952 
16384 2035463 
16384 3230042 
16384 2955151 
16384 2533833 
16384 3553051 
16384 2482295 
16384 3751087 
16384 3443205 
16384 4741080 
16384 3637470 
16384 5901206 
16384 4460831 
16384 2997649 
16384 5350884 
16384 4266158 
