16384 2984306 
16384 5203929 
16384 5750823 
16384 3259530 
16384 3535264 
16384 3009165 
16384 3047080 
16384 2546092 
16384 5083366 
16384 6637254 
16384 6040672 
16384 5111214 
16384 4549899 
16384 4855997 
16384 7545591 
16384 4744758 
16384 3932926 
16384 5273387 
16384 7463590 
16384 3317617 
16384 6699862 
16384 9419868 
16384 7840029 
16384 7634088 
16384 5250104 
16384 3700229 
16384 2194312 
16384 6235946 
16384 8445704 
16384 6969808 
16384 3978647 
16384 9006200 
16384 3895372 
16384 8233243 
16384 4836001 
16384 3042619 
16384 6959380 
16384 3313313 
16384 6009189 
16384 1999356 
16384 2723915 
16384 3661795 
16384 4926716 
16384 6755938 
16384 4731171 
16384 4815941 
16384 5199516 
16384 5068838 
16384 1323650 
16384 10137205 
16384 6712565 
16384 3245070 
16384 2463170 
16384 3911321 
16384 3529253 
16384 4590648 
16384 3342471 
16384 4853587 
16384 3975500 
16384 6006444 
16384 5938145 
16384 7310046 
16384 6039558 
16384 6055026 
16384 6113556 
16384 4624446 
16384 3205532 
16384 4463906 
16384 2344643 
16384 5633490 
16384 2840232 
16384 3957606 
16384 2376532 
16384 2704481 
16384 3908344 
16384 2661096 
16384 4421139 
16384 4588896 
16384 3087862 
16384 2540808 
16384 10038450 
16384 4331896 
16384 5506846 
16384 7773935 
16384 4613961 
16384 3497098 
16384 3167593 
16384 2401333 
16384 3963470 
16384 6134857 
16384 7898499 
16384 4812817 
16384 4415905 
16384 7041141 
16384 4742075 
16384 4541482 
16384 6248699 
16384 7658993 
16384 4010764 
16384 4276243 
16384 4473866 
16384 4808453 
16384 5679462 
16384 6671414 
16384 3649623 
16384 4057829 
16384 4971216 
16384 5954986 
16384 2692847 
16384 2880334 
16384 4766217 
16384 1996201 
16384 2587739 
16384 4900405 
16384 4990138 
16384 2991363 
16384 5482586 
16384 4311888 
16384 3935719 
16384 2629247 
16384 4468542 
16384 5268907 
16384 3290045 
16384 5304283 
16384 2803925 
16384 4378193 
16384 2739081 
16384 5180366 
16384 3376681 
16384 3332620 
16384 3560378 
16384 6501405 
16384 4821484 
16384 5042879 
16384 3357582 
16384 3075323 
16384 6735196 
16384 6311226 
16384 7445406 
16384 4695910 
16384 3619286 
16384 3149001 
16384 8071237 
16384 6725869 
16384 4007681 
16384 3163389 
16384 4255149 
16384 6647724 
16384 4754501 
16384 1730917 
16384 6765816 
16384 6048085 
16384 5969029 
16384 7056965 
16384 4427299 
16384 5431641 
16384 3723640 
16384 3233090 
16384 2638911 
16384 1865353 
16384 4013123 
16384 4610179 
16384 3404533 
16384 5992916 
16384 3998564 
16384 1966104 
16384 6885498 
16384 4926454 
16384 5282422 
16384 6090583 
16384 3207808 
16384 6745400 
16384 2919630 
16384 5175719 
16384 4575163 
16384 7621931 
16384 4699559 
16384 4385742 
16384 4569986 
16384 3573900 
16384 4118727 
16384 3993277 
16384 3048969 
16384 7283009 
16384 3780111 
16384 2286144 
16384 4984979 
16384 4056030 
16384 5790649 
16384 4135079 
16384 2768602 
16384 4782150 
16384 5594716 
16384 2096891 
16384 5989028 
16384 4398131 
16384 4362857 
16384 7184382 
16384 5014057 
16384 2075497 
16384 3747168 
16384 4750098 
16384 4708629 
16384 3998956 
16384 6642161 
16384 5979109 
16384 3376834 
16384 3992586 
16384 3698561 
16384 7793662 
16384 3110816 
16384 3297232 
16384 6538009 
16384 3212265 
16384 2746850 
16384 7166547 
16384 1691251 
16384 3858188 
16384 6764811 
16384 2930953 
16384 4598773 
16384 9144028 
16384 4517520 
16384 2535138 
16384 3868948 
16384 5541643 
16384 3510001 
16384 5892444 
16384 5333763 
16384 3027635 
16384 4784371 
16384 5709065 
16384 4886417 
16384 4343619 
16384 3644908 
16384 3815655 
16384 2717862 
16384 2394636 
16384 3405880 
16384 3140059 
16384 3413942 
16384 4634221 
16384 5425241 
16384 2612966 
16384 3160556 
16384 6307481 
16384 4454570 
16384 5155938 
16384 2664794 
16384 3922683 
16384 1788071 
16384 4010217 
16384 5540314 
16384 4298817 
16384 2532758 
16384 3634366 
16384 3164914 
16384 3956777 
16384 2504732 
16384 2697776 
16384 3663371 
16384 2335995 
16384 6996263 
16384 5816169 
16384 2323747 
16384 3913620 
16384 3378942 
16384 4458063 
16384 2601511 
16384 4691902 
16384 4168136 
16384 2226949 
16384 6517626 
16384 3054407 
16384 1885091 
16384 3075079 
16384 4215281 
16384 7726344 
16384 4585771 
16384 4293942 
16384 4851126 
16384 4706256 
16384 5871818 
16384 4878278 
16384 4758654 
16384 4458638 
16384 4181629 
16384 2078142 
16384 5025610 
16384 8758259 
16384 3801464 
16384 3044119 
16384 2301789 
16384 3495357 
16384 5472205 
16384 3418113 
16384 4388050 
16384 3573679 
16384 3742033 
16384 4618034 
16384 5112323 
16384 3101890 
16384 2486083 
16384 4395007 
16384 6864941 
16384 4139546 
16384 3321714 
16384 2949006 
16384 6928327 
16384 4495506 
16384 6996123 
16384 6543560 
16384 3959677 
16384 1871067 
16384 4089080 
16384 6576862 
16384 6338454 
16384 3344463 
16384 6018369 
16384 7043489 
16384 3677715 
16384 9438359 
16384 5586760 
16384 4629196 
16384 4225444 
16384 3272181 
16384 2390511 
16384 5707573 
16384 2386186 
16384 2002794 
16384 5990657 
16384 3026674 
16384 2387200 
16384 4034364 
16384 8237259 
16384 5072925 
16384 4380002 
16384 2891269 
16384 4709763 
16384 4877716 
16384 4930509 
16384 8244971 
16384 4191134 
16384 2721047 
16384 4749139 
16384 5051133 
16384 3855987 
16384 6184343 
16384 1490080 
16384 4825164 
16384 2414218 
16384 6059739 
16384 4512915 
16384 3011132 
16384 6853217 
16384 5068712 
16384 2434081 
16384 4463429 
16384 3887748 
16384 2695150 
16384 4787084 
16384 2941214 
16384 6383483 
16384 4100524 
16384 2480150 
16384 2503518 
16384 6526298 
16384 5124350 
16384 5007190 
16384 2783646 
16384 4102049 
16384 2817573 
16384 2800171 
16384 6253454 
16384 4004389 
16384 3090903 
16384 2016189 
16384 3180073 
16384 3565010 
16384 3392943 
16384 3857576 
16384 3237211 
16384 6130154 
16384 4136984 
16384 4428689 
16384 2741105 
16384 4800513 
16384 4134395 
16384 4475942 
16384 1917633 
16384 4477234 
16384 4168671 
16384 2479921 
16384 5741633 
16384 2096218 
16384 2933705 
16384 3192570 
16384 6311539 
16384 6566865 
16384 3692866 
16384 5545536 
16384 5117395 
16384 7896385 
16384 4457105 
16384 2991581 
16384 3923818 
16384 7224045 
16384 3544435 
16384 2498394 
16384 6272233 
16384 3265343 
16384 2603705 
16384 5007431 
16384 5605168 
16384 5415385 
16384 3154372 
16384 3695431 
16384 3471689 
16384 3127352 
16384 2945680 
16384 7052767 
16384 9366736 
16384 3085409 
16384 6114389 
16384 3149767 
16384 2252942 
16384 6761791 
16384 3296389 
16384 6287316 
16384 6538134 
16384 2930773 
16384 2895322 
16384 4320087 
16384 3268063 
16384 4593647 
16384 4681612 
16384 4606970 
16384 3865153 
16384 3275659 
16384 5479343 
16384 4924953 
16384 5355574 
16384 7521304 
16384 2940235 
16384 3589166 
16384 4966388 
16384 3947283 
16384 5279871 
16384 6074251 
16384 3996968 
16384 2514672 
16384 2714921 
16384 5050654 
16384 4502211 
16384 3546729 
16384 3131277 
16384 8663869 
16384 3143436 
16384 4194628 
16384 2913305 
16384 3372800 
16384 3222849 
16384 4336001 
16384 5510300 
16384 6859181 
16384 2621155 
16384 5139664 
16384 5328457 
16384 2866917 
16384 4421974 
16384 3584647 
16384 2181497 
16384 4614358 
16384 4363195 
16384 6440708 
16384 6089151 
16384 3716321 
16384 3309512 
16384 3857131 
16384 4209388 
16384 2448462 
16384 2529885 
16384 3172197 
16384 2588814 
16384 2965510 
16384 6423806 
16384 6318788 
16384 5346629 
16384 4833582 
16384 2991164 
16384 1489402 
16384 2126256 
16384 3707326 
16384 5224224 
16384 3858645 
16384 5151325 
16384 4345512 
16384 4022892 
16384 4654765 
16384 6184447 
16384 5989313 
16384 3689016 
16384 2688217 
16384 2128132 
16384 3125499 
16384 4416874 
16384 4650488 
16384 2701195 
16384 5113253 
16384 4285579 
16384 4822431 
16384 3449460 
16384 4522655 
16384 5198509 
16384 4013598 
16384 6816889 
16384 4445239 
16384 4902527 
16384 4421370 
16384 3089841 
16384 5796623 
16384 5603469 
16384 8484488 
16384 6540166 
16384 3013340 
16384 3464993 
16384 4564493 
16384 3767924 
16384 3405234 
16384 4406244 
16384 3318700 
16384 2288556 
16384 3515071 
16384 3153030 
16384 1765303 
16384 4058159 
16384 4248817 
16384 9936094 
16384 4916636 
16384 6809986 
16384 3337149 
16384 4856062 
16384 3099692 
16384 6288329 
16384 1596372 
16384 5252828 
16384 4121028 
16384 2361332 
16384 5784167 
16384 4734652 
16384 4400243 
16384 4683680 
16384 3118982 
16384 4612075 
16384 6110459 
16384 4664917 
16384 8322200 
16384 3122175 
16384 6369747 
16384 4233500 
16384 2638426 
16384 6158499 
16384 3423479 
16384 3037755 
16384 4142866 
16384 7694945 
16384 4285367 
16384 4171884 
16384 4241259 
16384 3419583 
16384 3801985 
16384 2337080 
16384 5262463 
16384 3478009 
16384 3921523 
16384 2842049 
16384 4293180 
16384 3954225 
16384 9617751 
16384 5469753 
16384 3596816 
16384 6748339 
16384 4320362 
16384 1172742 
16384 3722879 
16384 3696922 
16384 6064151 
16384 3714420 
16384 7139267 
16384 4998585 
16384 4667564 
16384 3433342 
16384 2776881 
16384 3120809 
16384 3194390 
16384 10222187 
16384 2890100 
16384 3616678 
16384 3468348 
16384 4112556 
16384 2580093 
16384 3015084 
16384 4510820 
16384 8282830 
16384 7119437 
16384 5569737 
16384 6777938 
16384 4071336 
16384 4047195 
16384 4673062 
16384 4067910 
16384 2512320 
16384 2599985 
16384 4600526 
16384 5482550 
16384 3374135 
16384 2105588 
16384 6265878 
16384 3178939 
16384 5224465 
16384 3933583 
16384 4703906 
16384 3919532 
16384 4627735 
16384 3278722 
16384 10397691 
16384 4250283 
16384 6836812 
16384 2757789 
16384 3905290 
16384 5210593 
16384 2180965 
16384 6455745 
16384 6228289 
16384 3403524 
16384 6468265 
16384 6296119 
16384 2537493 
16384 4977643 
16384 2961400 
16384 3167235 
16384 5830505 
16384 3721959 
16384 3139033 
16384 3557317 
16384 5049617 
16384 4908326 
16384 3284543 
16384 3241134 
16384 2947478 
16384 2057139 
16384 5864028 
16384 6585707 
16384 4928880 
16384 4065143 
16384 4554224 
16384 7322001 
16384 4374961 
16384 2595055 
16384 4138374 
16384 3258642 
16384 6310756 
16384 2507127 
16384 3023336 
16384 4991694 
16384 3694746 
16384 5608384 
16384 2541353 
16384 4974014 
16384 6475453 
16384 5016716 
16384 3015440 
16384 5446174 
16384 4337251 
16384 6580253 
16384 4936356 
16384 6604281 
16384 3002723 
16384 2818735 
16384 3391158 
16384 5491556 
16384 1954966 
16384 3320868 
16384 6404312 
16384 5328297 
16384 2548926 
16384 6264219 
16384 4559335 
16384 3249681 
16384 6304535 
16384 4151298 
16384 3031704 
16384 3278990 
16384 2370734 
16384 7761348 
16384 4611292 
16384 3749678 
16384 2318027 
16384 2460795 
16384 3945916 
16384 3311598 
16384 3177742 
16384 3137681 
16384 7628970 
16384 5167084 
16384 3428410 
16384 6104639 
16384 8596335 
16384 3051828 
16384 4887303 
16384 3384058 
16384 2892252 
16384 1313145 
16384 4300575 
16384 4156794 
16384 3732868 
16384 5628282 
16384 3359414 
16384 2611314 
16384 6695835 
16384 4635425 
16384 7240902 
16384 3278772 
16384 2312733 
16384 3495533 
16384 4581066 
16384 1971063 
16384 4300489 
16384 3510008 
16384 2448576 
16384 5790552 
16384 4927908 
16384 3029616 
16384 5147554 
16384 4548597 
16384 4454906 
16384 3565386 
16384 4051060 
16384 4496095 
16384 5355467 
16384 4892754 
16384 3566255 
16384 3877166 
16384 5387265 
16384 4413200 
16384 4599235 
16384 3213485 
16384 2227566 
16384 1336485 
16384 5958308 
16384 3275519 
16384 2181561 
16384 6055621 
16384 6288329 
16384 3013882 
16384 6614062 
16384 3281577 
16384 6063183 
16384 3704518 
16384 2573184 
16384 2536613 
16384 6127770 
16384 4894272 
16384 2648339 
16384 3602298 
16384 3528131 
16384 6095513 
16384 4724296 
16384 6350182 
16384 3394221 
16384 4606749 
16384 2733920 
16384 4674278 
16384 2969378 
16384 6914904 
16384 4806625 
16384 2550813 
16384 2056897 
16384 4194870 
16384 8438147 
16384 7411887 
16384 5646268 
16384 6409502 
16384 6698385 
16384 4072197 
16384 3079377 
16384 3675122 
16384 3869298 
16384 3921646 
16384 5173313 
16384 4238047 
16384 6865667 
16384 4349192 
16384 2178433 
16384 2328575 
16384 3190300 
16384 6276896 
16384 6761256 
16384 2948951 
16384 4214010 
16384 4846809 
16384 2994311 
16384 3429543 
16384 4411236 
16384 4067174 
16384 3509566 
16384 4478471 
16384 2442217 
16384 4847713 
16384 9798098 
16384 4620454 
16384 2283660 
16384 6883964 
16384 4217840 
16384 6153625 
16384 3410000 
16384 2952991 
16384 6028967 
16384 4131434 
16384 4980640 
16384 5786483 
16384 6611501 
16384 5985724 
16384 3077781 
16384 3112755 
16384 5557236 
16384 6540605 
16384 3270688 
16384 2214224 
16384 4061582 
16384 4290508 
16384 4535509 
16384 3897582 
16384 3330334 
16384 6070488 
16384 3765773 
16384 5295085 
16384 3960745 
16384 3924004 
16384 2317455 
16384 4319974 
16384 2674528 
16384 2612683 
16384 6820061 
16384 3851211 
16384 2979001 
16384 8471429 
16384 3682611 
16384 7557682 
16384 3758368 
16384 4088924 
16384 3207448 
16384 4046962 
16384 4167096 
16384 2858173 
16384 2921020 
16384 1823727 
16384 4577204 
16384 4987190 
16384 3978882 
16384 2795475 
16384 4823550 
16384 5513306 
16384 1817849 
16384 1349495 
16384 4573962 
16384 4956252 
16384 7764954 
16384 6188039 
16384 4711028 
16384 5244610 
16384 3728745 
16384 4304294 
16384 5401621 
16384 5923792 
16384 7082730 
16384 4970022 
16384 3629016 
16384 4632216 
16384 3324094 
16384 9789719 
16384 6090999 
16384 6439944 
16384 2641671 
16384 3635572 
16384 4935625 
16384 6081641 
16384 4080064 
16384 4350130 
16384 5827500 
16384 3775312 
16384 3477866 
16384 5851544 
16384 4097817 
16384 5081658 
16384 2440118 
16384 5142569 
16384 4127296 
16384 6793569 
16384 5231561 
16384 4698418 
16384 4761502 
16384 1863736 
16384 2897093 
16384 3705567 
16384 4242295 
16384 4136888 
16384 2315155 
16384 6604575 
16384 5057957 
16384 2072291 
16384 6628809 
16384 6167019 
16384 4252708 
16384 4374777 
16384 5199131 
16384 2934413 
16384 6437213 
16384 3533349 
16384 3338305 
16384 4662400 
16384 4279403 
16384 2881050 
16384 8475569 
16384 2500159 
16384 3951758 
16384 5636660 
16384 3833256 
16384 4789087 
16384 4662708 
16384 3981023 
16384 4024260 
16384 3455260 
16384 4512311 
16384 3422170 
16384 3746864 
16384 4409860 
16384 4980060 
16384 3974866 
16384 2368063 
16384 2721179 
16384 3655238 
16384 3561549 
16384 3135699 
16384 2698244 
16384 2246751 
16384 6360051 
16384 4516588 
16384 4377745 
16384 4252669 
16384 6007197 
16384 4873966 
16384 4429355 
16384 4363429 
16384 4620243 
16384 2194543 
16384 5534320 
16384 7609928 
16384 5575610 
16384 3500059 
16384 5359947 
16384 4644217 
16384 4157698 
16384 3903691 
16384 3960682 
16384 3104423 
16384 6513096 
16384 2461830 
16384 4369724 
16384 7205816 
16384 5549053 
16384 6302708 
16384 3376282 
16384 6345177 
16384 3867696 
16384 6500988 
16384 3034175 
16384 2582343 
16384 2331045 
16384 4283494 
16384 3873896 
16384 4884046 
16384 6155788 
16384 2924077 
16384 4553333 
16384 2293491 
16384 3398300 
16384 2833290 
16384 2433712 
16384 3425953 
16384 3333186 
16384 3991678 
16384 4068907 
16384 5280218 
16384 3725390 
16384 6124020 
16384 4662464 
16384 3313801 
16384 5365015 
16384 3708252 
