4096 2975546 
4096 5302976 
4096 5304682 
4096 2964281 
4096 3211389 
4096 2712949 
4096 3551649 
4096 2505506 
4096 5119272 
4096 6124685 
4096 6026094 
4096 5025585 
4096 4369728 
4096 4593645 
4096 7064678 
4096 5071513 
4096 4645950 
4096 4643571 
4096 6476316 
4096 2549143 
4096 6410727 
4096 9275208 
4096 7315431 
4096 6750690 
4096 5141615 
4096 3389702 
4096 2368200 
4096 6325067 
4096 8616556 
4096 6556783 
4096 2959893 
4096 8802290 
4096 3813793 
4096 8653474 
4096 5016296 
4096 3735094 
4096 8983302 
4096 3282675 
4096 5256012 
4096 2105569 
4096 2713239 
4096 4510638 
4096 4368639 
4096 5785144 
4096 4181622 
4096 4893517 
4096 5335057 
4096 9577792 
4096 1209754 
4096 9884969 
4096 6764300 
4096 3254778 
4096 2089311 
4096 4511344 
4096 3293879 
4096 4662232 
4096 4221260 
4096 4633549 
4096 2650040 
4096 5661986 
4096 4429032 
4096 11935117 
4096 6056355 
4096 6504666 
4096 5887958 
4096 4580241 
4096 2889772 
4096 4322867 
4096 3264765 
4096 5567661 
4096 2991903 
4096 4316483 
4096 2427035 
4096 2918405 
4096 4846664 
4096 2585302 
4096 3696306 
4096 4094165 
4096 2354400 
4096 2116268 
4096 4827797 
4096 4396896 
4096 4901020 
4096 6790400 
4096 4795648 
4096 3319450 
4096 3333528 
4096 2954425 
4096 3539274 
4096 6771963 
4096 7359088 
4096 3705537 
4096 4303592 
4096 6683650 
4096 4898475 
4096 3681211 
4096 6301702 
4096 7280230 
4096 4451779 
4096 4522468 
4096 4593484 
4096 4110511 
4096 6593830 
4096 6902470 
4096 3889482 
4096 3149613 
4096 4901522 
4096 6088779 
4096 2755465 
4096 2930597 
4096 5133949 
4096 2108033 
4096 2751162 
4096 4764823 
4096 4685828 
4096 3846252 
4096 5245057 
4096 5182864 
4096 4795292 
4096 2722558 
4096 4524988 
4096 5886566 
4096 3792688 
4096 4212434 
4096 2867217 
4096 4373149 
4096 2809887 
4096 5264361 
4096 4346122 
4096 3277824 
4096 3313027 
4096 6132898 
4096 4473538 
4096 4991604 
4096 3194192 
4096 3297118 
4096 6419955 
4096 5086008 
4096 7267967 
4096 4961690 
4096 4366960 
4096 2563224 
4096 9095086 
4096 6164320 
4096 3673865 
4096 3471845 
4096 4303236 
4096 6337159 
4096 4964220 
4096 2302221 
4096 5967197 
4096 5376511 
4096 6516805 
4096 7111337 
4096 4674871 
4096 5660014 
4096 3103182 
4096 2790767 
4096 2789204 
4096 1849172 
4096 3457049 
4096 4589537 
4096 4008138 
4096 6798361 
4096 4949248 
4096 2017033 
4096 6464430 
4096 5222532 
4096 4939112 
4096 5223492 
4096 3459719 
4096 5923809 
4096 2802232 
4096 5231827 
4096 4641609 
4096 7826218 
4096 4099769 
4096 4726614 
4096 4537413 
4096 3907621 
4096 4182565 
4096 4093477 
4096 3347414 
4096 8156713 
4096 4308329 
4096 3161948 
4096 4751448 
4096 4172985 
4096 5946888 
4096 4471936 
4096 3518915 
4096 4914709 
4096 6324794 
4096 2912369 
4096 6301286 
4096 4576349 
4096 3638734 
4096 7416237 
4096 5105097 
4096 2059477 
4096 4698828 
4096 4452789 
4096 4219709 
4096 3935729 
4096 6912708 
4096 4506916 
4096 3434210 
4096 4157214 
4096 3833176 
4096 8107017 
4096 3272950 
4096 3608315 
4096 6451899 
4096 3494633 
4096 2496303 
4096 6914650 
4096 1640849 
4096 3917980 
4096 6498944 
4096 3354194 
4096 4808858 
4096 8902603 
4096 3512001 
4096 2568380 
4096 4089123 
4096 4780503 
4096 3453600 
4096 6065567 
4096 5238075 
4096 2809386 
4096 4377025 
4096 4715485 
4096 5592180 
4096 4021727 
4096 3491683 
4096 3858432 
4096 2721511 
4096 3224570 
4096 3262820 
4096 2284954 
4096 3422173 
4096 4842232 
4096 4656054 
4096 2594536 
4096 3303495 
4096 6247674 
4096 4434059 
4096 5085085 
4096 2541553 
4096 3892982 
4096 1876854 
4096 3369598 
4096 5414551 
4096 4493043 
4096 2452442 
4096 3488550 
4096 3020365 
4096 4098513 
4096 2532966 
4096 2814213 
4096 4097306 
4096 2774735 
4096 7864793 
4096 6941792 
4096 3005277 
4096 3795567 
4096 3261621 
4096 3831755 
4096 3232009 
4096 4388273 
4096 3960107 
4096 2909779 
4096 6449890 
4096 3273678 
4096 1953485 
4096 3291453 
4096 4578316 
4096 6812470 
4096 4534118 
4096 4355578 
4096 4897600 
4096 3922573 
4096 6116027 
4096 5033400 
4096 4471930 
4096 4307124 
4096 4067315 
4096 2873330 
4096 4804116 
4096 9526992 
4096 4437856 
4096 3042266 
4096 2352371 
4096 3568873 
4096 5036082 
4096 3496083 
4096 4131514 
4096 3298133 
4096 3690129 
4096 4477567 
4096 4791352 
4096 3241705 
4096 2632107 
4096 4271819 
4096 5994133 
4096 4306247 
4096 3121118 
4096 2971939 
4096 7291742 
4096 4939866 
4096 7194119 
4096 6835293 
4096 4185587 
4096 1899906 
4096 3967277 
4096 7026961 
4096 6250072 
4096 3273413 
4096 6094288 
4096 5544982 
4096 3764861 
4096 9531515 
4096 4784830 
4096 4508550 
4096 4526417 
4096 3569452 
4096 2702897 
4096 5713827 
4096 2313584 
4096 2018536 
4096 6100223 
4096 3091313 
4096 2408009 
4096 4979474 
4096 7698959 
4096 5189048 
4096 4565760 
4096 2705343 
4096 5090008 
4096 5073734 
4096 5049953 
4096 7882410 
4096 3896496 
4096 2547427 
4096 4381341 
4096 6644050 
4096 3483574 
4096 6884330 
4096 1567455 
4096 4810984 
4096 3139557 
4096 7211625 
4096 4524496 
4096 2909632 
4096 7316015 
4096 5816837 
4096 2262034 
4096 4650768 
4096 4848550 
4096 3028574 
4096 4473997 
4096 2940096 
4096 7189213 
4096 4373250 
4096 2767586 
4096 2380460 
4096 7366278 
4096 5025130 
4096 5388437 
4096 2822517 
4096 3991624 
4096 3009758 
4096 2810738 
4096 6511732 
4096 4045573 
4096 3182792 
4096 2053506 
4096 3104567 
4096 3820029 
4096 3411495 
4096 4315299 
4096 3043323 
4096 6319179 
4096 4376871 
4096 4491500 
4096 2883855 
4096 4430676 
4096 4425476 
4096 4841331 
4096 1771672 
4096 4558172 
4096 4360108 
4096 2258325 
4096 5848709 
4096 2085894 
4096 3175471 
4096 2445395 
4096 6083935 
4096 6567962 
4096 3698147 
4096 5148194 
4096 5423549 
4096 8718098 
4096 4398077 
4096 2950226 
4096 4118247 
4096 7351373 
4096 4043816 
4096 2484362 
4096 6343614 
4096 2992491 
4096 3104929 
4096 4010178 
4096 5966554 
4096 5116734 
4096 3365366 
4096 3880839 
4096 4215424 
4096 3222101 
4096 3435986 
4096 6283548 
4096 8839140 
4096 3075956 
4096 5664833 
4096 3426240 
4096 2166085 
4096 7561196 
4096 3158199 
4096 6714646 
4096 5525491 
4096 2927419 
4096 2754411 
4096 4234667 
4096 3309364 
4096 4570626 
4096 4959701 
4096 4471105 
4096 4611022 
4096 3259126 
4096 5154461 
4096 4880997 
4096 5115049 
4096 6582392 
4096 3264766 
4096 3579473 
4096 4843783 
4096 4576889 
4096 5369695 
4096 6157589 
4096 4781614 
4096 2507391 
4096 2567443 
4096 4991326 
4096 4308975 
4096 3370593 
4096 3247356 
4096 8403400 
4096 2841885 
4096 4550921 
4096 2777412 
4096 3381297 
4096 2340150 
4096 4505031 
4096 4851334 
4096 6115692 
4096 2659118 
4096 5018075 
4096 4911261 
4096 2747004 
4096 4545531 
4096 4728848 
4096 2984886 
4096 4637161 
4096 3669362 
4096 6368690 
4096 5343186 
4096 3734796 
4096 3203336 
4096 3905605 
4096 4132468 
4096 2496129 
4096 2615940 
4096 3064577 
4096 2240434 
4096 3025571 
4096 6192805 
4096 7046725 
4096 4692102 
4096 4894262 
4096 2985081 
4096 1596934 
4096 1957063 
4096 4396381 
4096 5095430 
4096 3322180 
4096 5980506 
4096 4336045 
4096 3029196 
4096 4246118 
4096 5659825 
4096 6176399 
4096 3629671 
4096 3778405 
4096 2685061 
4096 3135167 
4096 4118062 
4096 4542245 
4096 2723294 
4096 4199902 
4096 4327244 
4096 4981938 
4096 3446476 
4096 3840825 
4096 5956732 
4096 3846187 
4096 6299568 
4096 4850570 
4096 5324404 
4096 5605235 
4096 3253445 
4096 6314023 
4096 5173023 
4096 8870258 
4096 5956930 
4096 3286126 
4096 3472505 
4096 4604149 
4096 3671490 
4096 2429493 
4096 4718143 
4096 3442511 
4096 2144927 
4096 3633616 
4096 2943088 
4096 1951808 
4096 4070477 
4096 4236486 
4096 9303420 
4096 4549126 
4096 7248771 
4096 3487752 
4096 5145239 
4096 3094992 
4096 6596129 
4096 1765398 
4096 5365532 
4096 3933597 
4096 2391020 
4096 6064995 
4096 4404703 
4096 4597706 
4096 4431827 
4096 3131806 
4096 4664110 
4096 6701357 
4096 4322544 
4096 8604522 
4096 2376444 
4096 6737248 
4096 3930356 
4096 2616218 
4096 5198704 
4096 4335338 
4096 3096042 
4096 4019473 
4096 8413887 
4096 4211125 
4096 3950604 
4096 4409777 
4096 3550602 
4096 3997382 
4096 2467354 
4096 5567477 
4096 3453044 
4096 4716909 
4096 2841205 
4096 4620951 
4096 3849465 
4096 11102921 
4096 5406115 
4096 3325256 
4096 6924228 
4096 3468531 
4096 1139439 
4096 4065419 
4096 3659329 
4096 6212420 
4096 3962076 
4096 7065091 
4096 5483573 
4096 4652407 
4096 3384042 
4096 2766995 
4096 3039634 
4096 3023127 
4096 11401107 
4096 2753625 
4096 3725778 
4096 3555770 
4096 4021734 
4096 2670017 
4096 2856917 
4096 4266413 
4096 8204220 
4096 7984412 
4096 5092891 
4096 7783511 
4096 4144985 
4096 4047799 
4096 5002128 
4096 4680188 
4096 3579608 
4096 2389897 
4096 4582390 
4096 4938035 
4096 3537110 
4096 2093736 
4096 5639841 
4096 2946787 
4096 5035262 
4096 4434477 
4096 5348665 
4096 4583472 
4096 4729246 
4096 3258888 
4096 10091829 
4096 4768073 
4096 6493002 
4096 3485438 
4096 3801918 
4096 5392299 
4096 2170428 
4096 6863235 
4096 7410284 
4096 3196396 
4096 7036728 
4096 5841889 
4096 2740880 
4096 4811913 
4096 3973012 
4096 3216980 
4096 6428483 
4096 3690088 
4096 3026387 
4096 3622099 
4096 4976702 
4096 4303128 
4096 4126534 
4096 3146140 
4096 2840588 
4096 2077986 
4096 5749167 
4096 6333693 
4096 5175712 
4096 4241472 
4096 4442593 
4096 7521523 
4096 4310505 
4096 2552693 
4096 4252677 
4096 3025091 
4096 6292705 
4096 2684449 
4096 3214939 
4096 4957051 
4096 3807513 
4096 6620766 
4096 2630667 
4096 5238670 
4096 5722927 
4096 5015205 
4096 3081761 
4096 5309538 
4096 4435991 
4096 6393042 
4096 4618265 
4096 6319202 
4096 3027890 
4096 2849931 
4096 3524339 
4096 5430734 
4096 1877814 
4096 2938535 
4096 7060985 
4096 6289903 
4096 2584959 
4096 2578084 
4096 4454408 
4096 3254175 
4096 5287591 
4096 3169553 
4096 2979432 
4096 3282820 
4096 2373258 
4096 8157864 
4096 4408037 
4096 4410788 
4096 2386410 
4096 2548397 
4096 3710085 
4096 3556922 
4096 2868885 
4096 3267819 
4096 7861167 
4096 5217339 
4096 3352233 
4096 6327337 
4096 8406415 
4096 3261389 
4096 5144338 
4096 3331594 
4096 2783576 
4096 1272412 
4096 4132881 
4096 4213578 
4096 3685461 
4096 6268866 
4096 3337509 
4096 3576581 
4096 7759967 
4096 4097750 
4096 7313167 
4096 3151010 
4096 2473560 
4096 4295401 
4096 4553893 
4096 2087597 
4096 3818337 
4096 4552870 
4096 3279697 
4096 5525881 
4096 5033634 
4096 3157403 
4096 4685447 
4096 5340637 
4096 4489642 
4096 4192570 
4096 4028492 
4096 5377130 
4096 6738030 
4096 4649907 
4096 3415440 
4096 3778032 
4096 5269308 
4096 4426267 
4096 4709426 
4096 3212356 
4096 2167222 
4096 1407311 
4096 6123124 
4096 3342375 
4096 2151309 
4096 6170878 
4096 6760661 
4096 3122564 
4096 5833836 
4096 3172498 
4096 6365414 
4096 4557937 
4096 2641726 
4096 2553586 
4096 5129566 
4096 4670598 
4096 2523618 
4096 4650469 
4096 3431472 
4096 5793177 
4096 4796457 
4096 5314962 
4096 3334852 
4096 4617500 
4096 2560443 
4096 4673231 
4096 3102037 
4096 6207390 
4096 4630072 
4096 2637102 
4096 1948734 
4096 4163239 
4096 9702098 
4096 7186269 
4096 6818567 
4096 6094590 
4096 6703329 
4096 4089383 
4096 3155124 
4096 4406199 
4096 4018002 
4096 4405315 
4096 5170399 
4096 4015236 
4096 5827065 
4096 4636376 
4096 3061021 
4096 2407296 
4096 3125738 
4096 6765453 
4096 6378124 
4096 2796393 
4096 4157243 
4096 4096210 
4096 2904696 
4096 3368204 
4096 4648488 
4096 4132756 
4096 3876416 
4096 4584541 
4096 2288745 
4096 4211787 
4096 9606162 
4096 4302728 
4096 2415896 
4096 6261536 
4096 4032226 
4096 6385555 
4096 3310823 
4096 2847336 
4096 6436905 
4096 4095905 
4096 4511349 
4096 6027253 
4096 6545533 
4096 6656125 
4096 2962658 
4096 3001286 
4096 5218712 
4096 6069295 
4096 3122092 
4096 2249083 
4096 4087893 
4096 4232385 
4096 4459852 
4096 4422886 
4096 3356224 
4096 7028858 
4096 3593731 
4096 5604784 
4096 3187857 
4096 4206701 
4096 2329638 
4096 4123201 
4096 2730857 
4096 2559365 
4096 7834166 
4096 3765135 
4096 3112714 
4096 8564486 
4096 3497924 
4096 6486976 
4096 3510777 
4096 4177794 
4096 3360685 
4096 3804592 
4096 3988400 
4096 2809175 
4096 3073006 
4096 1928106 
4096 4798353 
4096 4371085 
4096 4028336 
4096 2854573 
4096 4057844 
4096 4798581 
4096 1937466 
4096 1452170 
4096 3686920 
4096 5334830 
4096 8752082 
4096 6677004 
4096 4933366 
4096 5153220 
4096 3901346 
4096 3984722 
4096 5379551 
4096 9477341 
4096 6784612 
4096 4785317 
4096 4466650 
4096 4654673 
4096 3226305 
4096 9490544 
4096 6742590 
4096 6432463 
4096 2697457 
4096 3617094 
4096 4667164 
4096 5261257 
4096 3744366 
4096 5122820 
4096 6846346 
4096 3630272 
4096 3450604 
4096 4972230 
4096 4010317 
4096 5256198 
4096 2519402 
4096 4992987 
4096 4101413 
4096 6037395 
4096 5063098 
4096 4593871 
4096 5215243 
4096 1765081 
4096 3023732 
4096 3771769 
4096 4584103 
4096 4171123 
4096 2419199 
4096 6209851 
4096 6135488 
4096 1972132 
4096 6669822 
4096 6524534 
4096 4435860 
4096 4352527 
4096 5411559 
4096 2936851 
4096 6292925 
4096 3541596 
4096 3573006 
4096 4874038 
4096 4318274 
4096 2759825 
4096 8214212 
4096 2450221 
4096 3847920 
4096 5607044 
4096 3845683 
4096 4935782 
4096 4220946 
4096 3024528 
4096 4235365 
4096 4160117 
4096 4222774 
4096 3464506 
4096 4034427 
4096 4317835 
4096 5109565 
4096 4195186 
4096 2518809 
4096 2751792 
4096 3634085 
4096 3354671 
4096 2922500 
4096 2525649 
4096 2164901 
4096 5169815 
4096 4880193 
4096 4284272 
4096 5758226 
4096 6093326 
4096 4346583 
4096 4285279 
4096 4425140 
4096 4581300 
4096 3167125 
4096 5322222 
4096 7738432 
4096 5342211 
4096 3639245 
4096 5006540 
4096 4574077 
4096 3746679 
4096 4156306 
4096 4204034 
4096 3130229 
4096 6665391 
4096 2459841 
4096 4109108 
4096 7700702 
4096 6173246 
4096 7076141 
4096 3823418 
4096 6928857 
4096 3703296 
4096 6126619 
4096 3060333 
4096 2710974 
4096 2319568 
4096 5179925 
4096 3865583 
4096 4849576 
4096 5635616 
4096 2914226 
4096 4229329 
4096 2187154 
4096 3191589 
4096 2947674 
4096 2577767 
4096 4114521 
4096 2656835 
4096 3835963 
4096 3881807 
4096 5415179 
4096 3867536 
4096 6512549 
4096 4566904 
4096 3573792 
4096 5637272 
4096 4729125 
