256 2968274 
256 5275980 
256 5636996 
256 3045789 
256 3221913 
256 2949015 
256 2945855 
256 2675523 
256 5060811 
256 6965239 
256 5905445 
256 4989961 
256 4459822 
256 4376023 
256 6919770 
256 3647581 
256 8112249 
256 4735162 
256 6912183 
256 3377306 
256 6167000 
256 9136398 
256 7160181 
256 6786965 
256 4876269 
256 3021450 
256 2149136 
256 6188185 
256 8531979 
256 7239191 
256 3012887 
256 7611684 
256 4372924 
256 8039063 
256 4738748 
256 3055746 
256 7108459 
256 3221476 
256 5153189 
256 1986895 
256 2975773 
256 3327750 
256 4922505 
256 6783837 
256 4458156 
256 5108710 
256 5175502 
256 5190955 
256 1284485 
256 10460787 
256 6163780 
256 2454738 
256 2297491 
256 4323391 
256 2842943 
256 4899648 
256 3665694 
256 4348086 
256 3394878 
256 6730832 
256 4266858 
256 8107729 
256 6198342 
256 7126551 
256 4975093 
256 4091412 
256 2590367 
256 3747987 
256 3049987 
256 5417135 
256 2845507 
256 4448072 
256 2209782 
256 2986660 
256 4081021 
256 2738694 
256 4910011 
256 4984797 
256 2850604 
256 2139588 
256 5412501 
256 4939624 
256 5117324 
256 7504020 
256 4180629 
256 3251178 
256 2931914 
256 2849528 
256 3064138 
256 6554851 
256 6811668 
256 4679121 
256 4514199 
256 6722676 
256 4550408 
256 4221966 
256 6409517 
256 7398254 
256 5344466 
256 4269248 
256 4113793 
256 4512088 
256 4660638 
256 6588931 
256 3714600 
256 3079044 
256 5009633 
256 6639432 
256 2938275 
256 2742837 
256 5350572 
256 2059805 
256 3096849 
256 4243714 
256 5342393 
256 3397857 
256 5335736 
256 5421119 
256 4985960 
256 2652713 
256 4776739 
256 6442796 
256 3668600 
256 5039396 
256 2982963 
256 4656718 
256 2651400 
256 5590480 
256 3798604 
256 3201886 
256 3232748 
256 7066853 
256 5075661 
256 4182138 
256 4345254 
256 3239502 
256 7612409 
256 6531621 
256 7654353 
256 4357492 
256 3304206 
256 3023078 
256 6587971 
256 6205085 
256 3692158 
256 2477995 
256 4668820 
256 6399550 
256 4859639 
256 1841165 
256 6268255 
256 5396206 
256 5232049 
256 7522756 
256 4871796 
256 5278537 
256 3108366 
256 2822636 
256 2889620 
256 1984095 
256 4779232 
256 4081873 
256 3590894 
256 6118324 
256 4185588 
256 2116318 
256 6761127 
256 4668554 
256 4748329 
256 6052398 
256 3122172 
256 7072374 
256 3225533 
256 5334026 
256 5056209 
256 7048457 
256 4954058 
256 5333006 
256 4636076 
256 3492015 
256 4657132 
256 5057082 
256 3273757 
256 6460416 
256 3824735 
256 2303400 
256 4850899 
256 4768256 
256 6008874 
256 4435935 
256 2723267 
256 4685719 
256 6214678 
256 2135227 
256 6434377 
256 4487863 
256 3475453 
256 7281770 
256 5260167 
256 2090231 
256 4684418 
256 5014798 
256 4366765 
256 4852550 
256 6373458 
256 4345911 
256 5867650 
256 3845759 
256 3120451 
256 7022928 
256 3323225 
256 3426982 
256 6269855 
256 3339276 
256 2560079 
256 7614145 
256 1749734 
256 3122970 
256 6544551 
256 2921305 
256 5541742 
256 8671010 
256 3966963 
256 2707504 
256 4064526 
256 4337804 
256 3562071 
256 5606201 
256 5204474 
256 2903963 
256 4425196 
256 5392757 
256 4459464 
256 4345521 
256 4092075 
256 3842977 
256 2720336 
256 2903396 
256 3210287 
256 2917833 
256 3373307 
256 4610713 
256 4750781 
256 2487577 
256 3129704 
256 6859545 
256 4727241 
256 4947252 
256 3194783 
256 3679384 
256 1993395 
256 3696559 
256 6166225 
256 4280937 
256 2557755 
256 3372619 
256 3136201 
256 5051330 
256 2717170 
256 2816860 
256 3795035 
256 2452371 
256 7185064 
256 6077821 
256 2628220 
256 4310276 
256 3172890 
256 3643129 
256 2559335 
256 4533436 
256 4148372 
256 2557282 
256 6529818 
256 2992342 
256 1950044 
256 2837927 
256 4493310 
256 6742202 
256 4545773 
256 4162908 
256 5200204 
256 4644017 
256 7067679 
256 4720681 
256 4548014 
256 4457780 
256 3899053 
256 2430445 
256 5237293 
256 8791324 
256 3645447 
256 2966711 
256 2707172 
256 3434122 
256 4932009 
256 3368593 
256 4091811 
256 3432618 
256 4706287 
256 4725761 
256 5722613 
256 3239160 
256 2576654 
256 4372280 
256 6147043 
256 4517826 
256 3289522 
256 2674896 
256 6950849 
256 5116789 
256 6976694 
256 6019632 
256 3624784 
256 1890592 
256 4103662 
256 7692041 
256 6564615 
256 3386566 
256 6870474 
256 6518248 
256 3740881 
256 8346771 
256 5325829 
256 4487064 
256 4370226 
256 3566185 
256 2410321 
256 4707290 
256 2683268 
256 1926517 
256 5323838 
256 3216388 
256 2364302 
256 4726593 
256 8599597 
256 5335156 
256 4648509 
256 2939068 
256 4962448 
256 4908836 
256 5531165 
256 8221137 
256 3960520 
256 2614767 
256 5462598 
256 5099805 
256 4318526 
256 5738569 
256 1506533 
256 4610008 
256 2453610 
256 6623322 
256 4580178 
256 3084812 
256 6398456 
256 5041534 
256 2705904 
256 4591855 
256 4692984 
256 2770565 
256 5078764 
256 3138688 
256 7175947 
256 4081677 
256 2634443 
256 2322289 
256 7453367 
256 4852378 
256 4887220 
256 2760068 
256 4233918 
256 2926675 
256 2676841 
256 6773482 
256 3969887 
256 3057981 
256 1997184 
256 2974428 
256 4281882 
256 3337213 
256 4306000 
256 3600672 
256 6997195 
256 4792663 
256 4386152 
256 3159980 
256 4800152 
256 3491773 
256 4452660 
256 1873661 
256 4505490 
256 3939108 
256 2488190 
256 5169247 
256 2080528 
256 3078500 
256 2679408 
256 6562173 
256 7152285 
256 3439492 
256 5171444 
256 5814436 
256 7889203 
256 3598372 
256 3183996 
256 3873220 
256 6808948 
256 3200942 
256 2479449 
256 6069492 
256 2961580 
256 2458376 
256 4721545 
256 6004697 
256 5467306 
256 3963662 
256 4057400 
256 3495366 
256 3575021 
256 2839707 
256 6737009 
256 9393330 
256 3727936 
256 4734863 
256 3229086 
256 2167486 
256 6941859 
256 3059429 
256 6611520 
256 6216031 
256 2785293 
256 2758439 
256 3942174 
256 3376166 
256 4122140 
256 4542503 
256 4736368 
256 3842388 
256 3702266 
256 5574133 
256 5207432 
256 5265093 
256 6397280 
256 3023686 
256 3692274 
256 5020687 
256 4910207 
256 5415718 
256 4950859 
256 3705271 
256 2437528 
256 2833990 
256 4981061 
256 3516965 
256 3569136 
256 2847488 
256 7585782 
256 2676667 
256 5206970 
256 2816324 
256 3596127 
256 2271428 
256 4384711 
256 4877733 
256 6195019 
256 2713389 
256 5255231 
256 5225327 
256 2792216 
256 3376957 
256 3744957 
256 2318192 
256 4454871 
256 3481663 
256 6345073 
256 5664881 
256 4380194 
256 3737205 
256 4654629 
256 4514208 
256 2451281 
256 2832104 
256 3163801 
256 2756274 
256 3118769 
256 6112089 
256 7071732 
256 5249722 
256 4465194 
256 2768149 
256 1534460 
256 2038077 
256 3728395 
256 5312395 
256 3307478 
256 5570939 
256 4244441 
256 3611154 
256 4590592 
256 6475004 
256 6709822 
256 3536548 
256 2679242 
256 2230159 
256 2890930 
256 4439714 
256 4360390 
256 2678127 
256 4548040 
256 4086850 
256 4554033 
256 3640436 
256 3933489 
256 5135743 
256 3918201 
256 5890233 
256 4647922 
256 5126656 
256 4316349 
256 3141243 
256 5055156 
256 4707375 
256 8014538 
256 6151953 
256 3129958 
256 3420688 
256 4626312 
256 3421295 
256 2373270 
256 5129220 
256 3442231 
256 2016660 
256 3508141 
256 3207620 
256 1779842 
256 4048503 
256 3254100 
256 9086563 
256 4425622 
256 6515761 
256 3263010 
256 5111904 
256 2919692 
256 6107776 
256 1815455 
256 5347118 
256 4302508 
256 2567085 
256 6849622 
256 4666987 
256 4396171 
256 3739949 
256 3229758 
256 4776262 
256 6503154 
256 4353239 
256 8514242 
256 2278027 
256 6600109 
256 3955802 
256 2836986 
256 5741269 
256 3473947 
256 3190684 
256 4079960 
256 7811889 
256 5077269 
256 4072344 
256 5059638 
256 3198864 
256 3633347 
256 2413296 
256 6607046 
256 4191472 
256 3749294 
256 2737808 
256 4459681 
256 4326409 
256 10208971 
256 5784283 
256 3674723 
256 6835968 
256 3665603 
256 1207248 
256 4037583 
256 3892850 
256 5682137 
256 3762168 
256 7482682 
256 5053539 
256 4597070 
256 3207419 
256 2410494 
256 3455067 
256 3005968 
256 11677251 
256 2734974 
256 3725511 
256 3907677 
256 4289164 
256 2693040 
256 3022304 
256 4717381 
256 7375424 
256 6985833 
256 5486827 
256 6898409 
256 4476123 
256 3494151 
256 4805663 
256 4226648 
256 3196735 
256 3053539 
256 4903216 
256 5051345 
256 3404634 
256 2085625 
256 5994824 
256 3021141 
256 5093287 
256 3827260 
256 4688322 
256 4168165 
256 4408547 
256 3333351 
256 9587186 
256 4631371 
256 5677195 
256 2592870 
256 4536168 
256 5837884 
256 2143861 
256 7180003 
256 6092349 
256 3302718 
256 6423379 
256 6106548 
256 3004727 
256 4059322 
256 3078265 
256 3045551 
256 5869280 
256 3508314 
256 2711268 
256 3434414 
256 5045760 
256 4992131 
256 4015355 
256 3918510 
256 3385195 
256 2155289 
256 5682493 
256 6438684 
256 5056819 
256 4819251 
256 4718792 
256 7640012 
256 5351933 
256 2365616 
256 4741709 
256 3170750 
256 6620243 
256 2506476 
256 3466526 
256 4539550 
256 3610714 
256 6725491 
256 2549834 
256 5172304 
256 5614897 
256 5048268 
256 2751473 
256 5364959 
256 4310662 
256 6242319 
256 4679402 
256 6937094 
256 3331206 
256 2806184 
256 3338125 
256 5305085 
256 2056880 
256 3212106 
256 7228920 
256 5316040 
256 3206936 
256 3269498 
256 4754630 
256 3484932 
256 5202506 
256 3397323 
256 3634883 
256 3323709 
256 2493140 
256 7861584 
256 4430264 
256 3915574 
256 2779129 
256 2602869 
256 4023570 
256 3837281 
256 2708580 
256 2971646 
256 6935879 
256 4929046 
256 3436801 
256 5822987 
256 8192152 
256 3432155 
256 5161491 
256 3215903 
256 2901634 
256 1386445 
256 4139490 
256 4788504 
256 3584412 
256 5705733 
256 3284898 
256 2572482 
256 6826140 
256 3994770 
256 6692781 
256 3522983 
256 2386011 
256 3542625 
256 4293443 
256 2060908 
256 3977819 
256 3488571 
256 2847492 
256 5535206 
256 4762579 
256 3239026 
256 4881925 
256 4605109 
256 4294344 
256 3903024 
256 3991820 
256 4304018 
256 5703094 
256 4582786 
256 3822297 
256 4089962 
256 5259713 
256 4530667 
256 4661630 
256 3878949 
256 2916160 
256 1526277 
256 6807687 
256 3549630 
256 2191457 
256 7353420 
256 6264683 
256 3097704 
256 5833538 
256 3367796 
256 6313965 
256 3620808 
256 2527938 
256 2651776 
256 4792663 
256 4929174 
256 2562255 
256 3370273 
256 3468665 
256 5510459 
256 4733363 
256 6422836 
256 3515799 
256 4452600 
256 2628907 
256 3867987 
256 2926602 
256 5799792 
256 4660728 
256 2561864 
256 1956252 
256 5085837 
256 8311931 
256 7787331 
256 5925965 
256 6968195 
256 7100834 
256 4171730 
256 3003725 
256 3494866 
256 3987155 
256 4266724 
256 5173964 
256 3607621 
256 6903020 
256 5154527 
256 2014472 
256 2276804 
256 2802508 
256 6789859 
256 5790936 
256 2919045 
256 4199100 
256 4227294 
256 2964402 
256 3304165 
256 4277263 
256 4000783 
256 3849424 
256 4749391 
256 2260170 
256 4850281 
256 8983858 
256 4122752 
256 2403007 
256 6749408 
256 3921155 
256 6252859 
256 3375039 
256 2936175 
256 6185076 
256 4013162 
256 5442661 
256 7214842 
256 6529946 
256 6743798 
256 3184404 
256 3148150 
256 6540248 
256 6864517 
256 4054350 
256 2094076 
256 3628038 
256 4440422 
256 4590008 
256 3735969 
256 3304439 
256 7030376 
256 3298892 
256 5337621 
256 2962551 
256 3746197 
256 2417297 
256 4758077 
256 2734934 
256 2691347 
256 7034787 
256 4170858 
256 2912516 
256 8852087 
256 3302694 
256 6657800 
256 3601316 
256 4261090 
256 3378040 
256 3505253 
256 4041564 
256 2678297 
256 3022006 
256 1794490 
256 4651327 
256 4248406 
256 3727872 
256 2898878 
256 5059019 
256 4738774 
256 1768930 
256 1238418 
256 3611589 
256 5017347 
256 7530518 
256 6970406 
256 4696375 
256 5152596 
256 3708350 
256 4579323 
256 5259089 
256 6054389 
256 5980328 
256 4916234 
256 3245691 
256 4377351 
256 3212072 
256 9078059 
256 6277285 
256 5678061 
256 2614821 
256 3773493 
256 4473184 
256 5876745 
256 3520044 
256 5199982 
256 5817252 
256 3672962 
256 3245520 
256 4757900 
256 4179429 
256 5057506 
256 2356713 
256 4977522 
256 4233626 
256 6294682 
256 4884806 
256 4633088 
256 4847144 
256 2239870 
256 3009837 
256 3941121 
256 3856666 
256 4107679 
256 2291763 
256 7275321 
256 5454227 
256 2240196 
256 6390654 
256 6135528 
256 5040637 
256 4641225 
256 5430561 
256 2796411 
256 7442131 
256 3404312 
256 3286614 
256 4838259 
256 3858650 
256 2769061 
256 9154249 
256 3055388 
256 4098238 
256 5626390 
256 3538714 
256 4704400 
256 4455905 
256 3041170 
256 4658381 
256 3710442 
256 4855106 
256 3713686 
256 3649871 
256 4299627 
256 5520263 
256 3721843 
256 2507940 
256 3094949 
256 3719059 
256 3721762 
256 3072155 
256 2570312 
256 2372737 
256 4913643 
256 4782935 
256 4062794 
256 3984668 
256 6148081 
256 4160284 
256 4399254 
256 4317329 
256 4392452 
256 2220402 
256 4887420 
256 8110023 
256 5809289 
256 3788936 
256 5591214 
256 3605935 
256 3903866 
256 4112703 
256 4272137 
256 2964493 
256 5783738 
256 2315759 
256 4533201 
256 6640303 
256 5289233 
256 6751385 
256 3706379 
256 6274594 
256 3777712 
256 5607472 
256 2938465 
256 2507045 
256 2434945 
256 4675140 
256 3735900 
256 5218956 
256 5377008 
256 2929958 
256 4900077 
256 2011051 
256 3556115 
256 3333418 
256 2881005 
256 3284772 
256 2227224 
256 3876404 
256 3254490 
256 5501960 
256 3638180 
256 6552222 
256 4953063 
256 3129196 
256 5022885 
256 4068556 
