16384 2780294 
16384 5246116 
16384 5412022 
16384 3071442 
16384 3634913 
16384 2851240 
16384 2872836 
16384 2534505 
16384 5328521 
16384 6932616 
16384 5305961 
16384 4894911 
16384 4999230 
16384 4768512 
16384 7208914 
16384 4709932 
16384 4670931 
16384 4776307 
16384 6240207 
16384 2796846 
16384 6628910 
16384 9028651 
16384 7299549 
16384 7128262 
16384 4993505 
16384 2574673 
16384 2309363 
16384 6417436 
16384 9431380 
16384 6522217 
16384 3121896 
16384 7611063 
16384 4034901 
16384 8614486 
16384 4043250 
16384 2872467 
16384 6585916 
16384 3116966 
16384 5335028 
16384 1945963 
16384 2607190 
16384 3547141 
16384 4312058 
16384 5909186 
16384 4802018 
16384 5067781 
16384 5232716 
16384 4401298 
16384 1703940 
16384 10093388 
16384 5737309 
16384 2517083 
16384 2356512 
16384 3653068 
16384 3248256 
16384 5200693 
16384 4031455 
16384 4090001 
16384 2501726 
16384 7291738 
16384 4446001 
16384 8282609 
16384 6478580 
16384 7087986 
16384 4924790 
16384 3728339 
16384 2756014 
16384 4285729 
16384 2514607 
16384 5071007 
16384 2737814 
16384 4121857 
16384 2266930 
16384 2759977 
16384 3742454 
16384 2639533 
16384 4595029 
16384 4809859 
16384 2367938 
16384 2015788 
16384 4804457 
16384 4588749 
16384 4523007 
16384 8601756 
16384 4598381 
16384 3300505 
16384 2219218 
16384 3125984 
16384 3194935 
16384 5648892 
16384 7134825 
16384 3826264 
16384 4393800 
16384 6759182 
16384 4549027 
16384 3381646 
16384 6140554 
16384 8155122 
16384 4070589 
16384 4152816 
16384 3752041 
16384 4319619 
16384 4833745 
16384 5740645 
16384 3718015 
16384 3096691 
16384 5206962 
16384 5975813 
16384 2593946 
16384 3718476 
16384 5903642 
16384 2618072 
16384 2689516 
16384 4296865 
16384 4735838 
16384 3518406 
16384 6369590 
16384 5069177 
16384 3853221 
16384 2858922 
16384 5543983 
16384 5574456 
16384 3294884 
16384 5267927 
16384 2834351 
16384 4522609 
16384 2669200 
16384 5352009 
16384 4052690 
16384 4215244 
16384 3571669 
16384 6748615 
16384 4088598 
16384 4514282 
16384 3827745 
16384 3306454 
16384 6438219 
16384 5981032 
16384 7541818 
16384 4116955 
16384 4274157 
16384 2533946 
16384 7308083 
16384 6163253 
16384 3490054 
16384 2762256 
16384 4326987 
16384 5636638 
16384 4991003 
16384 1831692 
16384 5861778 
16384 5022692 
16384 6389063 
16384 7226766 
16384 4400158 
16384 5335419 
16384 3357072 
16384 2783031 
16384 2569097 
16384 1952987 
16384 4608132 
16384 4485783 
16384 3243119 
16384 6553783 
16384 3620640 
16384 2002686 
16384 6549875 
16384 4590516 
16384 4787935 
16384 6360643 
16384 3165321 
16384 6019364 
16384 2935418 
16384 5279928 
16384 4395636 
16384 7562166 
16384 3803241 
16384 4716458 
16384 4394597 
16384 3643491 
16384 5048061 
16384 4143551 
16384 3192453 
16384 6616378 
16384 4033439 
16384 2460693 
16384 4940732 
16384 4120877 
16384 6178543 
16384 4374787 
16384 2734807 
16384 4835956 
16384 5541524 
16384 2101326 
16384 6278979 
16384 4713900 
16384 3427590 
16384 7355967 
16384 5851234 
16384 2011854 
16384 4828404 
16384 4625409 
16384 5497811 
16384 3949569 
16384 6504520 
16384 4621913 
16384 3353158 
16384 3918656 
16384 3199986 
16384 6821790 
16384 3326377 
16384 3225381 
16384 7115683 
16384 3318667 
16384 2512660 
16384 6935314 
16384 2042571 
16384 3200190 
16384 6768784 
16384 3201056 
16384 4211074 
16384 9441489 
16384 3581263 
16384 2595578 
16384 3794836 
16384 4641908 
16384 3714984 
16384 5717207 
16384 6101073 
16384 2940503 
16384 4551699 
16384 4887600 
16384 4911149 
16384 4189050 
16384 3674468 
16384 3950597 
16384 2706610 
16384 3911946 
16384 3234188 
16384 2432016 
16384 3444466 
16384 4498545 
16384 4839764 
16384 3249882 
16384 3705639 
16384 6507202 
16384 4592390 
16384 4879465 
16384 2519045 
16384 4674295 
16384 1885234 
16384 3447120 
16384 6335032 
16384 4300406 
16384 2466418 
16384 3604570 
16384 3176155 
16384 4339418 
16384 2941311 
16384 2903348 
16384 3844811 
16384 2248258 
16384 7047908 
16384 5505552 
16384 2292961 
16384 3863191 
16384 3267764 
16384 3835413 
16384 2727308 
16384 4455151 
16384 4139220 
16384 2235018 
16384 6711073 
16384 3388532 
16384 1897597 
16384 2989921 
16384 4314264 
16384 6968677 
16384 4323196 
16384 4463702 
16384 5068863 
16384 3779811 
16384 7042039 
16384 5028443 
16384 4781724 
16384 5567259 
16384 4264527 
16384 2165314 
16384 5108891 
16384 9721753 
16384 3659749 
16384 3438153 
16384 2343996 
16384 3520497 
16384 4716939 
16384 3302505 
16384 4105011 
16384 3616933 
16384 3816881 
16384 3891295 
16384 5174432 
16384 3432066 
16384 2689105 
16384 4534780 
16384 7742133 
16384 4205450 
16384 3250211 
16384 2818648 
16384 6342511 
16384 4011584 
16384 7267698 
16384 6384843 
16384 3588459 
16384 1785310 
16384 3815360 
16384 6869112 
16384 7363524 
16384 3315293 
16384 6070984 
16384 6487521 
16384 4591293 
16384 9040300 
16384 4968526 
16384 4510353 
16384 4422526 
16384 3422437 
16384 2538832 
16384 5006819 
16384 3174070 
16384 2022832 
16384 6112441 
16384 3020026 
16384 2396300 
16384 4064218 
16384 8964023 
16384 5143733 
16384 5331144 
16384 2720302 
16384 4694731 
16384 4702285 
16384 4762990 
16384 7659288 
16384 4897479 
16384 2583369 
16384 4521993 
16384 5070577 
16384 3663298 
16384 6594393 
16384 1484161 
16384 4520413 
16384 2362114 
16384 6565146 
16384 4579629 
16384 2982118 
16384 7456172 
16384 6126588 
16384 2369002 
16384 4462419 
16384 4573914 
16384 2690489 
16384 4661734 
16384 2991868 
16384 6258143 
16384 4088085 
16384 2872056 
16384 2444096 
16384 6488076 
16384 5596408 
16384 5751320 
16384 2737214 
16384 3958842 
16384 2920088 
16384 2721239 
16384 6220262 
16384 4866418 
16384 3197271 
16384 2000935 
16384 3095950 
16384 3741000 
16384 3504315 
16384 3957426 
16384 3181497 
16384 6066430 
16384 4385968 
16384 4367917 
16384 2812442 
16384 4640625 
16384 3491679 
16384 4688285 
16384 1781610 
16384 4481146 
16384 4230240 
16384 2199218 
16384 5189948 
16384 2066218 
16384 2940131 
16384 2479820 
16384 7219093 
16384 6360048 
16384 3566049 
16384 6041690 
16384 6149444 
16384 8354565 
16384 3626128 
16384 2976550 
16384 3916855 
16384 7046262 
16384 3711263 
16384 2493946 
16384 6127731 
16384 2368106 
16384 2379906 
16384 4123625 
16384 6097452 
16384 5197829 
16384 3271161 
16384 3583492 
16384 3548737 
16384 3170911 
16384 2835421 
16384 6569959 
16384 9982430 
16384 3213351 
16384 4754794 
16384 3111953 
16384 2092529 
16384 6892540 
16384 3178649 
16384 6517518 
16384 6560361 
16384 3013334 
16384 2833907 
16384 3453013 
16384 3305433 
16384 4302343 
16384 4472141 
16384 5078546 
16384 3984541 
16384 3097619 
16384 5131853 
16384 5194534 
16384 5186361 
16384 6302308 
16384 3146587 
16384 4652071 
16384 5734770 
16384 3888842 
16384 5845946 
16384 6094526 
16384 4063225 
16384 2617609 
16384 2779230 
16384 5952709 
16384 3589007 
16384 3507259 
16384 3042533 
16384 7747991 
16384 2834915 
16384 5193607 
16384 2784516 
16384 3484680 
16384 2409576 
16384 4380419 
16384 4752911 
16384 6147008 
16384 2804564 
16384 5056566 
16384 5147269 
16384 2745207 
16384 4299547 
16384 3825051 
16384 2242673 
16384 4521767 
16384 3411109 
16384 5889806 
16384 6405738 
16384 3654721 
16384 3322247 
16384 3820612 
16384 4025307 
16384 2375321 
16384 2476154 
16384 3295928 
16384 2405466 
16384 3178441 
16384 5761811 
16384 6291865 
16384 4771412 
16384 4939378 
16384 2814228 
16384 1561477 
16384 2047183 
16384 3529195 
16384 5086478 
16384 3341779 
16384 5231562 
16384 4226034 
16384 3222146 
16384 5358961 
16384 6543706 
16384 6873284 
16384 4197462 
16384 2709526 
16384 2237201 
16384 3222513 
16384 4180519 
16384 4367157 
16384 2595606 
16384 4243896 
16384 4021442 
16384 4771926 
16384 3391040 
16384 3643098 
16384 5341609 
16384 4645756 
16384 5797297 
16384 4552250 
16384 5243333 
16384 5358195 
16384 3275371 
16384 5347965 
16384 5795199 
16384 8482882 
16384 5890976 
16384 2956756 
16384 3453048 
16384 4443799 
16384 3564089 
16384 3139271 
16384 4099393 
16384 3374993 
16384 2210114 
16384 4254929 
16384 3043875 
16384 2161475 
16384 4092715 
16384 3269469 
16384 8652698 
16384 4694082 
16384 7414827 
16384 3378643 
16384 5104340 
16384 2965733 
16384 6338288 
16384 1703746 
16384 5353045 
16384 3901013 
16384 2315219 
16384 6000173 
16384 5431172 
16384 4396064 
16384 3752576 
16384 3257564 
16384 4719944 
16384 7182800 
16384 4455648 
16384 9067958 
16384 2395454 
16384 7601030 
16384 4107996 
16384 2875778 
16384 5559631 
16384 3528232 
16384 3080489 
16384 3978455 
16384 7591653 
16384 4068234 
16384 4132203 
16384 4050570 
16384 3346312 
16384 3734989 
16384 2361935 
16384 5564835 
16384 3454205 
16384 3793100 
16384 2635267 
16384 4372804 
16384 3817744 
16384 11667979 
16384 6328473 
16384 4221360 
16384 6765793 
16384 3679339 
16384 1098005 
16384 3699102 
16384 3794752 
16384 6885433 
16384 3641680 
16384 6932980 
16384 5100472 
16384 4618902 
16384 3477563 
16384 2627359 
16384 3171420 
16384 2951444 
16384 11091520 
16384 2699752 
16384 3890935 
16384 3702799 
16384 4172362 
16384 2734024 
16384 3201359 
16384 4373638 
16384 8612867 
16384 6901364 
16384 5252356 
16384 7295999 
16384 3785600 
16384 3803098 
16384 4635004 
16384 4644931 
16384 2685383 
16384 2410159 
16384 4676265 
16384 5110748 
16384 3297735 
16384 1964566 
16384 5344377 
16384 3025118 
16384 4911168 
16384 3723515 
16384 4589805 
16384 3867093 
16384 4522357 
16384 3364188 
16384 9562068 
16384 4142338 
16384 6566450 
16384 2547556 
16384 3874800 
16384 5157611 
16384 2215103 
16384 7142177 
16384 6318423 
16384 3339476 
16384 6538864 
16384 6104598 
16384 2621812 
16384 4871436 
16384 3102700 
16384 3051381 
16384 5950672 
16384 3592971 
16384 2930895 
16384 3539643 
16384 6132480 
16384 4697419 
16384 4216333 
16384 3374755 
16384 2942449 
16384 2049261 
16384 5859260 
16384 6565616 
16384 5038274 
16384 4037726 
16384 4411303 
16384 8379035 
16384 4434648 
16384 2398110 
16384 4361916 
16384 3086918 
16384 5969124 
16384 2560769 
16384 3158762 
16384 4724266 
16384 3800325 
16384 5790485 
16384 2673873 
16384 5261421 
16384 5595060 
16384 5096439 
16384 2966403 
16384 5435990 
16384 4181901 
16384 6981857 
16384 4720369 
16384 7587225 
16384 2959534 
16384 2852181 
16384 3236170 
16384 5436274 
16384 1883758 
16384 3049452 
16384 6211947 
16384 5361202 
16384 2673351 
16384 2623552 
16384 4474439 
16384 3146645 
16384 5267703 
16384 4130951 
16384 3120720 
16384 3864299 
16384 3150440 
16384 8967423 
16384 4552475 
16384 3745134 
16384 2396202 
16384 2481421 
16384 3760731 
16384 3341226 
16384 2420571 
16384 3149742 
16384 7145991 
16384 4901232 
16384 3204807 
16384 5938604 
16384 7498901 
16384 3011971 
16384 6097192 
16384 3359261 
16384 2856044 
16384 2128401 
16384 4123790 
16384 4233356 
16384 3705342 
16384 6231906 
16384 3350149 
16384 3400165 
16384 7557505 
16384 5125644 
16384 7562210 
16384 3146320 
16384 2286969 
16384 3535463 
16384 4458266 
16384 2060337 
16384 3782159 
16384 3526119 
16384 2496691 
16384 6552154 
16384 5363110 
16384 3190379 
16384 6544757 
16384 4567055 
16384 4676193 
16384 3555552 
16384 4196568 
16384 4366149 
16384 6531826 
16384 4719408 
16384 3595669 
16384 3658085 
16384 6195331 
16384 4453064 
16384 4572780 
16384 3307643 
16384 2907440 
16384 1336345 
16384 5782724 
16384 4070569 
16384 2169184 
16384 6290742 
16384 6525355 
16384 3042324 
16384 6673616 
16384 3258763 
16384 6340128 
16384 3886557 
16384 2516966 
16384 2496759 
16384 6107843 
16384 4737273 
16384 2678532 
16384 3648484 
16384 3578474 
16384 5317433 
16384 4653538 
16384 6279546 
16384 3427785 
16384 4353630 
16384 2650191 
16384 3880393 
16384 2973284 
16384 5972687 
16384 4621124 
16384 2553874 
16384 1983818 
16384 4263693 
16384 8456057 
16384 8407375 
16384 6248739 
16384 7102627 
16384 6323274 
16384 4225336 
16384 2957505 
16384 3607234 
16384 3925485 
16384 4110732 
16384 5219140 
16384 3236336 
16384 6769693 
16384 4534904 
16384 2898594 
16384 2409835 
16384 2922168 
16384 6901389 
16384 5800858 
16384 2801378 
16384 4251726 
16384 3868945 
16384 2945949 
16384 2967831 
16384 4430732 
16384 3947367 
16384 3671734 
16384 4783067 
16384 2308998 
16384 3941092 
16384 9838523 
16384 4406179 
16384 2222120 
16384 6129301 
16384 4069976 
16384 6238772 
16384 3326600 
16384 3050575 
16384 6122785 
16384 4064521 
16384 4775725 
16384 5712387 
16384 6465150 
16384 5888219 
16384 3129449 
16384 3191700 
16384 5601860 
16384 6655808 
16384 3225716 
16384 2155853 
16384 3903353 
16384 3881012 
16384 4702675 
16384 3939354 
16384 3053197 
16384 6076138 
16384 3378862 
16384 6008175 
16384 3140685 
16384 3993246 
16384 2161501 
16384 4055799 
16384 2775188 
16384 2529180 
16384 6900404 
16384 4677561 
16384 3029557 
16384 8150448 
16384 4248758 
16384 6567366 
16384 3655479 
16384 4235511 
16384 3185665 
16384 3826844 
16384 3950978 
16384 2687205 
16384 2922176 
16384 1888515 
16384 4773502 
16384 4273412 
16384 3797645 
16384 2930798 
16384 3970190 
16384 4482615 
16384 1730554 
16384 1361764 
16384 4632114 
16384 5081383 
16384 7953910 
16384 5813332 
16384 4817497 
16384 4932704 
16384 3712187 
16384 4826980 
16384 6145013 
16384 6756441 
16384 7031064 
16384 5780648 
16384 4344040 
16384 4609908 
16384 3182419 
16384 9638150 
16384 5759118 
16384 6357004 
16384 2556101 
16384 3641058 
16384 5718445 
16384 6309355 
16384 3544375 
16384 4443971 
16384 6059989 
16384 4364064 
16384 3310351 
16384 5940744 
16384 3973327 
16384 6251123 
16384 3122027 
16384 5819197 
16384 4971737 
16384 5839083 
16384 5162179 
16384 4900334 
16384 4750897 
16384 1900208 
16384 2919330 
16384 3617747 
16384 4183170 
16384 4479854 
16384 2315346 
16384 6185557 
16384 5137567 
16384 1911565 
16384 6512513 
16384 6057055 
16384 4507205 
16384 4274108 
16384 6453744 
16384 2739372 
16384 7151978 
16384 3493015 
16384 3344069 
16384 4495135 
16384 4099537 
16384 2876962 
16384 8846261 
16384 2517919 
16384 4157116 
16384 5815834 
16384 3738205 
16384 4828462 
16384 4414255 
16384 3151024 
16384 4074106 
16384 3438153 
16384 4362123 
16384 3313164 
16384 3943885 
16384 4426573 
16384 4728598 
16384 3942410 
16384 2406017 
16384 2652420 
16384 3617336 
16384 3388249 
16384 2895825 
16384 2606907 
16384 2211326 
16384 5303351 
16384 4739473 
16384 3948592 
16384 4077517 
16384 6009234 
16384 4475997 
16384 4297986 
16384 4129338 
16384 4452580 
16384 2224557 
16384 4955003 
16384 8679275 
16384 5923947 
16384 4434951 
16384 5201909 
16384 3714118 
16384 3768253 
16384 4537530 
16384 3794828 
16384 3295357 
16384 6145159 
16384 2565042 
16384 4052089 
16384 6834854 
16384 5422935 
16384 7521202 
16384 3479486 
16384 6794542 
16384 3877298 
16384 6226342 
16384 2848427 
16384 2672972 
16384 3081672 
16384 4458998 
16384 3977844 
16384 4966828 
16384 5091080 
16384 2991007 
16384 4389624 
16384 2216535 
16384 3369493 
16384 2960307 
16384 2416441 
16384 3322344 
16384 2536873 
16384 4810987 
16384 3201173 
16384 4928525 
16384 3685846 
16384 6500125 
16384 4632451 
16384 3346939 
16384 5220792 
16384 3800383 
