8192 2872525 
8192 5323336 
8192 5391207 
8192 3051769 
8192 3309166 
8192 2817485 
8192 2807992 
8192 2563081 
8192 5428555 
8192 6198264 
8192 6198481 
8192 4863247 
8192 4950665 
8192 4672627 
8192 5797354 
8192 3698567 
8192 4748781 
8192 4742599 
8192 7102199 
8192 2717204 
8192 6361398 
8192 8967120 
8192 7411783 
8192 8532307 
8192 5889633 
8192 3328175 
8192 2330072 
8192 6446137 
8192 7937109 
8192 6134898 
8192 3125495 
8192 8806202 
8192 4093622 
8192 8153259 
8192 3804039 
8192 2827193 
8192 6705647 
8192 3056462 
8192 5222325 
8192 1877790 
8192 2692678 
8192 3469481 
8192 4024509 
8192 7025296 
8192 3957339 
8192 5057408 
8192 5175409 
8192 4234319 
8192 1223513 
8192 8635249 
8192 6583935 
8192 2700829 
8192 2144534 
8192 4739386 
8192 2224358 
8192 5503929 
8192 4390423 
8192 3764742 
8192 3345846 
8192 6714535 
8192 4531878 
8192 7603928 
8192 6582427 
8192 6871989 
8192 5025200 
8192 3713241 
8192 2734948 
8192 3553529 
8192 3182706 
8192 5055122 
8192 2867314 
8192 4187245 
8192 3117819 
8192 3626118 
8192 3851009 
8192 2469724 
8192 4575085 
8192 3866795 
8192 2596232 
8192 2025355 
8192 6079539 
8192 4701823 
8192 4736570 
8192 6537270 
8192 3555767 
8192 3428106 
8192 2380504 
8192 3024367 
8192 3077571 
8192 6592546 
8192 8427449 
8192 3864179 
8192 4363617 
8192 5477124 
8192 4807266 
8192 3545645 
8192 7394502 
8192 6458115 
8192 4160555 
8192 4891929 
8192 4411860 
8192 5366613 
8192 5743076 
8192 11441079 
8192 4228984 
8192 3941515 
8192 4983473 
8192 7104189 
8192 2806305 
8192 2774635 
8192 5054339 
8192 1922539 
8192 3322589 
8192 4646755 
8192 4710566 
8192 3110481 
8192 6561398 
8192 4266253 
8192 4717869 
8192 3518722 
8192 4485843 
8192 6461411 
8192 3371318 
8192 5283241 
8192 2707546 
8192 4462028 
8192 2791044 
8192 4804013 
8192 3636379 
8192 4329693 
8192 3485149 
8192 5626590 
8192 4132906 
8192 3865232 
8192 3132413 
8192 3075522 
8192 6678759 
8192 5257556 
8192 6472889 
8192 4190574 
8192 3488056 
8192 5694074 
8192 6538155 
8192 5731044 
8192 3590037 
8192 3353948 
8192 4750720 
8192 5268447 
8192 4655829 
8192 1720973 
8192 6728590 
8192 5030965 
8192 6367294 
8192 6757308 
8192 4525661 
8192 5431683 
8192 4076626 
8192 2634659 
8192 3161704 
8192 1929308 
8192 4055612 
8192 3702924 
8192 4060920 
8192 6419582 
8192 3851548 
8192 2007670 
8192 6166612 
8192 4457572 
8192 5137101 
8192 5744050 
8192 3034857 
8192 6564878 
8192 2753881 
8192 6152533 
8192 4537683 
8192 8282596 
8192 4718018 
8192 3856053 
8192 4403534 
8192 3502777 
8192 4353502 
8192 4919904 
8192 3209257 
8192 12118355 
8192 3874892 
8192 2368698 
8192 4919682 
8192 4257785 
8192 5740105 
8192 4404713 
8192 2593837 
8192 5165189 
8192 5745312 
8192 1972222 
8192 5408169 
8192 4312859 
8192 3546884 
8192 7873671 
8192 5819608 
8192 2000722 
8192 3823042 
8192 4672916 
8192 4455240 
8192 4496897 
8192 5493575 
8192 5948609 
8192 3278202 
8192 4085289 
8192 3378527 
8192 6905529 
8192 3242083 
8192 3073449 
8192 6252426 
8192 3330244 
8192 2554599 
8192 6610303 
8192 1500289 
8192 3179778 
8192 7637101 
8192 3005558 
8192 4028289 
8192 9725778 
8192 4291416 
8192 2667711 
8192 4260941 
8192 5415995 
8192 3673201 
8192 6681773 
8192 5913373 
8192 3052901 
8192 4284814 
8192 4760471 
8192 4898852 
8192 5079938 
8192 4459548 
8192 3771420 
8192 2576461 
8192 2787735 
8192 3142254 
8192 2299670 
8192 3132742 
8192 4697686 
8192 4774328 
8192 2351449 
8192 3094942 
8192 7297648 
8192 5317269 
8192 5991704 
8192 2643349 
8192 4749821 
8192 1839275 
8192 3421236 
8192 5314328 
8192 4323726 
8192 3310649 
8192 4515970 
8192 2958271 
8192 3978019 
8192 2491206 
8192 3089597 
8192 3837876 
8192 2344537 
8192 7925578 
8192 5333092 
8192 2260194 
8192 3925895 
8192 3782079 
8192 3966743 
8192 2582937 
8192 4285484 
8192 3992942 
8192 2347230 
8192 6972322 
8192 3009574 
8192 1974374 
8192 2868837 
8192 4414527 
8192 6538140 
8192 5525032 
8192 4161942 
8192 4936750 
8192 4176866 
8192 6913778 
8192 5652704 
8192 4947358 
8192 4370746 
8192 4039783 
8192 2055317 
8192 5822130 
8192 9785254 
8192 3630870 
8192 3034724 
8192 4383306 
8192 3438626 
8192 4903407 
8192 3392550 
8192 4191869 
8192 3283984 
8192 4652071 
8192 3805252 
8192 4968325 
8192 3397876 
8192 2611828 
8192 5442536 
8192 6052499 
8192 4078426 
8192 3231866 
8192 2744564 
8192 6239708 
8192 4036061 
8192 6559503 
8192 6390831 
8192 3512500 
8192 1831384 
8192 3727343 
8192 7819313 
8192 6909221 
8192 3115048 
8192 7372318 
8192 5382377 
8192 4640452 
8192 7942589 
8192 6043109 
8192 4648499 
8192 4409335 
8192 3106660 
8192 2539306 
8192 5728405 
8192 2218912 
8192 1775093 
8192 6055897 
8192 2939084 
8192 2288022 
8192 4128660 
8192 7953837 
8192 5158949 
8192 4387374 
8192 2665462 
8192 4507070 
8192 4703031 
8192 4646129 
8192 8554830 
8192 4061577 
8192 2535897 
8192 5379834 
8192 5131149 
8192 4401865 
8192 5916364 
8192 1499626 
8192 5342261 
8192 2364551 
8192 9058419 
8192 4458408 
8192 2896378 
8192 6790560 
8192 5006488 
8192 2299678 
8192 4219128 
8192 3762577 
8192 2964890 
8192 5427345 
8192 3105737 
8192 8043272 
8192 4125922 
8192 2733603 
8192 2414786 
8192 6543958 
8192 5064289 
8192 5821654 
8192 2710295 
8192 4130483 
8192 2871451 
8192 2763283 
8192 6814269 
8192 3773802 
8192 2948935 
8192 2032522 
8192 3117574 
8192 4468649 
8192 4053355 
8192 4020264 
8192 3244412 
8192 6101466 
8192 4269529 
8192 5459284 
8192 2813201 
8192 4471571 
8192 3572759 
8192 4503045 
8192 1791908 
8192 4455490 
8192 5347803 
8192 2286024 
8192 5692855 
8192 2200746 
8192 2964218 
8192 2355317 
8192 6335880 
8192 6488793 
8192 4499438 
8192 5583902 
8192 5884028 
8192 8483929 
8192 3707563 
8192 2776397 
8192 3628207 
8192 8176046 
8192 3445086 
8192 2506438 
8192 6045937 
8192 3156837 
8192 2558464 
8192 4874818 
8192 5186011 
8192 4907030 
8192 3322609 
8192 3533050 
8192 3480855 
8192 2925729 
8192 2827473 
8192 6089509 
8192 9563591 
8192 3094401 
8192 5792321 
8192 3020376 
8192 2128391 
8192 7085482 
8192 3218648 
8192 6333553 
8192 6576964 
8192 3020535 
8192 2711194 
8192 3643836 
8192 3440779 
8192 4281016 
8192 4547917 
8192 4275344 
8192 3914063 
8192 3195953 
8192 5248820 
8192 4863533 
8192 6654087 
8192 6616171 
8192 3149024 
8192 3618429 
8192 4778802 
8192 3940248 
8192 5918886 
8192 5137208 
8192 4679836 
8192 2548830 
8192 2579669 
8192 4848948 
8192 3798599 
8192 3430091 
8192 3046253 
8192 7255233 
8192 2789655 
8192 5455104 
8192 2733022 
8192 3348088 
8192 2675119 
8192 4931117 
8192 4851620 
8192 6445511 
8192 2641281 
8192 5034857 
8192 6027066 
8192 2822164 
8192 4440248 
8192 3751172 
8192 2271345 
8192 4539803 
8192 3451819 
8192 5742902 
8192 7152562 
8192 3707017 
8192 3430978 
8192 3837098 
8192 4027732 
8192 2402817 
8192 2427755 
8192 3046296 
8192 2325669 
8192 3193328 
8192 5429260 
8192 6263125 
8192 4900398 
8192 4900875 
8192 2923726 
8192 1499416 
8192 2046398 
8192 4001082 
8192 5434654 
8192 3129025 
8192 5096708 
8192 4423843 
8192 3183680 
8192 4525076 
8192 6402689 
8192 5789847 
8192 3475904 
8192 2913083 
8192 2841354 
8192 3179082 
8192 4376610 
8192 4414935 
8192 2539800 
8192 5053180 
8192 3972307 
8192 4889696 
8192 4047660 
8192 4370609 
8192 6482213 
8192 3980931 
8192 6203809 
8192 4654005 
8192 5357726 
8192 4412347 
8192 3165201 
8192 4836578 
8192 4901680 
8192 8040287 
8192 6607972 
8192 2978230 
8192 3113579 
8192 4434001 
8192 3612464 
8192 2351357 
8192 4076877 
8192 3177563 
8192 2265017 
8192 3464968 
8192 3015000 
8192 1766869 
8192 3991376 
8192 3284640 
8192 8406781 
8192 4780548 
8192 6736245 
8192 3589791 
8192 4935826 
8192 3086204 
8192 6392596 
8192 1682125 
8192 6809547 
8192 3931809 
8192 2236895 
8192 5641022 
8192 4528164 
8192 4332454 
8192 3454590 
8192 3252571 
8192 4614379 
8192 6288225 
8192 4861170 
8192 8748614 
8192 2196901 
8192 6609764 
8192 4055937 
8192 2550466 
8192 5192301 
8192 3748222 
8192 2983684 
8192 4685771 
8192 8160878 
8192 4079517 
8192 4034341 
8192 4816722 
8192 3299867 
8192 3713630 
8192 2236416 
8192 5651492 
8192 3278444 
8192 3914044 
8192 2677828 
8192 4388948 
8192 4618543 
8192 10481861 
8192 5976939 
8192 4300575 
8192 7074627 
8192 3514441 
8192 1149731 
8192 3878301 
8192 3744426 
8192 5799527 
8192 3666856 
8192 7504798 
8192 5189868 
8192 4673622 
8192 3367709 
8192 2464516 
8192 3060153 
8192 2952353 
8192 11256876 
8192 2682608 
8192 4443263 
8192 3489310 
8192 4455720 
8192 2655796 
8192 3033593 
8192 4565516 
8192 7866653 
8192 7733936 
8192 5194253 
8192 7761581 
8192 3899228 
8192 3738597 
8192 4696628 
8192 3931219 
8192 3398265 
8192 2318476 
8192 4674051 
8192 6071628 
8192 3199084 
8192 2016376 
8192 6239842 
8192 3038352 
8192 5683589 
8192 3795911 
8192 4583709 
8192 3877954 
8192 4743519 
8192 3503330 
8192 9482095 
8192 3999672 
8192 5877853 
8192 2673858 
8192 3839282 
8192 4876533 
8192 2154516 
8192 6877591 
8192 7338767 
8192 3364295 
8192 7314355 
8192 5769701 
8192 2587690 
8192 4050321 
8192 2959122 
8192 2993270 
8192 6460962 
8192 3519088 
8192 2844489 
8192 3264617 
8192 5999233 
8192 4017893 
8192 4124472 
8192 3277795 
8192 3069136 
8192 2080323 
8192 5807837 
8192 5484426 
8192 4994367 
8192 4063787 
8192 4512195 
8192 7066955 
8192 4334055 
8192 2437310 
8192 4361898 
8192 3226288 
8192 6325833 
8192 2656120 
8192 3056216 
8192 7973571 
8192 3550319 
8192 5938897 
8192 2601679 
8192 5204470 
8192 5328374 
8192 5186763 
8192 2988848 
8192 5571725 
8192 3945396 
8192 6270623 
8192 4614235 
8192 6642580 
8192 2931852 
8192 2803523 
8192 3297782 
8192 5361301 
8192 1672228 
8192 3151827 
8192 6254767 
8192 5461203 
8192 2630933 
8192 2680329 
8192 4421258 
8192 3256176 
8192 6136628 
8192 3470009 
8192 3030815 
8192 3300450 
8192 3111486 
8192 7594372 
8192 4502262 
8192 3791857 
8192 2474241 
8192 2520443 
8192 3763757 
8192 3551654 
8192 2391532 
8192 3016780 
8192 8077981 
8192 5070535 
8192 3429470 
8192 6512134 
8192 8271385 
8192 3029031 
8192 5765334 
8192 3484812 
8192 2918813 
8192 1146328 
8192 5173538 
8192 4089225 
8192 4532022 
8192 6155539 
8192 3088504 
8192 2686352 
8192 6345918 
8192 4231653 
8192 7589848 
8192 3034019 
8192 2359817 
8192 3451614 
8192 4443813 
8192 2034194 
8192 3791495 
8192 4201289 
8192 2422604 
8192 5340843 
8192 5716926 
8192 3146833 
8192 4503697 
8192 4339505 
8192 4604383 
8192 3581802 
8192 4717004 
8192 4554286 
8192 6681780 
8192 4634601 
8192 3490252 
8192 4202219 
8192 5365087 
8192 4497179 
8192 4682761 
8192 3193413 
8192 2227709 
8192 1519618 
8192 5714109 
8192 3261540 
8192 2236934 
8192 6464042 
8192 7263002 
8192 3129519 
8192 6607866 
8192 3953928 
8192 6051436 
8192 4609237 
8192 2407904 
8192 2430817 
8192 6228863 
8192 5005729 
8192 2695125 
8192 3444729 
8192 3906271 
8192 5357688 
8192 4650347 
8192 6329457 
8192 3430828 
8192 4279288 
8192 2620819 
8192 3691785 
8192 2807011 
8192 6039514 
8192 4526355 
8192 2586891 
8192 2010089 
8192 4093931 
8192 9321763 
8192 8334723 
8192 5672249 
8192 7294167 
8192 6189444 
8192 4113598 
8192 3114461 
8192 3599265 
8192 4692924 
8192 4106488 
8192 5016353 
8192 3453539 
8192 6900796 
8192 4462005 
8192 2233484 
8192 2291761 
8192 3087233 
8192 7431653 
8192 6611358 
8192 2895731 
8192 4110609 
8192 4018625 
8192 2877338 
8192 2951259 
8192 5400967 
8192 3963133 
8192 3444194 
8192 4773490 
8192 2195591 
8192 4767896 
8192 9731975 
8192 4372114 
8192 2183085 
8192 6810164 
8192 3799327 
8192 5839191 
8192 3337216 
8192 3116396 
8192 6954582 
8192 3997764 
8192 4723050 
8192 5755603 
8192 6391444 
8192 6772652 
8192 3168682 
8192 3060864 
8192 5409545 
8192 6364157 
8192 3238434 
8192 2789670 
8192 4774631 
8192 4056684 
8192 4688953 
8192 3635629 
8192 2944932 
8192 6885160 
8192 3480398 
8192 4955908 
8192 3144259 
8192 4063074 
8192 2142669 
8192 4141557 
8192 2752941 
8192 2635327 
8192 6650335 
8192 3770924 
8192 3105165 
8192 9230051 
8192 3396796 
8192 6668848 
8192 3437341 
8192 4696459 
8192 2933128 
8192 4574146 
8192 4930166 
8192 2605782 
8192 3012011 
8192 1790891 
8192 4477485 
8192 4040109 
8192 3849048 
8192 2962330 
8192 4074712 
8192 4483422 
8192 1860416 
8192 1367740 
8192 3767576 
8192 4957939 
8192 9256890 
8192 6059443 
8192 5542908 
8192 4841520 
8192 3626838 
8192 4945303 
8192 5582862 
8192 6601379 
8192 5888439 
8192 4832041 
8192 3531111 
8192 4627870 
8192 3281425 
8192 9183947 
8192 5674427 
8192 6203969 
8192 2626022 
8192 4556314 
8192 4843438 
8192 6363161 
8192 3404332 
8192 4158087 
8192 5986788 
8192 3755088 
8192 4226724 
8192 5191390 
8192 4106047 
8192 5788784 
8192 3150661 
8192 4520720 
8192 4244454 
8192 5898711 
8192 5122167 
8192 4591847 
8192 4585560 
8192 1913991 
8192 2822902 
8192 4266246 
8192 3969223 
8192 4082437 
8192 2253231 
8192 6378139 
8192 4796681 
8192 1993608 
8192 7287553 
8192 5922456 
8192 4476051 
8192 4317179 
8192 5425834 
8192 2803997 
8192 7114018 
8192 3520377 
8192 3948616 
8192 4560901 
8192 3970529 
8192 2805262 
8192 8612300 
8192 2526964 
8192 4006147 
8192 5791848 
8192 3657012 
8192 4654090 
8192 5480737 
8192 2913847 
8192 3996376 
8192 3497177 
8192 4544618 
8192 3321909 
8192 3610733 
8192 4299930 
8192 4902523 
8192 4740492 
8192 3260438 
8192 2443002 
8192 3766330 
8192 3353675 
8192 2926872 
8192 2629541 
8192 2231482 
8192 6206144 
8192 4352656 
8192 4120100 
8192 4061325 
8192 5530512 
8192 4471178 
8192 4245236 
8192 4111049 
8192 4454691 
8192 2270234 
8192 4670092 
8192 9434431 
8192 5404611 
8192 3544298 
8192 5070617 
8192 3842485 
8192 4501072 
8192 4778779 
8192 3968508 
8192 3055623 
8192 7125137 
8192 2486910 
8192 5124303 
8192 7040496 
8192 5432881 
8192 6580911 
8192 3693766 
8192 6586775 
8192 4665925 
8192 5966131 
8192 2764901 
8192 2446808 
8192 2330245 
8192 4513115 
8192 4745943 
8192 4664105 
8192 6178937 
8192 2820005 
8192 4332381 
8192 2126803 
8192 3225741 
8192 3002261 
8192 3001030 
8192 3196862 
8192 2509558 
8192 4931291 
8192 4281572 
8192 6092907 
8192 3716583 
8192 6075646 
8192 5557756 
8192 3348875 
8192 5226653 
8192 3861419 
