64 2928428 
64 4842732 
64 4853769 
64 3159653 
64 3593527 
64 2794042 
64 2582794 
64 2905601 
64 5263656 
64 6449337 
64 5381142 
64 4980195 
64 4382621 
64 3817200 
64 6288100 
64 4264627 
64 4206343 
64 4358371 
64 6272416 
64 2940013 
64 6422076 
64 8306854 
64 7334427 
64 7129168 
64 5718837 
64 2610064 
64 2500872 
64 5571667 
64 8551646 
64 6571219 
64 3335801 
64 8016507 
64 4351576 
64 8245892 
64 4011214 
64 3146260 
64 5872688 
64 3256754 
64 5305957 
64 2313597 
64 2731885 
64 3517360 
64 4193816 
64 6436067 
64 4512637 
64 4700210 
64 5101118 
64 4629083 
64 1216316 
64 9683476 
64 5647393 
64 2874378 
64 1883316 
64 3969314 
64 2815000 
64 4476225 
64 3092930 
64 3880863 
64 2912695 
64 6418771 
64 4410134 
64 7319369 
64 5351060 
64 6257727 
64 4980804 
64 3397562 
64 2745992 
64 3911534 
64 2375946 
64 5132902 
64 3117541 
64 4004563 
64 2086469 
64 2923834 
64 4278065 
64 3124842 
64 3877920 
64 4016221 
64 2636280 
64 2131938 
64 5052507 
64 4782519 
64 4459686 
64 8135500 
64 3963823 
64 3365127 
64 2360047 
64 2897454 
64 3270580 
64 6104911 
64 6426566 
64 4506705 
64 4597586 
64 5888474 
64 4743926 
64 3709752 
64 6076662 
64 6358621 
64 4132731 
64 4181366 
64 4139373 
64 3817499 
64 4817194 
64 8043207 
64 4189084 
64 3001280 
64 5035543 
64 7253363 
64 2727386 
64 2914556 
64 6061144 
64 1937366 
64 3156730 
64 4466647 
64 4684302 
64 3186685 
64 5572482 
64 3880891 
64 3826628 
64 3405406 
64 5479847 
64 5791013 
64 3408073 
64 4070197 
64 2954820 
64 4539375 
64 3915655 
64 4890934 
64 3659838 
64 3424512 
64 3519296 
64 5594107 
64 4549912 
64 5761197 
64 3407565 
64 3086004 
64 6625218 
64 4908204 
64 6525204 
64 4092170 
64 3879074 
64 3204079 
64 6954937 
64 5935480 
64 3475290 
64 2496326 
64 4246710 
64 6072029 
64 4821761 
64 2192693 
64 5748463 
64 5284633 
64 5496721 
64 6873295 
64 4890776 
64 5015091 
64 3787787 
64 2850471 
64 2911389 
64 1343894 
64 3777481 
64 3816333 
64 3404819 
64 6342376 
64 4396482 
64 1995907 
64 6455239 
64 4432785 
64 5578139 
64 5262194 
64 3259413 
64 6602681 
64 3139141 
64 5058892 
64 4872874 
64 7453644 
64 3795323 
64 4550012 
64 4575682 
64 3729122 
64 4372403 
64 4746644 
64 3382864 
64 6529208 
64 3780183 
64 2753382 
64 4874227 
64 4777686 
64 5686518 
64 4402771 
64 3032743 
64 4737570 
64 5630493 
64 2333569 
64 5757328 
64 4636345 
64 3537601 
64 7270653 
64 5008882 
64 2301010 
64 4127472 
64 4650647 
64 5265342 
64 4204408 
64 5658255 
64 5160544 
64 3365751 
64 3689919 
64 3430650 
64 6730363 
64 2915455 
64 3150343 
64 6514396 
64 3733174 
64 2384248 
64 7319917 
64 1678305 
64 3332182 
64 6630288 
64 3176922 
64 4583548 
64 8110760 
64 4354466 
64 2949592 
64 3998890 
64 4301708 
64 3529620 
64 5890926 
64 5225133 
64 3170901 
64 4339608 
64 4958947 
64 4724393 
64 4513927 
64 3806075 
64 3664848 
64 2679325 
64 2389925 
64 3276299 
64 2980713 
64 3351949 
64 4605429 
64 4710572 
64 2784377 
64 3374286 
64 6562802 
64 4398987 
64 4756957 
64 2732025 
64 4380674 
64 2151455 
64 3603233 
64 5624802 
64 4723308 
64 2611547 
64 3592763 
64 3346211 
64 4757445 
64 2731675 
64 2793152 
64 3666692 
64 2300248 
64 7735661 
64 5664099 
64 2005688 
64 4038872 
64 3215459 
64 4275474 
64 2689495 
64 4360954 
64 3983767 
64 2789842 
64 6675099 
64 3119820 
64 2026695 
64 2831691 
64 4828534 
64 7141851 
64 4614179 
64 4678724 
64 5190611 
64 4346665 
64 5880631 
64 4552447 
64 4803822 
64 4482575 
64 4622729 
64 2498425 
64 5298083 
64 9075853 
64 4128765 
64 2911451 
64 2467307 
64 2746522 
64 4986534 
64 3370965 
64 4430754 
64 3533390 
64 4063222 
64 4279732 
64 5061257 
64 4249177 
64 2410742 
64 4458530 
64 6413498 
64 4640996 
64 3242612 
64 3019557 
64 6514739 
64 4613771 
64 7239521 
64 6567522 
64 3375857 
64 1970682 
64 3823316 
64 6897395 
64 7064641 
64 3224719 
64 7248881 
64 6388809 
64 3826569 
64 7823575 
64 5110186 
64 4749182 
64 4497515 
64 3145605 
64 2429971 
64 4885549 
64 1976130 
64 1717714 
64 5301115 
64 3701124 
64 2388297 
64 4025668 
64 8478406 
64 4732052 
64 4408877 
64 3020310 
64 4589183 
64 4833202 
64 4721571 
64 7623831 
64 4246748 
64 2880825 
64 4516338 
64 4816973 
64 3522606 
64 6078191 
64 1753898 
64 4592465 
64 2841634 
64 6730840 
64 5249706 
64 2982435 
64 6528364 
64 5051862 
64 2755830 
64 4399970 
64 4154953 
64 2827124 
64 4628372 
64 2685884 
64 6896800 
64 4206820 
64 2807709 
64 2571494 
64 6273508 
64 5083866 
64 6101222 
64 2713650 
64 3998284 
64 2966651 
64 2552984 
64 6184417 
64 4520609 
64 3146548 
64 2395907 
64 2965378 
64 3490061 
64 3751045 
64 4297732 
64 3486642 
64 6029137 
64 4472165 
64 4280230 
64 2436778 
64 4605158 
64 3722341 
64 4557422 
64 2139391 
64 5519232 
64 4348955 
64 2513154 
64 4688329 
64 2209706 
64 3101533 
64 2953311 
64 6333200 
64 5867748 
64 3569189 
64 4936989 
64 4522196 
64 7751795 
64 4357696 
64 3250081 
64 3826334 
64 6848950 
64 3574209 
64 2541735 
64 6246817 
64 2753668 
64 2365361 
64 4852594 
64 5336489 
64 5638827 
64 3263894 
64 3626167 
64 3511853 
64 3338080 
64 2998133 
64 6628182 
64 9509442 
64 3441584 
64 4769016 
64 3391558 
64 2344673 
64 7318944 
64 2965287 
64 6251383 
64 5989353 
64 2949600 
64 2797865 
64 3511475 
64 3305279 
64 4295623 
64 5212168 
64 4681459 
64 3836275 
64 3302143 
64 5310115 
64 6255674 
64 5612882 
64 7136423 
64 3058921 
64 3593911 
64 4747051 
64 4509208 
64 4987953 
64 5271878 
64 4148416 
64 2746403 
64 2718077 
64 4958309 
64 3307270 
64 3626018 
64 3263577 
64 7131334 
64 2874873 
64 4309683 
64 2748883 
64 3336280 
64 2443117 
64 4983818 
64 4835419 
64 6762378 
64 3134872 
64 5153119 
64 6207353 
64 2882611 
64 3384606 
64 4165100 
64 2643221 
64 5296854 
64 3384561 
64 5790311 
64 4793081 
64 3874694 
64 3759761 
64 3730700 
64 4058472 
64 2521492 
64 2571461 
64 3361300 
64 2773515 
64 3019688 
64 5662909 
64 6062482 
64 5088200 
64 4609568 
64 2912213 
64 1603102 
64 2043084 
64 3279146 
64 5215901 
64 3563804 
64 5189512 
64 4243337 
64 3071622 
64 4320205 
64 6183220 
64 5625872 
64 3848469 
64 2671434 
64 2408235 
64 3134450 
64 4221401 
64 4561839 
64 3086198 
64 4615393 
64 4131034 
64 5004856 
64 3432684 
64 5184823 
64 5267355 
64 3751446 
64 6191506 
64 4314040 
64 5209628 
64 5503272 
64 3678153 
64 5087730 
64 4768953 
64 8408649 
64 5550329 
64 3186837 
64 3840256 
64 4704529 
64 3956485 
64 2539942 
64 4765450 
64 3666549 
64 2308185 
64 3614859 
64 2992396 
64 1858632 
64 3913798 
64 3300084 
64 8543562 
64 4559368 
64 6828368 
64 3309721 
64 5044338 
64 3541497 
64 6537340 
64 1762154 
64 5377180 
64 3844973 
64 2565437 
64 6984798 
64 4654023 
64 4065742 
64 4135467 
64 3308337 
64 4614011 
64 6060367 
64 4331214 
64 8460753 
64 2434444 
64 6433759 
64 4709647 
64 2588158 
64 5220947 
64 3243699 
64 3246014 
64 3887521 
64 7769112 
64 4167441 
64 4140531 
64 4127578 
64 3474655 
64 4343016 
64 2513694 
64 5865004 
64 4490873 
64 3976005 
64 3114856 
64 4506238 
64 3983323 
64 10122111 
64 5479974 
64 4135789 
64 6928003 
64 4231686 
64 1320409 
64 3943298 
64 4196629 
64 6231750 
64 3644820 
64 6730853 
64 5317725 
64 5263112 
64 3399450 
64 2566747 
64 3166611 
64 2915556 
64 10919071 
64 2601203 
64 4005264 
64 4140457 
64 4347902 
64 2966955 
64 3073637 
64 4538411 
64 9169167 
64 7840850 
64 5534142 
64 6843484 
64 4042292 
64 3877128 
64 4388824 
64 4338033 
64 2826589 
64 2608668 
64 4819800 
64 4936551 
64 3286466 
64 2161512 
64 5076321 
64 3031684 
64 5259130 
64 3940471 
64 4576363 
64 4145657 
64 4672390 
64 3593876 
64 9585978 
64 4307872 
64 5895299 
64 2661193 
64 3921290 
64 5267555 
64 1883264 
64 6645195 
64 6783841 
64 3419656 
64 6275788 
64 5553480 
64 2479199 
64 4268036 
64 3083748 
64 3060300 
64 5830979 
64 3246834 
64 2902679 
64 3761848 
64 5169210 
64 4299513 
64 3389812 
64 3470731 
64 3129760 
64 2172399 
64 5732066 
64 7183862 
64 6102188 
64 4203907 
64 4874437 
64 7446992 
64 4819441 
64 2581307 
64 4183072 
64 2961755 
64 6490407 
64 2479688 
64 3178249 
64 5883173 
64 3644665 
64 6534349 
64 2659866 
64 4919799 
64 5388252 
64 5050005 
64 3251843 
64 5356520 
64 4046148 
64 6122636 
64 4554340 
64 6998295 
64 3350758 
64 2767243 
64 3870367 
64 5547100 
64 1914077 
64 3142396 
64 5914120 
64 5145531 
64 2668864 
64 2690878 
64 4828878 
64 3703875 
64 5055260 
64 3225236 
64 3180307 
64 3061895 
64 2566354 
64 7688738 
64 4792650 
64 3572906 
64 2644463 
64 2486037 
64 4391297 
64 3569734 
64 2544309 
64 2957025 
64 7216413 
64 4966402 
64 3341513 
64 5990128 
64 7250834 
64 3246699 
64 5552120 
64 3456973 
64 2952986 
64 1221408 
64 4138254 
64 4338169 
64 3737366 
64 5720135 
64 3395201 
64 2725758 
64 7008382 
64 4027447 
64 6983635 
64 3394548 
64 2518491 
64 3527062 
64 4604042 
64 2144348 
64 3584170 
64 3469113 
64 2466506 
64 5884223 
64 4991836 
64 3266278 
64 4903483 
64 4265862 
64 4634280 
64 3668977 
64 4495093 
64 4597620 
64 5805652 
64 4941270 
64 3515802 
64 3653838 
64 5898717 
64 4540666 
64 4875043 
64 3289346 
64 2280235 
64 1635840 
64 5789438 
64 3466751 
64 2264422 
64 6982085 
64 6072508 
64 3117675 
64 5744718 
64 3386106 
64 6273575 
64 3830910 
64 2770960 
64 2906080 
64 5023650 
64 4707479 
64 2695431 
64 3842065 
64 3466620 
64 5202492 
64 4709868 
64 5322704 
64 3782871 
64 4351160 
64 2560356 
64 3776686 
64 2919575 
64 5567039 
64 4410275 
64 2811938 
64 1957837 
64 3992367 
64 9153771 
64 8625925 
64 5648827 
64 5797807 
64 6631342 
64 4147472 
64 2889753 
64 3374201 
64 4104406 
64 4327702 
64 4824643 
64 3378522 
64 6096725 
64 4453980 
64 2291263 
64 2463409 
64 3424875 
64 7929522 
64 5961609 
64 3358312 
64 5021832 
64 3577758 
64 3559650 
64 3041072 
64 4215088 
64 3999267 
64 3768498 
64 4563146 
64 2281326 
64 4593333 
64 9282669 
64 4486224 
64 2459850 
64 6099013 
64 4213472 
64 6554199 
64 3322948 
64 3128187 
64 6438722 
64 4097639 
64 4880990 
64 6972644 
64 6674428 
64 6188484 
64 3045297 
64 3193269 
64 5377947 
64 6279794 
64 3855066 
64 2116831 
64 3877092 
64 3766153 
64 4800110 
64 3846419 
64 3113088 
64 6893298 
64 3528257 
64 4928891 
64 3148857 
64 4434494 
64 2076398 
64 4181392 
64 2766442 
64 2838447 
64 6788553 
64 3973955 
64 3165253 
64 8353925 
64 3583446 
64 6443239 
64 3387617 
64 4258683 
64 2925419 
64 3860793 
64 4203781 
64 2696245 
64 2939991 
64 1813405 
64 4959026 
64 4057806 
64 3835396 
64 2669910 
64 4031884 
64 4590624 
64 1749776 
64 1322315 
64 3814563 
64 5055198 
64 7650074 
64 6455859 
64 5143461 
64 5112125 
64 3259709 
64 4294545 
64 5250106 
64 5918480 
64 5846490 
64 4831380 
64 3288919 
64 4671653 
64 3381547 
64 10193300 
64 6121054 
64 5712407 
64 2743216 
64 4012312 
64 4596768 
64 4629928 
64 3363997 
64 4173949 
64 6090045 
64 3889915 
64 3394406 
64 5000422 
64 4245998 
64 5629923 
64 2473929 
64 4850503 
64 4270882 
64 5971389 
64 5065449 
64 4530495 
64 4132667 
64 1751084 
64 2803353 
64 3673562 
64 3902217 
64 4355784 
64 2545858 
64 6692596 
64 4712577 
64 2616250 
64 6632630 
64 6433068 
64 4725712 
64 4512514 
64 5564879 
64 2612588 
64 6276381 
64 3688825 
64 3083244 
64 4853797 
64 4005863 
64 2825739 
64 9326701 
64 2714554 
64 3998957 
64 5820116 
64 3697533 
64 4895303 
64 4332049 
64 3422044 
64 4041099 
64 3544774 
64 4316363 
64 3952457 
64 3568047 
64 4036827 
64 5033917 
64 4130802 
64 2287455 
64 2617065 
64 3818625 
64 3613218 
64 3005666 
64 2324402 
64 2703058 
64 5217126 
64 4762215 
64 4105609 
64 4364806 
64 5907394 
64 4587536 
64 4550829 
64 5049161 
64 4200768 
64 2551432 
64 5346869 
64 8426732 
64 5682818 
64 3712540 
64 5356606 
64 4150673 
64 4062253 
64 3864582 
64 3787062 
64 3110869 
64 5926742 
64 2515980 
64 3939158 
64 6970741 
64 5594400 
64 6539835 
64 3368428 
64 5957894 
64 3870827 
64 5298687 
64 2926199 
64 2560108 
64 2323807 
64 4282315 
64 4549220 
64 5021486 
64 5805301 
64 3063820 
64 4490717 
64 2091058 
64 3383853 
64 3342791 
64 2710757 
64 3043354 
64 2487436 
64 4284719 
64 3445706 
64 4944241 
64 3998981 
64 6522570 
64 5167221 
64 3435311 
64 5739864 
64 4008042 
