64 2619552 
64 4668654 
64 4399116 
64 2571446 
64 3298852 
64 2656358 
64 2699789 
64 2225075 
64 4922565 
64 5280778 
64 5068112 
64 4613732 
64 3380656 
64 3564182 
64 5709135 
64 3841356 
64 3215485 
64 3941613 
64 5733360 
64 2739314 
64 5588626 
64 7568232 
64 6855709 
64 7098855 
64 4162718 
64 2460466 
64 2317180 
64 4698650 
64 7717439 
64 6067945 
64 2774283 
64 7041677 
64 3751267 
64 7582270 
64 3675727 
64 2707713 
64 5205626 
64 2989554 
64 5210628 
64 2033550 
64 2603205 
64 5125476 
64 3687054 
64 5296345 
64 3710038 
64 3799156 
64 5086382 
64 4235922 
64 1056148 
64 8806375 
64 5567439 
64 2642766 
64 2637818 
64 3266341 
64 3292646 
64 4191480 
64 3024380 
64 3618152 
64 2353914 
64 5853108 
64 4540144 
64 7361786 
64 5191397 
64 6290479 
64 5403508 
64 3191465 
64 2600575 
64 3392583 
64 2245908 
64 4730930 
64 2659785 
64 4227679 
64 2308414 
64 2687361 
64 4001180 
64 2534740 
64 3390527 
64 3721530 
64 2319672 
64 1969057 
64 4513510 
64 4215538 
64 3949360 
64 6648619 
64 3775366 
64 3029959 
64 2406389 
64 2524476 
64 3337848 
64 5712985 
64 6539151 
64 4495918 
64 3935658 
64 6031442 
64 4679146 
64 3302729 
64 6235110 
64 7545881 
64 4052670 
64 3874251 
64 3561654 
64 4348012 
64 4407289 
64 5411835 
64 3612246 
64 3053399 
64 4614208 
64 6125291 
64 2446305 
64 2726394 
64 4564451 
64 1960790 
64 2717586 
64 4149849 
64 4900146 
64 3217577 
64 5361135 
64 4455974 
64 3620353 
64 2660097 
64 4350511 
64 5816318 
64 3138547 
64 4193950 
64 2723588 
64 3985967 
64 2524075 
64 4936309 
64 3736401 
64 2888714 
64 3052986 
64 6201870 
64 3861074 
64 3863018 
64 3179370 
64 2891767 
64 5549939 
64 5478948 
64 5951497 
64 3932584 
64 3376365 
64 2302501 
64 6834744 
64 4964777 
64 3310276 
64 1774261 
64 3702231 
64 5315710 
64 4407707 
64 1720010 
64 5502223 
64 4432756 
64 5267240 
64 5636996 
64 3899093 
64 4700602 
64 2967749 
64 2116956 
64 2596345 
64 1944036 
64 3306433 
64 3429175 
64 2906257 
64 5464991 
64 3129793 
64 2012426 
64 5807279 
64 4266424 
64 4419172 
64 5429803 
64 2947904 
64 6095474 
64 2520424 
64 5252230 
64 4111222 
64 7496038 
64 3553190 
64 3918510 
64 4168888 
64 3190762 
64 3844247 
64 3722599 
64 2964106 
64 6653617 
64 3277953 
64 2185772 
64 4267538 
64 3777007 
64 5015019 
64 4122811 
64 2738352 
64 4322410 
64 5081832 
64 2194491 
64 5376069 
64 4395228 
64 3357805 
64 5972073 
64 4539667 
64 1876510 
64 3615627 
64 4044830 
64 4354789 
64 3504303 
64 5180294 
64 4188460 
64 3331698 
64 3677498 
64 2996073 
64 6410730 
64 3114366 
64 2858876 
64 5679361 
64 3142889 
64 2093822 
64 6911299 
64 1474206 
64 3128970 
64 6099641 
64 3151261 
64 3948235 
64 8176755 
64 3398851 
64 2451537 
64 3249735 
64 3882764 
64 3023748 
64 5798753 
64 4425910 
64 2820623 
64 4214463 
64 4508685 
64 4512082 
64 4319683 
64 3572811 
64 3681263 
64 2329527 
64 2437634 
64 3018139 
64 2385903 
64 3123293 
64 4223841 
64 4993669 
64 2443185 
64 2892917 
64 5458266 
64 4112217 
64 4677569 
64 2300692 
64 3339675 
64 1883538 
64 3114260 
64 5435853 
64 3854478 
64 2308601 
64 3319053 
64 2807349 
64 4144938 
64 2410924 
64 2831685 
64 2885560 
64 2137661 
64 6068305 
64 5235832 
64 2239232 
64 3513021 
64 2720316 
64 3650655 
64 2457240 
64 4359068 
64 3682843 
64 2273721 
64 5871812 
64 3088636 
64 1925081 
64 2940236 
64 4046709 
64 7171253 
64 4294580 
64 4227075 
64 4910886 
64 3514697 
64 5951656 
64 4482003 
64 4424756 
64 4042154 
64 3842962 
64 1844906 
64 5088487 
64 8485074 
64 3608043 
64 2800242 
64 2428824 
64 3171671 
64 4554712 
64 3058906 
64 4273358 
64 2992350 
64 3641122 
64 3457304 
64 4525695 
64 2977866 
64 2482273 
64 4348644 
64 5774410 
64 4111257 
64 3124870 
64 2673553 
64 5636497 
64 4049100 
64 7233293 
64 5834309 
64 3533661 
64 1892915 
64 3862648 
64 6504591 
64 6399987 
64 3242326 
64 6276475 
64 5800295 
64 3432456 
64 8349373 
64 4395808 
64 4803236 
64 4066508 
64 2944347 
64 2324171 
64 5067374 
64 2058718 
64 1587435 
64 4670167 
64 3011972 
64 2155177 
64 4276048 
64 7596593 
64 5274591 
64 4282454 
64 2719148 
64 4112845 
64 4835788 
64 4091700 
64 7499402 
64 3963245 
64 2610199 
64 4053777 
64 5087859 
64 3389121 
64 5621863 
64 1493890 
64 4591535 
64 2263638 
64 6346512 
64 4141884 
64 2826975 
64 6235026 
64 4924628 
64 2101446 
64 4191194 
64 3316821 
64 2691271 
64 4369186 
64 2970477 
64 5754087 
64 4279454 
64 2405071 
64 2479841 
64 6695539 
64 5048789 
64 4865021 
64 2561476 
64 3998568 
64 2877371 
64 2710921 
64 6424074 
64 3557155 
64 3035512 
64 1800261 
64 2930352 
64 3535636 
64 3462329 
64 3967809 
64 2895984 
64 5667477 
64 3912318 
64 3905381 
64 2913129 
64 4275781 
64 3742355 
64 4516101 
64 1755329 
64 4408036 
64 4261861 
64 2146119 
64 4893745 
64 1817788 
64 3009584 
64 2250552 
64 5842472 
64 5496496 
64 3633286 
64 4836830 
64 5150160 
64 7452531 
64 3343809 
64 3034827 
64 3588698 
64 7092815 
64 3476118 
64 2365137 
64 5776372 
64 2088937 
64 2436237 
64 4140868 
64 4852799 
64 5234635 
64 3218227 
64 3373679 
64 3456486 
64 2901254 
64 2735806 
64 6333730 
64 8519328 
64 3055456 
64 4787333 
64 2989891 
64 2045230 
64 6390387 
64 3238137 
64 6440896 
64 5432450 
64 2644705 
64 2666376 
64 3529032 
64 3433115 
64 4216839 
64 4630161 
64 4218632 
64 3923458 
64 2730582 
64 4804828 
64 4673673 
64 5246729 
64 5787588 
64 3048941 
64 3249519 
64 4467934 
64 3732632 
64 4984572 
64 4964933 
64 3439806 
64 2369674 
64 2502301 
64 5106105 
64 3431159 
64 3408274 
64 2966544 
64 6763988 
64 2906112 
64 4280342 
64 2710770 
64 2944943 
64 2479520 
64 4408005 
64 4533569 
64 6263772 
64 2608893 
64 5000944 
64 4842097 
64 2785381 
64 2922074 
64 3711643 
64 2153092 
64 4534266 
64 3141452 
64 5577170 
64 4919057 
64 3462527 
64 2747505 
64 3530686 
64 4527776 
64 2169568 
64 2236064 
64 2923728 
64 2457924 
64 2908340 
64 5110950 
64 6164421 
64 4418762 
64 4810996 
64 2542142 
64 1623555 
64 1437731 
64 3661649 
64 4835937 
64 3201852 
64 4486189 
64 4280615 
64 2954967 
64 3953359 
64 5261539 
64 5875369 
64 3308818 
64 2602345 
64 1810596 
64 3025762 
64 4009476 
64 4137613 
64 2577528 
64 4092818 
64 3572855 
64 4821508 
64 3111087 
64 3387739 
64 5124263 
64 3559633 
64 5639795 
64 4356904 
64 4930098 
64 4523047 
64 2987818 
64 4658622 
64 4819005 
64 8244986 
64 5716539 
64 3154282 
64 3311860 
64 4562574 
64 3173047 
64 2207064 
64 4184668 
64 3300583 
64 2233870 
64 3386776 
64 2789144 
64 1547732 
64 3709325 
64 3125027 
64 8682434 
64 4340822 
64 6075300 
64 3424496 
64 4843826 
64 2709355 
64 6387593 
64 1843400 
64 4722757 
64 3831615 
64 2321837 
64 5994313 
64 3939200 
64 4103654 
64 3602294 
64 3457821 
64 3980232 
64 6467827 
64 4096787 
64 8012897 
64 2174813 
64 6062000 
64 3989127 
64 2754053 
64 5009627 
64 3136350 
64 3043280 
64 3752855 
64 7610877 
64 3873382 
64 3595570 
64 4177880 
64 2828720 
64 3639437 
64 2184788 
64 4994804 
64 3350860 
64 3564686 
64 2620001 
64 4626509 
64 3893102 
64 10124126 
64 6019207 
64 3229815 
64 6911864 
64 3352020 
64 1007726 
64 3732773 
64 3558473 
64 5694473 
64 3511488 
64 6579200 
64 4743704 
64 4521185 
64 3063760 
64 2156718 
64 2935597 
64 2514273 
64 10620189 
64 2589521 
64 3478563 
64 3234622 
64 3680908 
64 2422541 
64 2859900 
64 4261603 
64 7683765 
64 6517021 
64 5393782 
64 6645626 
64 3526028 
64 3647932 
64 4310870 
64 3514056 
64 2465967 
64 2355878 
64 4604505 
64 4807893 
64 2824709 
64 1790561 
64 4907223 
64 2926937 
64 5034525 
64 3432752 
64 4296300 
64 3535742 
64 4632671 
64 3390356 
64 8985984 
64 4228037 
64 5214001 
64 2241662 
64 3487007 
64 5433496 
64 1833438 
64 6169912 
64 5713343 
64 3129634 
64 5955477 
64 5622079 
64 2601822 
64 3696242 
64 2384450 
64 3109595 
64 5659444 
64 3238719 
64 2520627 
64 3389630 
64 4510153 
64 4196043 
64 3242058 
64 3455529 
64 2905530 
64 2066308 
64 5096173 
64 5495485 
64 4496246 
64 3669483 
64 4570247 
64 6737045 
64 3942393 
64 2525462 
64 4090279 
64 2999539 
64 5429816 
64 2126916 
64 3047987 
64 4745686 
64 3909819 
64 5547497 
64 2588300 
64 4574497 
64 6143508 
64 5226164 
64 2639016 
64 5064731 
64 4367337 
64 5776447 
64 4424917 
64 5895742 
64 2672139 
64 2564816 
64 3141634 
64 5041917 
64 1754022 
64 2732393 
64 5787559 
64 5207578 
64 2667352 
64 2571021 
64 4073206 
64 3415582 
64 4707630 
64 2956346 
64 2995828 
64 3095170 
64 2417682 
64 7273749 
64 4005436 
64 3558693 
64 2421932 
64 2155620 
64 3675059 
64 2840695 
64 1859149 
64 3086529 
64 5882839 
64 4937404 
64 3315374 
64 5933216 
64 6758360 
64 2816671 
64 4221168 
64 3186698 
64 2869688 
64 1145902 
64 3648029 
64 3572527 
64 3184614 
64 5165720 
64 3389688 
64 2620321 
64 6056507 
64 3648420 
64 6440463 
64 3078889 
64 2321738 
64 3174400 
64 4504599 
64 2043836 
64 3695409 
64 3110834 
64 2478825 
64 5232961 
64 4762335 
64 2883051 
64 4247757 
64 4570963 
64 4092679 
64 3756148 
64 4124586 
64 3956675 
64 5431609 
64 4416785 
64 3247041 
64 3389080 
64 5132519 
64 4273470 
64 4682164 
64 3022216 
64 2116420 
64 1253983 
64 5868636 
64 3184127 
64 2228801 
64 6138768 
64 6264057 
64 2725149 
64 5086908 
64 2773257 
64 6374225 
64 3404873 
64 2355524 
64 2451020 
64 4803623 
64 4957230 
64 2500237 
64 3616735 
64 3495720 
64 5072472 
64 4675822 
64 5473214 
64 3034695 
64 4291261 
64 2232740 
64 3455928 
64 2957709 
64 5816033 
64 4715619 
64 2624200 
64 1976687 
64 3808449 
64 8519149 
64 6832773 
64 5743311 
64 6029464 
64 6533110 
64 4022229 
64 2936707 
64 3258355 
64 3753128 
64 3909879 
64 4940472 
64 3310282 
64 5241891 
64 4212628 
64 1975827 
64 2224647 
64 2879287 
64 6708234 
64 5376785 
64 2765059 
64 3868767 
64 3272507 
64 2960146 
64 2895731 
64 4001393 
64 3652202 
64 4654304 
64 4277934 
64 2263720 
64 3660483 
64 8971000 
64 4410402 
64 1907389 
64 5908047 
64 3599205 
64 6127219 
64 3218088 
64 2861309 
64 5386365 
64 3670961 
64 4386981 
64 6027849 
64 6210758 
64 5997517 
64 2805824 
64 3077937 
64 5190952 
64 5597296 
64 3208522 
64 2169742 
64 3875588 
64 3728308 
64 4127049 
64 3537873 
64 2811562 
64 5910373 
64 3472205 
64 5137015 
64 2938138 
64 3634441 
64 2167558 
64 3821055 
64 2579077 
64 2247868 
64 6979161 
64 3513843 
64 2740273 
64 7698184 
64 3398524 
64 6670688 
64 3421343 
64 3860528 
64 3169193 
64 3226471 
64 3986502 
64 2453878 
64 2612165 
64 1663183 
64 4358438 
64 4179717 
64 3483261 
64 2713810 
64 3830006 
64 4625627 
64 1748146 
64 1167038 
64 3473105 
64 4616094 
64 6850474 
64 5576107 
64 4603283 
64 4767569 
64 3724154 
64 4135112 
64 5016158 
64 5348201 
64 5137672 
64 3902057 
64 3463879 
64 4437028 
64 3223518 
64 9058927 
64 5719007 
64 5825387 
64 2460464 
64 3450181 
64 4286549 
64 5092471 
64 3400468 
64 4015757 
64 5179952 
64 3491438 
64 3316786 
64 5140347 
64 3835727 
64 5188718 
64 2476023 
64 4661822 
64 4095393 
64 5742723 
64 4956159 
64 4396819 
64 4501790 
64 1654540 
64 3067089 
64 3312253 
64 3888267 
64 3741505 
64 2255091 
64 5973042 
64 5065068 
64 2090580 
64 5785962 
64 6195036 
64 3873161 
64 4124903 
64 4997639 
64 2904485 
64 6151868 
64 3422130 
64 3340288 
64 4170192 
64 4130857 
64 2962283 
64 8558995 
64 2635165 
64 3904697 
64 5146824 
64 3553414 
64 4512264 
64 4354264 
64 3107925 
64 3974389 
64 3365536 
64 4228088 
64 3510502 
64 3852487 
64 4372180 
64 4230118 
64 4305087 
64 2291729 
64 2522314 
64 3652019 
64 3222174 
64 2922141 
64 2621134 
64 1879640 
64 5170777 
64 4464519 
64 3886305 
64 4070431 
64 5977545 
64 4320808 
64 4073096 
64 4362769 
64 4407883 
64 2271199 
64 4664539 
64 7681576 
64 5063040 
64 3396297 
64 4406243 
64 3815451 
64 3992329 
64 4097016 
64 3688738 
64 2901509 
64 5977343 
64 2541169 
64 4122471 
64 7344502 
64 4972013 
64 6640997 
64 3103865 
64 5532121 
64 3965985 
64 4928624 
64 2846030 
64 2445436 
64 2238878 
64 4413502 
64 3883232 
64 4875593 
64 5287786 
64 2785861 
64 4358336 
64 2207326 
64 3198920 
64 2974112 
64 2406608 
64 3466982 
64 2591663 
64 4269164 
64 3183730 
64 4826262 
64 3181224 
64 5835363 
64 4365667 
64 3127532 
64 4641466 
64 3906719 
