128 1713116 
128 3248487 
128 1401047 
128 1207810 
128 4371134 
128 1959361 
128 1806212 
128 3065037 
128 2060420 
128 4315016 
128 5588551 
128 3209078 
128 4730496 
128 3865256 
128 2885582 
128 1949137 
128 2776386 
128 3237891 
128 2660034 
128 2977113 
128 2241078 
128 1574536 
128 3058921 
128 4814971 
128 5824752 
128 2386734 
128 5357052 
128 1518358 
128 2984650 
128 5020464 
128 3019529 
128 4177532 
128 2392575 
128 3740085 
128 4236039 
128 1049460 
128 3016116 
128 2923841 
128 1498330 
128 7113433 
128 4079081 
128 3109823 
128 3635665 
128 1737561 
128 3121273 
128 4287964 
128 3472800 
128 3154276 
128 1423656 
128 5877009 
128 2369552 
128 2812195 
128 2454574 
128 1756225 
128 5581547 
128 2781260 
128 1931319 
128 6525739 
128 3802616 
128 2603833 
128 6342640 
128 1700140 
128 1501895 
128 6194894 
128 3986408 
128 3120808 
128 5514396 
128 2843760 
128 3225214 
128 1424466 
128 1770572 
128 2413464 
128 8332573 
128 1801578 
128 2058253 
128 4164886 
128 7809225 
128 2603083 
128 1902490 
128 5364013 
128 1248093 
128 1884885 
128 2888142 
128 2862351 
128 2063911 
128 7034546 
128 2656995 
128 1862128 
128 3062070 
128 3818207 
128 7033600 
128 2729602 
128 2805409 
128 3081319 
128 1705136 
128 3007575 
128 3488127 
128 2160842 
128 5210109 
128 3698770 
128 2761460 
128 1113130 
128 2913158 
128 5544553 
128 2602230 
128 2807005 
128 1526620 
128 2338268 
128 3791059 
128 3401488 
128 1356621 
128 1906922 
128 3491098 
128 1595925 
128 3948430 
128 5628860 
128 2699219 
128 4527037 
128 2980064 
128 4388081 
128 3904728 
128 4803046 
128 3704925 
128 3958278 
128 866353 
128 5729704 
128 2632623 
128 2104827 
128 8003107 
128 2993419 
128 5683526 
128 4536105 
128 2757756 
128 2335067 
128 1523780 
128 1765582 
128 3444031 
128 3919863 
128 2033334 
128 1892127 
128 1644935 
128 3886891 
128 3050747 
128 2911435 
128 3053471 
128 3449563 
128 3708500 
128 2270382 
128 2247984 
128 2147314 
128 2819323 
128 5625963 
128 2021283 
128 1805790 
128 4039212 
128 3942043 
128 8447315 
128 5405401 
128 4843030 
128 2036041 
128 2973657 
128 5334917 
128 2088260 
128 1912112 
128 4729153 
128 4275355 
128 2605765 
128 1962399 
128 2053549 
128 3906407 
128 3106356 
128 4178378 
128 2605107 
128 1901832 
128 1656357 
128 3954142 
128 2329618 
128 3362573 
128 2168369 
128 3747603 
128 2633385 
128 1687033 
128 3239141 
128 2027261 
128 2842988 
128 3429350 
128 2423751 
128 1913980 
128 1910095 
128 3837291 
128 3412249 
128 3567293 
128 3173436 
128 1604454 
128 3494538 
128 1583008 
128 4126772 
128 1924158 
128 5900220 
128 2931794 
128 4461243 
128 3085775 
128 3711980 
128 2382419 
128 3163794 
128 5568250 
128 3997616 
128 2454716 
128 3456705 
128 1622758 
128 3092941 
128 1838960 
128 2051238 
128 4160126 
128 2003251 
128 2124070 
128 3233659 
128 2198676 
128 1895301 
128 5098009 
128 5042702 
128 5985603 
128 2084921 
128 3191720 
128 4029278 
128 2005005 
128 2058903 
128 4317371 
128 1651934 
128 2853983 
128 5133837 
128 3008801 
128 4444266 
128 3893047 
128 2989824 
128 1910435 
128 3184024 
128 5229091 
128 3834935 
128 1717459 
128 4323350 
128 3043481 
128 2545241 
128 4192100 
128 1480511 
128 4048224 
128 2854270 
128 2764035 
128 3541701 
128 3473154 
128 3867426 
128 3341655 
128 3888969 
128 3111932 
128 2222922 
128 5451185 
128 2578016 
128 2641064 
128 3351722 
128 1623564 
128 2591580 
128 1611613 
128 2626690 
128 5997059 
128 1549617 
128 1844339 
128 5346819 
128 3784463 
128 2052067 
128 3720997 
128 2886344 
128 3444721 
128 4196457 
128 3300727 
128 1326185 
128 1936859 
128 1035671 
128 2076962 
128 1323061 
128 3566894 
128 2049942 
128 3269112 
128 4405633 
128 2075990 
128 2072230 
128 3986865 
128 4575146 
128 2641170 
128 2017290 
128 4112109 
128 2974796 
128 3549263 
128 3433698 
128 1898134 
128 3469268 
128 3596323 
128 2938526 
128 1768338 
128 4857619 
128 1475872 
128 2349673 
128 1924330 
128 3108737 
128 3906992 
128 2798536 
128 1739392 
128 1774114 
128 4323614 
128 2575125 
128 2104306 
128 2606584 
128 2929207 
128 4664038 
128 2491579 
128 2944370 
128 2749059 
128 2687203 
128 3338705 
128 2979332 
128 2511937 
128 3632626 
128 5213690 
128 2813910 
128 3156095 
128 3018893 
128 2933308 
128 3464603 
128 3045971 
128 2141068 
128 2279139 
128 4122869 
128 3535229 
128 5499628 
128 5286613 
128 4540242 
128 3758386 
128 6050845 
128 1882046 
128 2297135 
128 3788236 
128 2728700 
128 2753233 
128 2300346 
128 2054448 
128 1950043 
128 2467085 
128 5604540 
128 2102698 
128 1920548 
128 2104124 
128 4581152 
128 1910466 
128 1185147 
128 3206786 
128 2459657 
128 2096108 
128 2057205 
128 2900245 
128 5943387 
128 5098075 
128 3157317 
128 3795518 
128 4230157 
128 1698435 
128 2053829 
128 4952250 
128 3087577 
128 2297071 
128 4537463 
128 4188095 
128 1104689 
128 4387360 
128 3451851 
128 2342925 
128 5623572 
128 1633133 
128 3996730 
128 3905851 
128 2700701 
128 4113871 
128 2839324 
128 2667231 
128 2580991 
128 2712744 
128 2752575 
128 1546051 
128 1633291 
128 2855608 
128 3130045 
128 3797340 
128 3294046 
128 2918897 
128 2468279 
128 5160441 
128 1378688 
128 5051145 
128 2897835 
128 4282475 
128 1884560 
128 2669678 
128 1667267 
128 5755773 
128 3240500 
128 2736866 
128 3812695 
128 2331574 
128 3647715 
128 2733115 
128 4644470 
128 5395655 
128 2026974 
128 2553053 
128 2480216 
128 5170343 
128 2384631 
128 2116970 
128 2051709 
128 2243552 
128 1425602 
128 5328824 
128 4250527 
128 4234895 
128 2568406 
128 2455497 
128 6968206 
128 1741179 
128 2791231 
128 2977020 
128 2235172 
128 3102924 
128 6240561 
128 3504187 
128 3342538 
128 4080165 
128 2533696 
128 3565545 
128 4001546 
128 4233034 
128 2240651 
128 2751103 
128 818219 
128 2211610 
128 5499150 
128 2858573 
128 3195351 
128 3648671 
128 1789652 
128 2409471 
128 3071761 
128 4596348 
128 3154098 
128 3741717 
128 2802041 
128 4854204 
128 2041078 
128 1538800 
128 4462517 
128 1841692 
128 2401923 
128 1761380 
128 3849587 
128 7344362 
128 4910740 
128 1622375 
128 1785120 
128 2249373 
128 2364588 
128 5274248 
128 2620665 
128 1747176 
128 4057564 
128 1815908 
128 2873615 
128 2900923 
128 6500616 
128 5199057 
128 4423277 
128 4320998 
128 1410146 
128 3737199 
128 3533594 
128 4162651 
128 3381824 
128 2636464 
128 2478432 
128 4048416 
128 2848101 
128 3827419 
128 3017152 
128 1650873 
128 5102693 
128 1686565 
128 4025186 
128 3478226 
128 2365686 
128 3266187 
128 2248843 
128 3561875 
128 1308850 
128 2987445 
128 3946030 
128 1991921 
128 5707097 
128 3047417 
128 2397036 
128 2562143 
128 2702232 
128 2878934 
128 3975549 
128 5522792 
128 2936867 
128 2574021 
128 2769137 
128 2518876 
128 6644844 
128 6005265 
128 2634350 
128 1467289 
128 4348550 
128 2476160 
128 2324179 
128 2506827 
128 5616009 
128 3454499 
128 1603829 
128 3002121 
128 3989947 
128 3554958 
128 3852857 
128 6612028 
128 2147929 
128 3843443 
128 4608854 
128 2582737 
128 3769293 
128 3709011 
128 1614131 
128 2610180 
128 4470508 
128 1876745 
128 3279066 
128 1948017 
128 3912779 
128 5480765 
128 2293744 
128 1910576 
128 4226680 
128 2180206 
128 2310803 
128 3284077 
128 2672987 
128 3842837 
128 2137541 
128 3744063 
128 1965749 
128 1748023 
128 1200789 
128 3674389 
128 3498673 
128 4963293 
128 3370435 
128 3028823 
128 2964318 
128 3037725 
128 2616582 
128 2530834 
128 2769489 
128 1627275 
128 3058734 
128 5026080 
128 2107020 
128 2791496 
128 3146229 
128 1544007 
128 3785187 
128 2552300 
128 2049028 
128 4010026 
128 3544365 
128 2190935 
128 1552781 
128 2620003 
128 1978308 
128 3289786 
128 6300699 
128 3133992 
128 3447512 
128 3952592 
128 1661225 
128 4216915 
128 3485902 
128 2361703 
128 3419162 
128 3586864 
128 1512088 
128 3300708 
128 2687940 
128 1892843 
128 3363750 
128 5034631 
128 2573579 
128 3250172 
128 3609873 
128 1707902 
128 2886522 
128 2915327 
128 2626945 
128 4222553 
128 1827445 
128 3434709 
128 1707174 
128 2299575 
128 2111335 
128 2820780 
128 3217426 
128 3773450 
128 1135081 
128 1700436 
128 2519280 
128 4327828 
128 6148536 
128 3321536 
128 1586939 
128 4788522 
128 1651829 
128 1922077 
128 2572598 
128 2967491 
128 2030702 
128 3217444 
128 3979346 
128 3886134 
128 2797300 
128 1609274 
128 2071558 
128 1979284 
128 4109844 
128 1623074 
128 3257991 
128 4720383 
128 2194940 
128 2710254 
128 2095095 
128 6737244 
128 1625082 
128 2625254 
128 1455475 
128 1597113 
128 2406258 
128 2156290 
128 2211467 
128 1409128 
128 4021945 
128 2023273 
128 4300993 
128 7057946 
128 3083113 
128 4414643 
128 2033698 
128 3628635 
128 4235566 
128 4490852 
128 5093182 
128 1855693 
128 3282520 
128 3117289 
128 2978664 
128 4676880 
128 1773656 
128 827789 
128 4080277 
128 2570571 
128 3780757 
128 2587413 
128 2742590 
128 4249745 
128 3797572 
128 3824856 
128 1997760 
128 1939942 
128 1734298 
128 3828573 
128 4194720 
128 2653976 
128 7853332 
128 4481089 
128 2887640 
128 1965076 
128 1463005 
128 2313476 
128 2075399 
128 2110642 
128 2835360 
128 2732414 
128 1336765 
128 2952633 
128 4222632 
128 2162625 
128 2876116 
128 1634178 
128 3309464 
128 3598246 
128 2321967 
128 2844098 
128 2359260 
128 3564822 
128 3056695 
128 3555974 
128 2922679 
128 4735647 
128 2965134 
128 2148160 
128 2658716 
128 2447471 
128 2091133 
128 2813169 
128 4112030 
128 4146322 
128 4546315 
128 3330923 
128 2186786 
128 4140968 
128 2297597 
128 2728242 
128 3412829 
128 2719699 
128 2864455 
128 5079899 
128 3044845 
128 2275150 
128 3213439 
128 2064914 
128 892475 
128 5672170 
128 3680419 
128 1975207 
128 1429224 
128 5825133 
128 4153878 
128 2200292 
128 1569364 
128 4002982 
128 3376839 
128 2370692 
128 3647575 
128 6621747 
128 3644095 
128 6059007 
128 5353135 
128 2207654 
128 2446923 
128 1548824 
128 1688803 
128 6416934 
128 3211866 
128 4559733 
128 4544543 
128 1505043 
128 3212541 
128 2227779 
128 2687122 
128 7392292 
128 3345558 
128 4550834 
128 3010508 
128 3958866 
128 4471725 
128 2123316 
128 3008743 
128 2964898 
128 2218540 
128 1637810 
128 1739291 
128 2348169 
128 1850580 
128 3880291 
128 4146009 
128 2275839 
128 1186389 
128 2993534 
128 1555786 
128 4272926 
128 1179415 
128 2568338 
128 2641725 
128 2096279 
128 5219434 
128 3764233 
128 5538750 
128 7619032 
128 4524874 
128 3851734 
128 3922421 
128 3710168 
128 4110808 
128 1844204 
128 2686176 
128 2561678 
128 4355657 
128 2071231 
128 4026928 
128 2363472 
128 2769265 
128 4476470 
128 3224022 
128 1952524 
128 7036095 
128 4201098 
128 3143216 
128 2786954 
128 2401046 
128 1917202 
128 2016944 
128 3441200 
128 2140007 
128 4710783 
128 4043051 
128 2919565 
128 4383391 
128 1997872 
128 4577451 
128 2645476 
128 1534490 
128 2326293 
128 1682769 
128 4002648 
128 1771657 
128 2070317 
128 2772615 
128 2380202 
128 5224545 
128 2213351 
128 3964277 
128 2883913 
128 1438435 
128 2625775 
128 2308580 
128 5287313 
128 5723682 
128 3969685 
128 2788470 
128 1609181 
128 1330590 
128 3616189 
128 3976537 
128 2469630 
128 3261474 
128 1683281 
128 3966455 
128 2069020 
128 4473373 
128 1787357 
128 2412199 
128 3816257 
128 5500976 
128 2597664 
128 3204014 
128 3592086 
128 2118814 
128 4139114 
128 1990411 
128 3997402 
128 5844132 
128 3588824 
128 2068656 
128 4841187 
128 1948144 
128 3831051 
128 3572868 
128 1777210 
128 3776894 
128 3733763 
128 1897777 
128 2145227 
128 1321921 
128 2701103 
128 2509632 
128 2983212 
128 5191036 
128 2928134 
128 2333196 
128 3920384 
128 1929545 
128 2389238 
128 1641863 
128 3604957 
128 2511026 
128 2839154 
128 3118279 
128 4029935 
128 1839719 
128 3296519 
128 2284857 
128 3836131 
128 1523483 
128 2523526 
128 2389800 
128 1730743 
128 1643916 
128 5790790 
128 4343184 
128 3739013 
128 2333629 
128 3764401 
128 1999997 
128 1738557 
128 5946930 
128 3866814 
128 2042586 
128 3039080 
128 4631933 
128 3884737 
128 2294862 
128 1960215 
128 2514940 
128 3366204 
128 1941442 
128 2245023 
128 3866878 
128 2438286 
128 2103231 
128 1676353 
128 1847503 
128 4527031 
128 1137169 
128 1473988 
128 3007483 
128 2309749 
128 2597344 
128 2049301 
128 2734898 
128 1799278 
128 5167031 
128 2481226 
128 2906675 
128 5525657 
128 1763635 
128 934328 
128 3315018 
128 2502782 
128 2940769 
128 4076052 
128 4177481 
128 5799943 
128 4237427 
128 8861087 
128 3038274 
128 3026532 
128 2996425 
128 1934448 
128 3017330 
128 2586614 
128 3426028 
128 3259871 
128 6014224 
128 4282195 
128 2288787 
128 4312273 
128 2220926 
128 3738484 
128 5448217 
128 2812013 
128 1711972 
128 2888481 
128 2297261 
128 2068175 
128 3690139 
128 6561536 
128 4463074 
128 3622545 
128 5864566 
128 4016306 
128 2509996 
128 1827832 
128 2817896 
128 2318241 
128 3108199 
128 2758684 
128 2228268 
128 3670174 
128 2533591 
128 2822658 
128 2789783 
128 5479534 
128 4045973 
128 2502424 
128 8277806 
128 2622366 
128 2520192 
128 3689338 
128 2434993 
128 4786338 
128 3328538 
128 2862809 
128 1391781 
128 1690951 
128 3031474 
128 5667440 
128 2643266 
128 2334287 
128 3701297 
128 3157791 
128 6292816 
128 2852399 
128 4379959 
128 3522703 
128 1116428 
128 2326537 
128 1915113 
128 1768572 
128 3008456 
128 2927399 
128 2631450 
128 2437354 
128 2324984 
128 1376181 
128 3538935 
128 4117903 
128 4186990 
128 3433508 
128 1357215 
128 3135111 
128 3878275 
128 4221258 
128 2634197 
128 3795828 
128 2746668 
128 4541330 
128 2546129 
128 4436853 
128 3716704 
128 1672994 
128 5000961 
128 4183157 
128 2779932 
128 6137921 
128 2081690 
128 3103913 
128 2926560 
128 3834171 
128 2582971 
128 1655457 
128 4473125 
128 3271902 
128 5615376 
128 1536979 
128 4327655 
128 2471339 
128 4162202 
128 4173382 
128 2843648 
128 3785093 
128 3006959 
128 2382599 
128 1975419 
128 2697419 
128 2096161 
128 4657215 
128 2679515 
128 2075260 
128 2898032 
128 2614403 
128 2481138 
128 2200098 
128 2345523 
128 3017091 
128 2661751 
128 6683321 
128 2955953 
128 2959900 
128 2553952 
128 3543738 
128 1516046 
128 1587332 
128 2327303 
128 3070737 
128 2729219 
128 2692678 
128 2212918 
128 1701739 
128 1733747 
128 4259855 
128 1420268 
128 5203635 
128 3156654 
128 2836795 
128 4958460 
128 2567125 
128 2473111 
128 2526215 
128 4185523 
128 3749711 
128 3185265 
128 5019827 
128 2625258 
128 2384846 
128 2559457 
128 2978224 
128 2784986 
128 3210090 
128 2050934 
128 2633595 
128 3079701 
128 4210653 
128 5689415 
128 3364836 
128 3218526 
128 5863041 
128 2195046 
128 4843432 
128 3163427 
128 2216087 
128 3680596 
128 3089593 
128 3245577 
128 3089000 
128 2792429 
128 2488093 
128 1758410 
128 3607017 
128 1574042 
128 3908824 
128 2161689 
128 1700814 
128 2469389 
128 2734573 
128 1914117 
128 2561216 
128 4843919 
128 3345807 
128 5638564 
128 4049618 
128 5234819 
128 2076281 
128 4177756 
128 4376170 
128 2248358 
128 4475893 
128 4023110 
128 2497707 
128 1934943 
128 1266780 
128 1549616 
128 1196261 
128 1511771 
128 2873245 
128 3426673 
128 2464731 
128 4785634 
128 2921067 
128 3316688 
128 3077452 
128 4746764 
128 1805498 
128 2667704 
128 4064893 
128 1452341 
128 2513787 
128 2040770 
128 1890591 
128 3957232 
128 1843854 
128 2015354 
128 1746450 
128 4832378 
128 2392019 
128 1956112 
128 4363171 
128 3904270 
128 2149765 
128 2286542 
128 2251600 
128 1887251 
128 4667901 
128 2471322 
128 3598176 
128 3697883 
128 2051837 
128 3242575 
128 3553854 
128 1633101 
128 2638188 
128 4041079 
