2048 2881239 
2048 5122943 
2048 5343644 
2048 3012057 
2048 3259591 
2048 2838561 
2048 2731759 
2048 2698316 
2048 5473054 
2048 7011271 
2048 5604700 
2048 5019435 
2048 4298076 
2048 4857906 
2048 7061876 
2048 5345215 
2048 4809001 
2048 5149281 
2048 7295437 
2048 3498327 
2048 6676502 
2048 8280563 
2048 7820186 
2048 7145893 
2048 4764906 
2048 3513951 
2048 2357747 
2048 6136447 
2048 9239575 
2048 7258807 
2048 3041741 
2048 8762486 
2048 4101774 
2048 8664864 
2048 4734397 
2048 3096295 
2048 6744690 
2048 3091047 
2048 5466859 
2048 2063538 
2048 2608694 
2048 3499580 
2048 4162266 
2048 6823849 
2048 4815056 
2048 4926086 
2048 5090819 
2048 4995561 
2048 1319256 
2048 9090634 
2048 6632462 
2048 2445833 
2048 2542091 
2048 3516404 
2048 2491518 
2048 4384731 
2048 3527711 
2048 5074367 
2048 3356083 
2048 6686454 
2048 4457478 
2048 7253503 
2048 6245953 
2048 6357728 
2048 4919790 
2048 4421319 
2048 2737276 
2048 3636136 
2048 2988140 
2048 5228311 
2048 2959742 
2048 4471031 
2048 2384701 
2048 3122286 
2048 4562556 
2048 2731762 
2048 4799301 
2048 4565358 
2048 3099185 
2048 1978584 
2048 4950460 
2048 4426654 
2048 4680084 
2048 6571050 
2048 4698832 
2048 3370691 
2048 3294812 
2048 3187140 
2048 3252014 
2048 6605419 
2048 7007730 
2048 3973813 
2048 4291832 
2048 6603410 
2048 4902435 
2048 3637462 
2048 8013794 
2048 6410992 
2048 5091368 
2048 4256942 
2048 4657090 
2048 4550643 
2048 5016188 
2048 6034825 
2048 4877817 
2048 3370129 
2048 4842785 
2048 5783597 
2048 2826681 
2048 2726278 
2048 6048185 
2048 2029576 
2048 2562098 
2048 4556003 
2048 4888947 
2048 3031272 
2048 6518367 
2048 5157124 
2048 4624782 
2048 2771274 
2048 4440643 
2048 6239189 
2048 3537864 
2048 5225434 
2048 2790499 
2048 5435165 
2048 2841209 
2048 4959254 
2048 3431596 
2048 3261576 
2048 3444525 
2048 6554463 
2048 4179478 
2048 3818295 
2048 3242786 
2048 2959028 
2048 9719374 
2048 5378542 
2048 7521609 
2048 4281156 
2048 3347337 
2048 3369572 
2048 6769878 
2048 6529115 
2048 3632293 
2048 2534930 
2048 4392876 
2048 6332807 
2048 5048913 
2048 1983925 
2048 6430431 
2048 5018920 
2048 5410738 
2048 7028912 
2048 4548807 
2048 5440920 
2048 3149182 
2048 2852755 
2048 3454979 
2048 2005134 
2048 5074452 
2048 3743898 
2048 3443092 
2048 5622142 
2048 4672871 
2048 2052753 
2048 6221374 
2048 4395827 
2048 4862227 
2048 6182358 
2048 3231196 
2048 6253945 
2048 3013108 
2048 6364609 
2048 4867427 
2048 7262163 
2048 4787237 
2048 5180949 
2048 4472946 
2048 3538730 
2048 4820405 
2048 4150699 
2048 3288883 
2048 7351997 
2048 3800570 
2048 3333414 
2048 5848546 
2048 4993256 
2048 6396404 
2048 4327575 
2048 2585350 
2048 5788205 
2048 6397621 
2048 2200329 
2048 6424550 
2048 4500724 
2048 3542383 
2048 7484608 
2048 5220350 
2048 2267174 
2048 4886662 
2048 5221941 
2048 4686802 
2048 4847023 
2048 6961140 
2048 4850502 
2048 3358224 
2048 4062783 
2048 3324436 
2048 7888369 
2048 3880629 
2048 3440136 
2048 7329680 
2048 3369364 
2048 2710439 
2048 6891048 
2048 1605468 
2048 3115238 
2048 6502273 
2048 2925843 
2048 5424527 
2048 8175358 
2048 4634620 
2048 3402331 
2048 3760017 
2048 4271732 
2048 3835502 
2048 6777889 
2048 5678212 
2048 3311201 
2048 4821979 
2048 4681475 
2048 4789953 
2048 4921726 
2048 3672822 
2048 3694767 
2048 3475038 
2048 2544357 
2048 3373786 
2048 2462028 
2048 3595731 
2048 4811993 
2048 4663162 
2048 2951752 
2048 3364723 
2048 7312465 
2048 4580601 
2048 4931804 
2048 2660162 
2048 3737926 
2048 2101050 
2048 3470689 
2048 6240520 
2048 4680444 
2048 2455468 
2048 3587080 
2048 3045769 
2048 5170023 
2048 3035645 
2048 2876463 
2048 3597111 
2048 2288249 
2048 7685878 
2048 6325079 
2048 3081884 
2048 3950640 
2048 4068708 
2048 3686203 
2048 2467642 
2048 5474589 
2048 4122772 
2048 2175136 
2048 6011316 
2048 3366017 
2048 1871324 
2048 3085110 
2048 4293056 
2048 7052395 
2048 4352743 
2048 4371728 
2048 5219342 
2048 3766652 
2048 5997464 
2048 4888550 
2048 4569429 
2048 4559449 
2048 4562279 
2048 2709534 
2048 5205828 
2048 9266595 
2048 3686485 
2048 2951592 
2048 2759628 
2048 3261384 
2048 5205140 
2048 4305346 
2048 5340068 
2048 3480966 
2048 4852463 
2048 4956168 
2048 4902279 
2048 3311025 
2048 3084598 
2048 4550906 
2048 6121319 
2048 4156061 
2048 3211052 
2048 2640765 
2048 6857041 
2048 4789609 
2048 6667862 
2048 6219096 
2048 3586674 
2048 1894157 
2048 4150495 
2048 6804621 
2048 6852465 
2048 3548756 
2048 6758865 
2048 6575800 
2048 4011901 
2048 9539800 
2048 5703610 
2048 7220007 
2048 4326447 
2048 3205166 
2048 2487366 
2048 5229029 
2048 3074056 
2048 2441913 
2048 5617792 
2048 3448995 
2048 2342859 
2048 4893960 
2048 9334251 
2048 5936439 
2048 4232457 
2048 2736985 
2048 4584304 
2048 5652258 
2048 4535627 
2048 8357401 
2048 4019693 
2048 2710613 
2048 5328178 
2048 4812537 
2048 3646309 
2048 6420135 
2048 1929315 
2048 4518138 
2048 2444849 
2048 7408375 
2048 4417451 
2048 2955510 
2048 6853786 
2048 5131138 
2048 2611375 
2048 4720818 
2048 4645824 
2048 2717760 
2048 5140793 
2048 3191262 
2048 6762146 
2048 5003700 
2048 2603367 
2048 2570108 
2048 7630057 
2048 4934631 
2048 4953953 
2048 5674154 
2048 4229834 
2048 2985291 
2048 3568194 
2048 6687795 
2048 4908968 
2048 3311503 
2048 2409938 
2048 3060082 
2048 4500235 
2048 4036400 
2048 4195029 
2048 3034359 
2048 7056725 
2048 4375690 
2048 4258358 
2048 2770170 
2048 4517576 
2048 3829490 
2048 4605105 
2048 1764628 
2048 5199434 
2048 4132712 
2048 2937636 
2048 5630193 
2048 2092824 
2048 3158012 
2048 3164599 
2048 6240349 
2048 7322142 
2048 3987173 
2048 6088124 
2048 5824676 
2048 7293214 
2048 3533850 
2048 3664635 
2048 4627064 
2048 7317053 
2048 3384505 
2048 3063755 
2048 6787710 
2048 2654889 
2048 2576818 
2048 5326794 
2048 5988545 
2048 6362895 
2048 3302563 
2048 3845119 
2048 3415698 
2048 3196886 
2048 2833982 
2048 7258959 
2048 10875284 
2048 4250546 
2048 4783957 
2048 3280312 
2048 2099526 
2048 7276060 
2048 3376300 
2048 6395389 
2048 5851956 
2048 3078518 
2048 2770920 
2048 3427696 
2048 3201118 
2048 4401681 
2048 4668784 
2048 5222065 
2048 4103629 
2048 3250077 
2048 6134582 
2048 5030239 
2048 5234593 
2048 6606235 
2048 3194528 
2048 3694444 
2048 4847408 
2048 3899988 
2048 5125251 
2048 5197111 
2048 3928085 
2048 2607464 
2048 2700787 
2048 5072153 
2048 4176642 
2048 3380847 
2048 3087034 
2048 8512194 
2048 3282835 
2048 4175870 
2048 2980160 
2048 3262083 
2048 2385467 
2048 5627598 
2048 4910537 
2048 7024324 
2048 2786149 
2048 5067131 
2048 6596926 
2048 3257267 
2048 3461046 
2048 3729892 
2048 2643711 
2048 4409463 
2048 4218190 
2048 5769924 
2048 6002241 
2048 3975138 
2048 3378368 
2048 3864980 
2048 4063492 
2048 2900608 
2048 2525640 
2048 3305639 
2048 2345661 
2048 3125319 
2048 6519781 
2048 6512309 
2048 5165260 
2048 4853396 
2048 2957890 
2048 1865963 
2048 2174535 
2048 3362390 
2048 5395824 
2048 3333541 
2048 5970392 
2048 4363840 
2048 3284169 
2048 4406348 
2048 6561174 
2048 5570688 
2048 3827009 
2048 2790770 
2048 2286310 
2048 3104947 
2048 4256593 
2048 4893479 
2048 3369662 
2048 4158442 
2048 4838206 
2048 4797113 
2048 3370884 
2048 3775600 
2048 5194767 
2048 4006463 
2048 6600578 
2048 4863249 
2048 5252915 
2048 4676854 
2048 3998862 
2048 4940403 
2048 5125055 
2048 9558977 
2048 6781093 
2048 3034486 
2048 4306298 
2048 4640700 
2048 4433844 
2048 2442977 
2048 4453308 
2048 3146763 
2048 2217514 
2048 3559132 
2048 3014824 
2048 1695527 
2048 4699512 
2048 3336445 
2048 8993106 
2048 4818578 
2048 6526289 
2048 3344011 
2048 5240827 
2048 3181247 
2048 7596511 
2048 1775672 
2048 6346466 
2048 3866151 
2048 2699377 
2048 5963660 
2048 5136748 
2048 4373455 
2048 4532744 
2048 3503373 
2048 4620212 
2048 6373508 
2048 5507278 
2048 9179098 
2048 2374285 
2048 6337906 
2048 3996760 
2048 2711561 
2048 5569104 
2048 3800939 
2048 3234284 
2048 4627716 
2048 8710644 
2048 4389480 
2048 3904211 
2048 4082175 
2048 3366025 
2048 3622070 
2048 2419003 
2048 5862504 
2048 4055575 
2048 4252323 
2048 3129245 
2048 4436914 
2048 4745455 
2048 10579502 
2048 5878435 
2048 3335834 
2048 7461953 
2048 3511118 
2048 1144266 
2048 4607185 
2048 4646386 
2048 6103162 
2048 3474030 
2048 7804426 
2048 6021471 
2048 4893073 
2048 3529267 
2048 2551710 
2048 2990342 
2048 3082101 
2048 11973478 
2048 2759832 
2048 4759915 
2048 3753150 
2048 4974695 
2048 3068060 
2048 3810331 
2048 4491328 
2048 8799907 
2048 6822929 
2048 5535256 
2048 6562221 
2048 4988404 
2048 4093958 
2048 4770093 
2048 4095211 
2048 3532421 
2048 2564375 
2048 4750108 
2048 5006507 
2048 4254158 
2048 2019542 
2048 5676448 
2048 3565182 
2048 4778915 
2048 3936122 
2048 4534748 
2048 4853486 
2048 4462295 
2048 3590766 
2048 9134093 
2048 4324426 
2048 5533854 
2048 3294522 
2048 3869842 
2048 6286251 
2048 2157799 
2048 6972555 
2048 6732718 
2048 3386692 
2048 6630081 
2048 6821951 
2048 2634852 
2048 4029513 
2048 3476229 
2048 3070347 
2048 6848417 
2048 4147143 
2048 3555244 
2048 3330930 
2048 6057047 
2048 5030836 
2048 3582106 
2048 3269718 
2048 2903913 
2048 1985427 
2048 5678722 
2048 5986092 
2048 5196661 
2048 4112358 
2048 5263946 
2048 7813050 
2048 4354183 
2048 2441069 
2048 4246226 
2048 3048140 
2048 6701595 
2048 2544904 
2048 3084497 
2048 4758162 
2048 4435411 
2048 6707459 
2048 3389922 
2048 5025571 
2048 6453224 
2048 5156762 
2048 2870477 
2048 5914968 
2048 4871827 
2048 6368653 
2048 4707485 
2048 6504856 
2048 3387061 
2048 2896835 
2048 3420138 
2048 5715868 
2048 2003189 
2048 3532897 
2048 6093778 
2048 5243564 
2048 2676615 
2048 2854782 
2048 4344644 
2048 3351936 
2048 5180557 
2048 3374141 
2048 3105865 
2048 3364503 
2048 2444506 
2048 8591011 
2048 4492566 
2048 3563096 
2048 2534144 
2048 2917801 
2048 4384291 
2048 3358416 
2048 3207189 
2048 3084102 
2048 6772905 
2048 4937659 
2048 3308392 
2048 6826647 
2048 7996766 
2048 3122265 
2048 4975577 
2048 4178090 
2048 3190292 
2048 1214564 
2048 4175524 
2048 4732968 
2048 3643384 
2048 5651183 
2048 3365346 
2048 2780984 
2048 7444623 
2048 4283580 
2048 7716653 
2048 3199552 
2048 2309441 
2048 4342749 
2048 4415860 
2048 2284802 
2048 3856312 
2048 3523566 
2048 3391426 
2048 5708763 
2048 4800023 
2048 3192880 
2048 4798735 
2048 4617535 
2048 5285257 
2048 3612078 
2048 4112335 
2048 4526922 
2048 6427641 
2048 4639440 
2048 4192279 
2048 3826615 
2048 5698444 
2048 4893864 
2048 4745162 
2048 3249457 
2048 2352208 
2048 1377245 
2048 5893412 
2048 3872308 
2048 2164707 
2048 6302076 
2048 6308212 
2048 3058533 
2048 6761490 
2048 3257850 
2048 6084203 
2048 4282461 
2048 2602643 
2048 2591725 
2048 5178949 
2048 4808794 
2048 2469549 
2048 4335507 
2048 3705188 
2048 6224344 
2048 4629743 
2048 5390305 
2048 3399056 
2048 4493465 
2048 2619207 
2048 3907588 
2048 2918869 
2048 6459831 
2048 4485286 
2048 2605813 
2048 1953359 
2048 4556410 
2048 8493269 
2048 7870672 
2048 6478968 
2048 6757660 
2048 7088540 
2048 4095566 
2048 3351995 
2048 3379645 
2048 4196069 
2048 4922963 
2048 5171087 
2048 3596069 
2048 6815817 
2048 4822169 
2048 2178813 
2048 2349011 
2048 3625183 
2048 7384679 
2048 6158481 
2048 2771466 
2048 5098906 
2048 4710394 
2048 3523918 
2048 2982304 
2048 5159461 
2048 3885624 
2048 3809112 
2048 4628562 
2048 2361848 
2048 3943491 
2048 9039108 
2048 4424319 
2048 2240800 
2048 6019480 
2048 4221232 
2048 6648161 
2048 3375056 
2048 3409734 
2048 6081315 
2048 3986682 
2048 4816050 
2048 5673743 
2048 6392482 
2048 5911287 
2048 4001933 
2048 3116602 
2048 5499326 
2048 7054886 
2048 3172984 
2048 2269945 
2048 4006963 
2048 4361408 
2048 4713513 
2048 4395349 
2048 3013756 
2048 6797886 
2048 3874855 
2048 5108980 
2048 5981360 
2048 4369154 
2048 3173085 
2048 4249074 
2048 2654337 
2048 2906665 
2048 7517493 
2048 4035225 
2048 2990204 
2048 9828859 
2048 3541638 
2048 6891296 
2048 4381011 
2048 4495662 
2048 3155009 
2048 4174954 
2048 4020656 
2048 2650270 
2048 3001662 
2048 2061964 
2048 4731326 
2048 5009795 
2048 3720548 
2048 2906240 
2048 4751366 
2048 4456708 
2048 1812652 
2048 1816605 
2048 4535639 
2048 5518132 
2048 8523842 
2048 6791025 
2048 4665800 
2048 4933514 
2048 4742699 
2048 4118784 
2048 5494633 
2048 6339999 
2048 5692974 
2048 5171551 
2048 4131799 
2048 4804880 
2048 3252398 
2048 9464415 
2048 6277687 
2048 5584790 
2048 2689599 
2048 3954506 
2048 4643727 
2048 5940956 
2048 3465095 
2048 4304051 
2048 6305591 
2048 4178262 
2048 3440093 
2048 6023112 
2048 4028894 
2048 5987419 
2048 2361845 
2048 5221082 
2048 4736823 
2048 5911412 
2048 5463054 
2048 4733793 
2048 4988330 
2048 2225470 
2048 2832221 
2048 3458405 
2048 4616331 
2048 4663977 
2048 2732098 
2048 6602016 
2048 5758631 
2048 2051794 
2048 6543290 
2048 5883812 
2048 5831239 
2048 4143974 
2048 5308129 
2048 2911063 
2048 6505185 
2048 3676316 
2048 3382550 
2048 5356271 
2048 4966052 
2048 2915469 
2048 8525946 
2048 2496885 
2048 4913509 
2048 5857253 
2048 3608114 
2048 5837626 
2048 4614647 
2048 3327922 
2048 4173544 
2048 3500070 
2048 4406605 
2048 3646307 
2048 3982189 
2048 4451726 
2048 4912909 
2048 4008449 
2048 2619362 
2048 2690686 
2048 3613446 
2048 3522806 
2048 2895130 
2048 2469264 
2048 2284624 
2048 5122499 
2048 4564168 
2048 3992927 
2048 4165471 
2048 6253301 
2048 5605520 
2048 4389638 
2048 5085078 
2048 4612991 
2048 2924327 
2048 4986315 
2048 7725198 
2048 5960357 
2048 4703485 
2048 5261250 
2048 3627879 
2048 3990207 
2048 3907335 
2048 4791193 
2048 3082309 
2048 5984140 
2048 3279520 
2048 4706442 
2048 7744513 
2048 6359519 
2048 7460347 
2048 3457293 
2048 6782091 
2048 4130233 
2048 5619784 
2048 3330257 
2048 2889526 
2048 2406507 
2048 4879919 
2048 3874432 
2048 5640431 
2048 5532823 
2048 2969573 
2048 4354908 
2048 2343072 
2048 3273124 
2048 3035014 
2048 2495019 
2048 3287567 
2048 2559688 
2048 4043747 
2048 3712690 
2048 6143609 
2048 3663798 
2048 6299699 
2048 5102293 
2048 3174823 
2048 5437402 
2048 3894848 
